4501.29	6965.76
4500.4	6923.32
4499.52	7038.1
4498.64	7118.9
4497.75	6820.74
4496.87	6828.03
4495.98	6931.44
4495.1	6788.92
4494.22	6852.73
4493.33	6735.7
4492.45	6839.05
4491.56	6772.9
4490.68	6935.51
4489.79	6801.6
4488.9	6577.41
4488.02	6773.83
4487.13	6724.68
4486.25	6743.26
4485.36	6711.06
4484.47	6647.84
4483.59	6607.2
4482.7	6569.4
4481.81	6590.81
4480.93	6671.4
4480.04	6653.33
4479.15	6660.62
4478.26	6498.89
4477.38	6483.68
4476.49	6544.5
4475.6	6461.71
4474.71	6370.51
4473.83	6507.31
4472.94	6433.01
4472.05	6451.59
4471.16	6360.44
4470.27	6514.03
4469.38	6425.72
4468.49	6472.4
4467.6	6412.23
4466.71	6290.26
4465.82	6376.28
4464.93	6397.64
4464.04	6323.49
4463.15	6401.03
4462.26	6383.07
4461.37	6356.68
4460.48	6358.38
4459.59	6382.54
4458.7	6229.89
4457.81	6397.14
4456.92	6295.04
4456.03	6383.69
4455.14	6208.71
4454.24	6370.25
4453.35	6285.04
4452.46	6185.85
4451.57	6224
4450.68	6337.79
4449.78	6280.66
4448.89	6245.95
4448	6244.86
4447.11	6512.56
4446.21	6315.47
4445.32	6277.98
4444.43	6327.25
4443.53	6334.54
4442.64	6207.55
4441.75	6343.52
4440.85	6258.52
4439.96	6377.65
4439.06	6180.85
4438.17	6367.04
4437.27	6268.12
4436.38	6398.35
4435.48	6425.16
4434.59	6323.49
4433.69	6520.66
4432.8	6273.82
4431.9	6322.97
4431.01	6453.05
4430.11	6426.8
4429.22	6325.24
4428.32	6441.3
4427.42	6529.42
4426.53	6486.45
4425.63	6541.08
4424.73	6489.76
4423.84	6569.46
4422.94	6479.13
4422.04	6466.85
4421.14	6632.87
4420.25	6818.32
4419.35	6460.68
4418.45	6646.09
4417.55	6633.8
4416.65	6666.04
4415.76	6489.55
4414.86	6638.66
4413.96	6631.94
4413.06	6564.03
4412.16	6554.53
4411.26	6650.7
4410.36	6852.47
4409.46	6648.37
4408.56	6775.04
4407.66	6837.76
4406.76	6731
4405.86	6885.36
4404.96	6803.62
4404.06	6844.08
4403.16	6942.82
4402.26	6983.23
4401.36	6943.16
4400.46	6953.04
4399.56	7043.37
4398.66	6953.38
4397.76	7126.87
4396.85	7000.85
4395.95	7107.74
4395.05	7081.55
4394.15	7099.71
4393.25	7212.06
4392.34	7113.84
4391.44	7184.61
4390.54	7427.04
4389.64	7240.23
4388.73	7299.86
4387.83	7290.28
4386.93	7380.32
4386.02	7450.97
4385.12	7336.24
4384.21	7412.4
4383.31	7347.49
4382.41	7553.57
4381.5	7535.66
4380.6	7600.67
4379.69	7557.89
4378.79	7495.78
4377.88	7560.76
4376.98	7609.15
4376.07	7674.09
4375.17	7692.07
4374.26	7734.89
4373.36	7733.53
4372.45	7704.58
4371.54	7791.51
4370.64	7875.66
4369.73	7852.21
4368.82	7881.17
4367.92	7832.91
4367.01	7950.07
4366.1	7882.53
4365.2	7952.79
4364.29	8097.42
4363.38	8197.92
4362.47	7860.47
4361.57	8189.54
4360.66	8072.46
4359.75	8186.66
4358.84	8240.27
4357.93	8249.82
4357.02	8407.95
4356.11	8296.44
4355.21	8245.48
4354.3	8414.52
4353.39	8165.6
4352.48	8260.37
4351.57	8470.55
4350.66	8348.15
4349.75	8261.51
4348.84	8449.6
4347.93	8250.37
4347.02	8504.29
4346.11	8513.78
4345.2	8594.63
4344.29	8582.14
4343.37	8693.14
4342.46	8721.79
4341.55	8555.67
4340.64	8732.43
4339.73	8659.6
4338.82	8721.14
4337.9	8760.72
4336.99	8909.91
4336.08	8727.49
4335.17	8813.63
4334.26	8825.77
4333.34	8665.37
4332.43	8806.24
4331.52	8864.92
4330.6	8882.52
4329.69	8853.59
4328.78	8810.98
4327.86	8940.75
4326.95	8925.5
4326.03	9066.14
4325.12	8966.11
4324.21	8975.46
4323.29	8943.81
4322.38	9125.35
4321.46	9241.24
4320.55	9116.67
4319.63	9183.35
4318.72	9236.35
4317.8	9073.62
4316.88	9339.57
4315.97	9277.87
4315.05	9208.01
4314.14	9340.09
4313.22	9278.42
4312.3	9189.5
4311.39	9395.15
4310.47	9398.94
4309.55	9334.58
4308.63	9414.71
4307.72	9568.39
4306.8	9463.16
4305.88	9507.8
4304.96	9500.68
4304.05	9406.41
4303.13	9421.09
4302.21	9487.49
4301.29	9572.91
4300.37	9563.06
4299.45	9874.28
4298.54	9592.33
4297.62	9441.04
4296.7	9654.21
4295.78	9657.95
4294.86	9705.17
4293.94	9619.2
4293.02	9696.31
4292.1	9887.51
4291.18	9565.21
4290.26	9772.66
4289.34	9860.55
4288.42	9975.56
4287.5	9816.35
4286.57	9695.19
4285.65	9812.88
4284.73	9778.59
4283.81	9822.98
4282.89	9897.19
4281.97	9730.02
4281.04	9918.09
4280.12	9881.1
4279.2	9930.85
4278.28	9836.96
4277.35	9827.09
4276.43	9860.57
4275.51	9912.99
4274.59	10003.3
4273.66	10044.9
4272.74	9758.85
4271.81	10182.1
4270.89	9860.93
4269.97	9986.35
4269.04	9873.68
4268.12	9928.73
4267.19	10010.8
4266.27	10298.3
4265.34	10288.4
4264.42	10275.8
4263.49	10230.7
4262.57	10183
4261.64	10121.7
4260.72	10265.8
4259.79	9991.24
4258.87	10100.2
4257.94	10063.3
4257.01	10056.1
4256.09	10335
4255.16	10168.6
4254.23	10433.8
4253.31	10089.4
4252.38	10338.4
4251.45	10374.3
4250.52	10138
4249.6	10413.8
4248.67	10433.5
4247.74	10477.5
4246.81	10435.2
4245.88	10495.3
4244.96	10423.4
4244.03	10437.7
4243.1	10425.1
4242.17	10423.3
4241.24	10394.5
4240.31	10704.7
4239.38	10544.1
4238.45	10617.6
4237.52	10680.2
4236.59	10506.3
4235.66	10714.1
4234.73	10612.7
4233.8	10629.7
4232.87	10523
4231.94	10762.9
4231.01	10562.2
4230.08	10836.9
4229.15	10663.2
4228.22	10615.7
4227.28	10745.3
4226.35	10684.3
4225.42	10669
4224.49	10782.5
4223.56	10646.5
4222.62	10888.6
4221.69	10862.5
4220.76	10790.9
4219.83	10722
4218.89	10835.3
4217.96	10972.7
4217.03	10927.9
4216.09	10784
4215.16	10779.4
4214.23	10935.4
4213.29	11021.8
4212.36	11070.7
4211.42	11149
4210.49	10898.2
4209.55	10973.9
4208.62	11094.9
4207.68	11050.2
4206.75	11083
4205.81	10958.1
4204.88	11052.3
4203.94	11074.4
4203.01	11069.7
4202.07	11043.7
4201.13	11124.6
4200.2	11341.5
4199.26	11109.9
4198.32	11177.3
4197.39	11068.6
4196.45	11013.3
4195.51	11310.1
4194.58	11121.4
4193.64	11287.4
4192.7	11256.1
4191.76	11224.7
4190.82	11174.8
4189.89	11271.4
4188.95	11373.3
4188.01	11256.7
4187.07	11292
4186.13	11356.5
4185.19	11461
4184.25	11275.3
4183.31	11331.9
4182.37	11383.1
4181.43	11298.6
4180.49	11432.2
4179.55	11440.8
4178.61	11273.9
4177.67	11423.4
4176.73	11394.8
4175.79	11663.9
4174.85	11425.3
4173.91	11704.9
4172.97	11639
4172.03	11544
4171.09	11414.5
4170.14	11439
4169.2	11511.3
4168.26	11506.6
4167.32	11443.5
4166.38	11404.3
4165.43	11434.1
4164.49	11615.1
4163.55	11639.5
4162.6	11587.1
4161.66	11717.5
4160.72	11622.7
4159.77	11580.9
4158.83	11796
4157.89	11664.1
4156.94	11489.9
4156	11654.7
4155.05	11777
4154.11	11827.9
4153.16	11749
4152.22	11683.4
4151.27	11644.3
4150.33	11668.7
4149.38	11901.9
4148.44	11950
4147.49	11680.9
4146.55	11742.3
4145.6	11819.4
4144.65	11957.4
4143.71	11783.5
4142.76	11821
4141.81	11840
4140.87	11742.9
4139.92	11669.5
4138.97	11759.8
4138.03	12032.1
4137.08	11845.3
4136.13	11882.8
4135.18	11862.2
4134.23	12113.2
4133.29	11847.4
4132.34	11950.7
4131.39	11840.5
4130.44	11983.3
4129.49	11954.8
4128.54	11950.1
4127.59	12153.3
4126.64	12019.5
4125.69	11920
4124.74	12141.5
4123.79	11939.4
4122.84	11932
4121.89	12071.9
4120.94	11996.1
4119.99	12086
4119.04	11968.1
4118.09	12076.4
4117.14	11911.3
4116.19	12227.1
4115.24	12062
4114.28	12107.2
4113.33	12078.7
4112.38	12039.8
4111.43	12221.4
4110.48	12109
4109.52	12211.8
4108.57	12112.5
4107.62	12291.4
4106.66	12108.2
4105.71	12197.8
4104.76	12284.8
4103.8	12356
4102.85	12243.7
4101.9	12173.4
4100.94	12262.9
4099.99	12187.3
4099.03	12282.1
4098.08	12256.3
4097.12	12387.7
4096.17	12207.4
4095.21	12485.3
4094.26	12341.7
4093.3	12284.6
4092.35	12217
4091.39	12086.6
4090.44	12147.2
4089.48	12338.5
4088.52	12401.7
4087.57	12352.4
4086.61	12219.5
4085.65	12285.3
4084.7	12168.1
4083.74	12202.5
4082.78	12409.2
4081.82	12388.7
4080.87	12472.6
4079.91	12172.9
4078.95	12233.3
4077.99	12345.9
4077.03	12515.9
4076.08	12417.1
4075.12	12375.8
4074.16	12488.3
4073.2	12645
4072.24	12350.9
4071.28	12549.3
4070.32	12453.2
4069.36	12466.6
4068.4	12412.3
4067.44	12352.8
4066.48	12275.1
4065.52	12473.3
4064.56	12674.1
4063.6	12442.8
4062.64	12383.3
4061.68	12602.2
4060.72	12469.9
4059.75	12670.5
4058.79	12431.6
4057.83	12481.4
4056.87	12562.3
4055.91	12565.2
4054.94	12589
4053.98	12820.5
4053.02	12605.2
4052.06	12545.8
4051.09	12502
4050.13	12798.3
4049.17	12596.1
4048.2	12562.7
4047.24	12902.9
4046.27	12664.6
4045.31	12651.9
4044.35	12615.9
4043.38	12582.6
4042.42	12689.1
4041.45	12624.7
4040.49	12803.8
4039.52	12760
4038.56	12711.1
4037.59	12662.2
4036.63	12675.4
4035.66	12768.9
4034.69	12554.4
4033.73	12728.1
4032.76	13036.3
4031.8	12653.7
4030.83	12871.2
4029.86	12719
4028.89	12706.3
4027.93	12732.5
4026.96	12608.7
4025.99	12833.8
4025.02	12741.1
4024.06	12692.3
4023.09	12842.4
4022.12	12780.7
4021.15	12623.5
4020.18	12732.2
4019.21	13202.1
4018.25	12905.6
4017.28	12882.7
4016.31	12852
4015.34	12929.6
4014.37	12806.1
4013.4	12899.2
4012.43	12907.1
4011.46	12925.4
4010.49	12925.7
4009.52	12874.4
4008.55	12995.7
4007.58	12753.9
4006.6	12857.1
4005.63	12749.3
4004.66	12909.1
4003.69	13027.7
4002.72	12745
4001.75	13064.2
4000.77	12907.5
3999.8	12956.6
3998.83	13031.4
3997.86	12823.4
3996.88	12803.1
3995.91	12859.9
3994.94	12932.1
3993.96	12827
3992.99	12891.5
3992.02	12912.2
3991.04	13061.4
3990.07	13074.4
3989.1	12802.6
3988.12	13154.3
3987.15	13190.4
3986.17	12947
3985.2	12860
3984.22	13006.4
3983.25	13073.3
3982.27	13078.6
3981.3	13165.9
3980.32	12968.8
3979.34	12912.7
3978.37	13033.3
3977.39	13033.5
3976.41	13018.3
3975.44	13039
3974.46	12755.1
3973.48	13159.7
3972.51	13062.6
3971.53	13098.6
3970.55	13267.6
3969.57	12771.7
3968.6	13055.7
3967.62	12910.2
3966.64	12976.9
3965.66	13148.3
3964.68	12985
3963.7	13118
3962.73	13143.7
3961.75	13064.7
3960.77	13113.4
3959.79	13195.3
3958.81	13295
3957.83	13004.3
3956.85	13300.4
3955.87	13050.6
3954.89	13264.9
3953.91	13096.8
3952.93	13239.7
3951.94	13127.8
3950.96	13051.5
3949.98	13105.2
3949	13237.8
3948.02	13202.3
3947.04	13205
3946.06	13301.9
3945.07	13067.8
3944.09	13001.9
3943.11	13327.7
3942.13	13340.6
3941.14	13203.3
3940.16	13412
3939.18	13193.5
3938.19	13046.2
3937.21	13173.4
3936.23	13318.4
3935.24	13206.8
3934.26	13250.1
3933.27	13031.8
3932.29	13214.8
3931.3	13215
3930.32	13019.7
3929.33	13156.9
3928.35	13301.7
3927.36	13408.3
3926.38	13159.9
3925.39	13380.7
3924.41	13464.4
3923.42	13165.4
3922.43	13054
3921.45	13277.2
3920.46	13001.1
3919.47	13204
3918.49	13082.5
3917.5	13229.5
3916.51	13313.2
3915.52	13133.6
3914.54	13278
3913.55	13298.4
3912.56	13341.5
3911.57	13306.2
3910.58	13217.8
3909.6	13293.8
3908.61	13283.8
3907.62	13271.3
3906.63	13256.2
3905.64	13392.8
3904.65	13228.6
3903.66	13302
3902.67	13385.5
3901.68	13266.9
3900.69	13267
3899.7	13395.8
3898.71	13289.9
3897.72	13363.2
3896.73	13550
3895.74	13272.6
3894.74	13381.1
3893.75	13373.7
3892.76	13298.1
3891.77	13250.3
3890.78	13472.2
3889.79	13366.5
3888.79	13517.7
3887.8	13323.8
3886.81	13250.9
3885.81	13341.6
3884.82	13444.9
3883.83	13512.9
3882.83	13236.2
3881.84	13394.8
3880.85	13410
3879.85	13480.5
3878.86	13319.6
3877.86	13354.9
3876.87	13528.4
3875.88	13274.6
3874.88	13405.4
3873.89	13395.4
3872.89	13533.6
3871.89	13280
3870.9	13245
3869.9	13332.9
3868.91	13518.7
3867.91	13451
3866.91	13358.3
3865.92	13491.3
3864.92	13684.5
3863.92	13396.1
3862.93	13378.6
3861.93	13539.1
3860.93	13423.8
3859.93	13461.5
3858.94	13536.7
3857.94	13449.1
3856.94	13381.5
3855.94	13344
3854.94	13461.7
3853.94	13499.3
3852.95	13439.3
3851.95	13366.8
3850.95	13539.5
3849.95	13672.1
3848.95	13727.1
3847.95	13532.1
3846.95	13484.6
3845.95	13467.1
3844.95	13704.6
3843.95	13509.7
3842.95	13484.7
3841.95	13357.4
3840.94	13449.9
3839.94	13529.8
3838.94	13607.2
3837.94	13569.8
3836.94	13557.3
3835.94	13492.5
3834.93	13492.5
3833.93	13527.4
3832.93	13520
3831.93	13604.8
3830.92	13677.1
3829.92	13500.1
3828.92	13505.1
3827.91	13261
3826.91	13530.1
3825.91	13408.1
3824.9	13462.9
3823.9	13438
3822.89	13480.3
3821.89	13617.2
3820.88	13502.8
3819.88	13448.1
3818.87	13589.9
3817.87	13607.3
3816.86	13465.6
3815.86	13644.6
3814.85	13582.4
3813.84	13448.2
3812.84	13587.4
3811.83	13584.9
3810.83	13877.9
3809.82	13721.5
3808.81	13587.4
3807.8	13592.3
3806.8	13525.3
3805.79	13723.8
3804.78	13587.3
3803.77	13512.9
3802.77	13619.6
3801.76	13567.5
3800.75	13555.1
3799.74	13344.4
3798.73	13587.3
3797.72	13527.8
3796.71	13755.7
3795.7	13577.3
3794.69	13614.5
3793.68	13470.9
3792.67	13436.2
3791.66	13381.8
3790.65	13465.9
3789.64	13418.9
3788.63	13574.8
3787.62	13436.3
3786.61	13592
3785.6	13757.7
3784.59	13616.7
3783.58	13554.9
3782.56	13713
3781.55	13465.9
3780.54	13572.2
3779.53	13920.3
3778.52	13391.9
3777.5	13693
3776.49	13594.3
3775.48	13562.2
3774.46	13493.1
3773.45	13880.3
3772.44	13448.7
3771.42	13416.6
3770.41	13608.9
3769.39	13497.9
3768.38	13631
3767.36	13695
3766.35	13549.6
3765.34	13744.2
3764.32	13692.4
3763.3	13559.4
3762.29	13527.4
3761.27	13694.7
3760.26	13542.1
3759.24	13682.3
3758.23	13431.3
3757.21	13487.9
3756.19	13610.8
3755.18	13613.2
3754.16	13293.6
3753.14	13463.2
3752.12	13473.1
3751.11	13593.4
3750.09	13726
3749.07	13654.7
3748.05	13637.5
3747.03	13860.8
3746.02	13625.1
3745	13863.1
3743.98	13627.5
3742.96	13487.6
3741.94	13416.4
3740.92	13683.7
3739.9	13546.3
3738.88	13637
3737.86	13610
3736.84	13700.6
3735.82	13644.2
3734.8	13720
3733.78	13717.5
3732.76	13426
3731.74	13617
3730.71	13714.8
3729.69	13685.4
3728.67	13572.7
3727.65	13633.9
3726.63	13521.3
3725.61	13690
3724.58	13601.9
3723.56	13777.8
3722.54	13587.1
3721.51	13543
3720.49	13511.2
3719.47	13777.4
3718.44	13579.5
3717.42	13533.1
3716.4	13740.5
3715.37	13677
3714.35	13723.3
3713.32	13757.3
3712.3	13698.7
3711.27	13813.2
3710.25	13730.2
3709.22	13574.1
3708.2	13739.8
3707.17	13656.8
3706.15	13486.1
3705.12	13581.1
3704.09	13783.2
3703.07	13817.2
3702.04	13736.8
3701.01	13685.5
3699.99	13831.5
3698.96	13984.7
3697.93	13802.1
3696.9	13699.8
3695.88	13738.6
3694.85	13896.6
3693.82	13585.2
3692.79	13893.9
3691.76	13884
3690.74	13764.8
3689.71	13866.7
3688.68	13745.1
3687.65	13791.2
3686.62	13944
3685.59	13783.6
3684.56	13892.8
3683.53	14035.8
3682.5	13868.2
3681.47	13936
3680.44	14001.4
3679.41	14020.6
3678.38	14030.1
3677.34	14068.8
3676.31	14160.7
3675.28	14192
3674.25	14150.6
3673.22	14206.1
3672.19	14411.8
3671.15	14111.3
3670.12	14382.3
3669.09	14452.2
3668.06	14270.4
3667.02	14488
3665.99	14724.9
3664.96	14739.1
3663.92	14726.7
3662.89	14479.7
3661.85	14820.4
3660.82	14841.8
3659.79	15037.2
3658.75	14819.4
3657.72	14922.9
3656.68	15217.3
3655.65	15115.4
3654.61	15655.9
3653.57	15085.7
3652.54	15478.7
3651.5	15787.2
3650.47	15675.7
3649.43	15914
3648.39	15932.8
3647.36	15814.1
3646.32	16269.2
3645.28	16275.8
3644.25	16224.6
3643.21	16556.6
3642.17	16498.1
3641.13	16851.5
3640.09	16855.6
3639.06	17201.6
3638.02	16926.4
3636.98	17233.8
3635.94	17370.2
3634.9	17381.4
3633.86	17681.3
3632.82	17969
3631.78	17939.2
3630.74	18128.2
3629.7	18406.1
3628.66	18558.9
3627.62	18502.6
3626.58	18734.6
3625.54	18774.4
3624.5	19032.7
3623.46	19173.2
3622.42	19035.2
3621.38	19216.5
3620.33	19700.1
3619.29	19641.3
3618.25	19644.8
3617.21	19686.7
3616.17	19311.4
3615.12	19741.8
3614.08	19508
3613.04	19763.2
3611.99	19711.6
3610.95	19638.4
3609.91	19658.8
3608.86	19511.4
3607.82	19804.7
3606.77	19774.7
3605.73	19553.2
3604.69	19032.6
3603.64	19507.6
3602.6	19315
3601.55	19450.2
3600.5	19185.9
3599.46	19070
3598.41	18915.8
3597.37	18725.9
3596.32	18684.2
3595.27	18582.7
3594.23	18713
3593.18	18353.7
3592.13	18381.3
3591.09	18325.4
3590.04	18154.9
3588.99	18225.5
3587.94	18274.6
3586.9	18001.6
3585.85	18313.1
3584.8	18087.9
3583.75	17932
3582.7	17840.4
3581.65	17975.4
3580.6	17762.3
3579.56	17932.9
3578.51	17743.8
3577.46	17569
3576.41	17722.9
3575.36	17217.3
3574.31	17349.7
3573.26	17513.1
3572.2	17421.8
3571.15	17292.5
3570.1	17367.7
3569.05	17155.2
3568	17368.4
3566.95	17367.5
3565.9	17328.6
3564.84	17218.5
3563.79	17110.7
3562.74	17140.8
3561.69	17023.6
3560.63	16787.7
3559.58	16976.9
3558.53	17047.3
3557.47	16920.7
3556.42	17007.7
3555.37	17009.3
3554.31	16899.4
3553.26	16917.6
3552.2	16684.5
3551.15	16728.8
3550.09	16917.6
3549.04	16805.5
3547.98	16925.5
3546.93	16730.5
3545.87	16770
3544.82	16584.5
3543.76	16730.6
3542.71	16751.1
3541.65	16667.6
3540.59	16626.6
3539.54	16699.2
3538.48	16797.8
3537.42	16610.2
3536.36	16850.6
3535.31	16682
3534.25	16669.4
3533.19	16706.5
3532.13	16795.5
3531.07	16683.7
3530.02	16645.2
3528.96	16524
3527.9	16317.9
3526.84	16654.7
3525.78	16382.6
3524.72	16714.5
3523.66	16286.8
3522.6	16441.8
3521.54	16346.7
3520.48	16355.5
3519.42	16394.8
3518.36	16634.5
3517.3	16343.9
3516.24	16253.7
3515.17	16399.1
3514.11	16384.2
3513.05	16289.3
3511.99	16234.5
3510.93	16629.2
3509.87	16287.2
3508.8	16430.1
3507.74	16351.7
3506.68	16247.5
3505.61	16265.7
3504.55	16471.9
3503.49	16572.2
3502.42	16115.5
3501.36	16220.6
3500.3	16337.4
3499.23	16336.6
3498.17	16324.2
3497.1	16440.9
3496.04	16297
3494.97	16223.5
3493.91	16490.3
3492.84	16208
3491.77	16221.4
3490.71	16354.4
3489.64	16152
3488.58	16252.1
3487.51	16033.4
3486.44	16255.4
3485.38	16236
3484.31	16352.4
3483.24	16330.6
3482.17	16231.5
3481.11	16324.5
3480.04	16344.8
3478.97	16437.7
3477.9	16130.4
3476.83	16415.2
3475.77	16288.1
3474.7	16044.2
3473.63	16286.7
3472.56	16148
3471.49	16236.2
3470.42	16158.3
3469.35	16323.5
3468.28	16016.8
3467.21	16245
3466.14	16155.6
3465.07	16292.6
3464	16357.3
3462.92	16272.5
3461.85	16068.8
3460.78	16338.7
3459.71	16517.6
3458.64	16148.3
3457.57	16215.2
3456.49	16121.3
3455.42	16081
3454.35	16269
3453.28	16086.6
3452.2	16186
3451.13	16259.9
3450.06	16019.3
3448.98	16007
3447.91	16183.2
3446.83	16261.6
3445.76	16063.1
3444.68	15987.9
3443.61	16110.5
3442.53	16109.8
3441.46	15806.9
3440.38	16220
3439.31	15968.3
3438.23	16037.3
3437.16	15946
3436.08	16087
3435	15970.2
3433.93	16060.1
3432.85	15987.4
3431.77	16044.7
3430.7	15832.9
3429.62	16089.8
3428.54	15973.1
3427.46	15949.2
3426.39	16096.9
3425.31	16175
3424.23	15961
3423.15	15932.5
3422.07	15711.7
3420.99	16030.8
3419.91	16094.9
3418.83	15994.6
3417.75	16058.8
3416.68	16099.7
3415.6	15955.5
3414.51	15998.8
3413.43	15882.4
3412.35	16089.9
3411.27	15952.7
3410.19	15887.3
3409.11	16171
3408.03	15969.2
3406.95	15977.7
3405.87	15937.7
3404.78	15819.2
3403.7	15994.1
3402.62	16071.9
3401.54	15759.4
3400.45	15615.6
3399.37	15721.2
3398.29	15953.6
3397.2	15830.6
3396.12	15779.2
3395.04	15884.6
3393.95	15734
3392.87	16063.1
3391.78	15824.9
3390.7	15741.3
3389.61	15952.6
3388.53	15753.7
3387.44	15879.8
3386.36	15816.9
3385.27	15889.9
3384.19	15824.7
3383.1	15904.6
3382.01	15779.6
3380.93	15634
3379.84	15748.4
3378.75	15651.1
3377.67	15878.1
3376.58	15951
3375.49	15561.8
3374.4	15529
3373.31	15574.3
3372.23	15987.1
3371.14	15504.1
3370.05	15648.1
3368.96	15645.2
3367.87	15552.7
3366.78	15799.9
3365.69	15560.6
3364.6	15397
3363.51	15573
3362.42	15515
3361.33	15613
3360.24	15536.7
3359.15	15439.8
3358.06	15585.8
3356.97	15534.7
3355.88	15545.5
3354.79	15515.1
3353.69	15363.3
3352.6	15454.3
3351.51	15627.6
3350.42	15281.4
3349.33	15459.3
3348.23	15396.8
3347.14	15439.7
3346.05	15333.8
3344.95	15504.7
3343.86	15378.3
3342.77	15494.3
3341.67	15372.5
3340.58	15168.5
3339.48	15323.3
3338.39	15258.7
3337.29	15367.7
3336.2	15268.9
3335.1	15126.8
3334.01	15306.5
3332.91	15392.6
3331.82	15077.1
3330.72	15087.9
3329.62	15340.5
3328.53	15419.7
3327.43	15232.1
3326.33	15274.8
3325.24	15080.5
3324.14	15209.8
3323.04	15152.2
3321.94	15372.5
3320.85	15066.8
3319.75	15189.1
3318.65	15052
3317.55	15117.4
3316.45	15212.3
3315.35	15111.6
3314.25	15040.5
3313.16	15246.9
3312.06	15018.9
3310.96	15020.6
3309.86	15122.3
3308.76	15110.3
3307.66	15075.7
3306.55	15120.5
3305.45	14897.3
3304.35	15012.6
3303.25	15027.9
3302.15	14911.6
3301.05	15053.9
3299.95	15085.1
3298.84	15080
3297.74	15036.3
3296.64	14879.3
3295.54	14960.3
3294.43	15020.9
3293.33	14771.1
3292.23	14963.1
3291.12	15093.9
3290.02	14937
3288.92	14886.6
3287.81	14965.3
3286.71	14679.5
3285.6	14667.7
3284.5	14843.6
3283.39	14854.4
3282.29	14652.5
3281.18	14975.4
3280.08	14852.7
3278.97	14840.8
3277.86	14747.6
3276.76	14744.8
3275.65	14961.1
3274.54	14707.6
3273.44	14650.6
3272.33	14580
3271.22	14805.3
3270.12	14865.7
3269.01	14499.5
3267.9	14887.1
3266.79	14803
3265.68	14597.2
3264.57	14849.2
3263.47	14546.6
3262.36	14615.9
3261.25	14856.5
3260.14	14644.2
3259.03	14614.3
3257.92	14580
3256.81	14543.5
3255.7	14482.1
3254.59	14787.8
3253.48	14832.2
3252.37	14557.1
3251.25	14466.6
3250.14	14517.8
3249.03	14499.3
3247.92	14525.8
3246.81	14639.9
3245.69	14536
3244.58	14504
3243.47	14431.6
3242.36	14406.4
3241.24	14381.1
3240.13	14535.6
3239.02	14391.4
3237.9	14449.2
3236.79	14536.3
3235.68	14286.7
3234.56	14178.5
3233.45	14292.4
3232.33	14352.5
3231.22	14361
3230.1	14373.9
3228.99	14299.4
3227.87	14296.7
3226.75	14506.8
3225.64	14291.2
3224.52	14122.8
3223.41	14330.6
3222.29	14377.1
3221.17	14045.3
3220.05	14127.7
3218.94	14093.6
3217.82	14267.7
3216.7	14358.9
3215.58	14251
3214.47	14266.2
3213.35	14142.8
3212.23	14258.5
3211.11	14065.9
3209.99	14174.9
3208.87	14040.4
3207.75	14138.2
3206.63	14195.8
3205.51	13840.3
3204.39	13909.1
3203.27	14078.3
3202.15	14167.1
3201.03	13979.2
3199.91	14139.3
3198.79	13978.3
3197.67	14044.8
3196.55	13776.8
3195.42	13972.5
3194.3	13911.9
3193.18	13744.4
3192.06	14133.8
3190.93	13995.2
3189.81	13901.3
3188.69	13894.2
3187.56	13735.7
3186.44	13875.5
3185.32	13768.3
3184.19	13867.9
3183.07	13780.8
3181.94	13847.1
3180.82	13791.1
3179.7	13686.2
3178.57	13936.9
3177.44	13856.5
3176.32	13809.4
3175.19	13968.8
3174.07	13793
3172.94	13692.7
3171.82	13625.7
3170.69	13572
3169.56	13642.6
3168.43	13686.6
3167.31	13681.7
3166.18	13637
3165.05	13539
3163.92	13425.6
3162.8	13713.4
3161.67	13427.1
3160.54	13473.3
3159.41	13712.1
3158.28	13368.5
3157.15	13695.8
3156.02	13476.2
3154.89	13553.3
3153.76	13528.6
3152.63	13477.3
3151.5	13510.1
3150.37	13615.9
3149.24	13520.4
3148.11	13626.1
3146.98	13155
3145.85	13501.6
3144.72	13388.5
3143.59	13399.2
3142.45	13233.2
3141.32	13535.4
3140.19	13446.7
3139.06	13561.1
3137.92	13300.3
3136.79	13207.2
3135.66	13356.9
3134.52	13330.1
3133.39	13184.2
3132.26	13155.2
3131.12	13214.4
3129.99	13330.9
3128.85	13440.7
3127.72	13319.1
3126.58	13153.6
3125.45	13327.2
3124.31	13210.2
3123.18	13260.4
3122.04	13229.3
3120.9	13275.1
3119.77	13239.6
3118.63	13259
3117.49	13014.6
3116.36	13146.2
3115.22	13334.9
3114.08	13235.6
3112.95	13255.1
3111.81	13182.2
3110.67	13105
3109.53	13106.9
3108.39	13031.9
3107.25	12956.9
3106.11	13092.7
3104.98	12908
3103.84	13092
3102.7	12920.6
3101.56	12929.1
3100.42	12933.2
3099.28	13040.3
3098.14	12904.1
3096.99	12794.2
3095.85	13087.5
3094.71	12949.2
3093.57	12795.6
3092.43	12924.5
3091.29	12841
3090.15	12735.6
3089	12879.8
3087.86	12857.6
3086.72	12664.8
3085.57	13062.7
3084.43	12856.8
3083.29	12913.3
3082.14	12733.8
3081	12893
3079.86	12866.5
3078.71	12853.1
3077.57	12876.8
3076.42	12671.2
3075.28	12889.3
3074.13	12972
3072.99	12757.8
3071.84	12617.8
3070.7	12641.6
3069.55	13031.8
3068.4	12774.1
3067.26	12760.7
3066.11	12729.9
3064.96	12716.5
3063.82	12574.6
3062.67	12733.4
3061.52	12654.7
3060.37	12390.9
3059.23	12527.9
3058.08	12603.8
3056.93	12566.6
3055.78	12738.2
3054.63	12550.8
3053.48	12591.9
3052.33	12624.3
3051.18	12478.3
3050.03	12552
3048.88	12603.9
3047.73	12549.3
3046.58	12588.2
3045.43	12592.3
3044.28	12366.1
3043.13	12350.7
3041.98	12552.4
3040.83	12389.3
3039.68	12627.8
3038.52	12716.5
3037.37	12438.5
3036.22	12351.5
3035.07	12542.1
3033.91	12387.9
3032.76	12517.8
3031.61	12370.1
3030.45	12491.3
3029.3	12462.8
3028.14	12352.1
3026.99	12501.3
3025.84	12191.4
3024.68	12338.4
3023.53	12370.7
3022.37	12351
3021.22	12296.7
3020.06	12287.8
3018.9	12253
3017.75	12274.4
3016.59	12349.8
3015.44	12438.2
3014.28	12316.9
3013.12	12126.6
3011.96	12387.8
3010.81	12130.5
3009.65	12205.9
3008.49	12227.3
3007.33	12285.3
3006.18	12125.4
3005.02	12330.2
3003.86	12183.3
3002.7	12288.8
3001.54	12167.8
3000.38	12249.5
2999.22	12191.1
2998.06	12137
2996.9	12212.2
2995.74	12181.8
2994.58	12254.8
2993.42	12202.9
2992.26	12224.2
2991.1	12157.3
2989.94	12258.2
2988.77	12113.8
2987.61	11969.5
2986.45	12057.5
2985.29	12177.7
2984.12	11943.1
2982.96	11940.8
2981.8	11953.5
2980.64	12099.5
2979.47	12185.3
2978.31	12114.1
2977.14	11912
2975.98	11972
2974.82	12147.9
2973.65	12186.3
2972.49	11982.2
2971.32	12012
2970.16	11827.3
2968.99	11973
2967.82	12073.7
2966.66	11964.1
2965.49	12077.5
2964.33	11901.6
2963.16	11993.5
2961.99	11995.5
2960.83	12061.7
2959.66	11963
2958.49	11849.3
2957.32	12084.6
2956.15	12007.4
2954.99	11870.2
2953.82	12169.6
2952.65	11925.5
2951.48	11848.3
2950.31	11897.3
2949.14	11811.6
2947.97	11832.8
2946.8	11894.7
2945.63	11883.8
2944.46	11947.7
2943.29	11960.3
2942.12	11883.2
2940.95	11810.5
2939.78	11737.7
2938.61	11784.5
2937.44	11980.7
2936.26	11807.7
2935.09	11931.2
2933.92	11666.6
2932.75	11834.9
2931.57	11781.4
2930.4	11644.9
2929.23	11796
2928.05	11925.8
2926.88	11774.4
2925.71	11582.5
2924.53	11661.2
2923.36	11727
2922.18	11701.3
2921.01	11624.6
2919.83	11743.6
2918.66	11592.4
2917.48	11526.3
2916.31	11709
2915.13	11687.6
2913.95	11685.3
2912.78	11825.4
2911.6	11725.4
2910.42	11716.7
2909.25	11856.7
2908.07	11752.5
2906.89	11576.1
2905.71	11743.7
2904.54	11681.9
2903.36	11747.6
2902.18	11539.5
2901	11486.4
2899.82	11422.6
2898.64	11619.7
2897.46	11653.4
2896.28	11540.9
2895.1	11583.2
2893.92	11589.4
2892.74	11513
2891.56	11642
2890.38	11495.8
2889.2	11432.2
2888.02	11358
2886.84	11558.9
2885.65	11533.3
2884.47	11615.7
2883.29	11507.7
2882.11	11549.8
2880.92	11549.7
2879.74	11539
2878.56	11429
2877.38	11532.3
2876.19	11244.9
2875.01	11529.9
2873.82	11462.2
2872.64	11289
2871.45	11269.9
2870.27	11301.5
2869.08	11362.5
2867.9	11246.4
2866.71	11442.4
2865.53	11395.9
2864.34	11461.1
2863.16	11385.1
2861.97	11463
2860.78	11161.6
2859.6	11281.6
2858.41	11228.8
2857.22	11176.1
2856.03	11262.3
2854.85	11112.8
2853.66	11255.8
2852.47	11259.9
2851.28	11184
2850.09	11200.8
2848.9	10977.8
2847.71	11192.2
2846.52	11265.6
2845.34	11313.9
2844.15	11082.6
2842.96	10983.8
2841.76	11294.6
2840.57	11057.2
2839.38	11027.8
2838.19	11239.7
2837	11229.1
2835.81	10939.4
2834.62	11073.6
2833.43	11161.7
2832.23	10899.5
2831.04	10987.5
2829.85	11111.1
2828.65	10855.3
2827.46	10939.1
2826.27	10983
2825.07	10920.1
2823.88	11081.3
2822.69	11056.1
2821.49	10951.4
2820.3	11083.1
2819.1	10892.7
2817.91	10957.5
2816.71	11001.3
2815.52	10767
2814.32	10886.2
2813.13	10996.9
2811.93	10955.1
2810.73	10808.7
2809.54	10915.2
2808.34	10844.2
2807.14	10779.4
2805.94	11009
2804.75	10981.8
2803.55	11002.6
2802.35	10800.1
2801.15	10885.6
2799.95	10837.6
2798.75	10870.9
2797.56	10802
2796.36	10729
2795.16	10818.6
2793.96	10824.8
2792.76	10651.9
2791.56	10762.2
2790.36	10841.3
2789.16	10851.7
2787.95	10799.6
2786.75	10655.9
2785.55	10839
2784.35	10762
2783.15	10691.3
2781.95	10651.7
2780.74	10788.9
2779.54	10655.8
2778.34	10711.9
2777.13	10539.4
2775.93	10666.1
2774.73	10670.3
2773.52	10535.3
2772.32	10637
2771.12	10747
2769.91	10705.5
2768.71	10717.9
2767.5	10651.4
2766.3	10583
2765.09	10597.5
2763.89	10748.8
2762.68	10468.9
2761.47	10580.8
2760.27	10730
2759.06	10684.4
2757.85	10589.1
2756.65	10423.4
2755.44	10491.7
2754.23	10549.7
2753.02	10529
2751.81	10574.5
2750.61	10502
2749.4	10471
2748.19	10446.2
2746.98	10440
2745.77	10520.6
2744.56	10287
2743.35	10361.5
2742.14	10555.7
2740.93	10576.3
2739.72	10388.4
2738.51	10611.4
2737.3	10561.8
2736.09	10516.4
2734.88	10514.3
2733.66	10206.9
2732.45	10545.2
2731.24	10235.8
2730.03	10297.7
2728.82	10417.3
2727.6	10293.7
2726.39	10025.8
2725.18	10384.4
2723.96	10297.8
2722.75	10361.7
2721.53	10452.3
2720.32	10423.5
2719.11	10419.4
2717.89	10310.3
2716.68	10269.2
2715.46	10337.1
2714.25	10343.3
2713.03	10398.8
2711.81	10156.2
2710.6	10343.3
2709.38	10257
2708.16	10133.7
2706.95	10242.6
2705.73	10310.4
2704.51	10236.5
2703.29	10195.5
2702.08	10263.3
2700.86	10248.9
2699.64	10006.8
2698.42	10076.6
2697.2	10240.8
2695.98	10150.6
2694.76	10210.1
2693.54	10288
2692.32	10078.9
2691.1	10083.1
2689.88	10113.9
2688.66	10202
2687.44	10124.2
2686.22	10066.9
2685	10058.8
2683.78	10159.1
2682.56	10028.2
2681.33	9981.18
2680.11	10112.1
2678.89	10024.2
2677.67	10085.6
2676.44	10020.3
2675.22	10108.2
2674	9910.04
2672.77	10065.4
2671.55	9824.41
2670.33	9989.91
2669.1	9959.34
2667.88	10100.2
2666.65	10049.3
2665.43	10137
2664.2	9996.31
2662.97	9963.73
2661.75	10008.7
2660.52	9961.81
2659.3	9808.98
2658.07	10112.7
2656.84	9776.56
2655.62	9884.62
2654.39	9872.47
2653.16	9880.69
2651.93	9829.86
2650.7	9886.94
2649.48	9903.29
2648.25	9856.56
2647.02	9976.66
2645.79	9750.94
2644.56	9980.83
2643.33	9795.85
2642.1	9728.86
2640.87	9942.35
2639.64	9787.98
2638.41	9775.87
2637.18	9786.11
2635.95	9696.84
2634.72	9790.34
2633.48	10003.6
2632.25	9875.74
2631.02	9788.55
2629.79	9721.68
2628.56	9792.76
2627.32	9762.42
2626.09	9766.56
2624.86	9841.64
2623.62	9655.25
2622.39	9560.12
2621.16	9704.08
2619.92	9783.16
2618.69	9775.14
2617.45	9669.93
2616.22	9668
2614.98	9738.94
2613.75	9824.01
2612.51	9423.5
2611.27	9613.78
2610.04	9377.27
2608.8	9923.33
2607.57	9630.26
2606.33	9583.88
2605.09	9626.42
2603.85	9695.21
2602.62	9658.94
2601.38	9511.61
2600.14	9580.38
2598.9	9572.41
2597.66	9362.62
2596.42	9750.19
2595.18	9510.19
2593.94	9518.38
2592.71	9593.11
2591.47	9488.36
2590.23	9444.14
2588.98	9496.67
2587.74	9484.7
2586.5	9430.42
2585.26	9472.85
2584.02	9466.93
2582.78	9370.41
2581.54	9507.43
2580.29	9423.02
2579.05	9234
2577.81	9521.85
2576.57	9387.2
2575.32	9322.98
2574.08	9343.23
2572.84	9482.08
2571.59	9411.85
2570.35	9476.28
2569.1	9361.88
2567.86	9337.91
2566.61	9450.51
2565.37	9328.15
2564.12	9344.35
2562.88	9368.58
2561.63	9218.21
2560.39	9284.58
2559.14	9286.73
2557.89	9312.95
2556.65	9250.94
2555.4	9313.23
2554.15	9273.29
2552.9	9341.56
2551.66	9283.6
2550.41	9381.89
2549.16	9173.75
2547.91	9332.08
2546.66	9324.21
2545.41	9086.18
2544.16	9128.38
2542.91	9180.57
2541.66	9220.73
2540.41	9226.88
2539.16	9237.03
2537.91	9257.17
2536.66	9217.34
2535.41	9107.59
2534.16	9141.72
2532.91	9191.82
2531.66	9174
2530.4	9104.28
2529.15	9014.63
2527.9	9018.8
2526.65	9034.95
2525.39	9079.03
2524.14	9073.22
2522.89	8965.71
2521.63	9071.57
2520.38	9125.56
2519.12	9107.79
2517.87	9046.18
2516.61	8998.55
2515.36	9026.62
2514.1	8913.29
2512.85	9042.9
2511.59	8971.42
2510.33	9003.45
2509.08	9101.13
2507.82	8991.88
2506.56	9053.72
2505.31	9101.61
2504.05	8956.64
2502.79	9000.56
2501.53	8988.81
2500.28	8998.93
2499.02	9104.39
2497.76	8784.78
2496.5	8832.66
2495.24	8828.9
2493.98	8995.84
2492.72	8813.44
2491.46	8813.65
2490.2	8978.52
2488.94	8980.68
2487.68	8929.3
2486.42	8852.16
2485.16	8945.53
2483.9	8862.48
2482.63	9088.55
2481.37	8747.98
2480.11	8817.52
2478.85	8871.19
2477.59	8827.83
2476.32	8760.73
2475.06	8913.33
2473.8	8875.92
2472.53	8913.7
2471.27	8880.26
2470	8813.21
2468.74	8758.06
2467.47	8787.92
2466.21	8780.22
2464.94	8754.75
2463.68	8776.69
2462.41	8688.02
2461.15	8848.19
2459.88	8775.33
2458.61	8629.48
2457.35	8746.14
2456.08	8833.17
2454.81	8817.58
2453.54	8827.63
2452.28	8821.91
2451.01	8737.33
2449.74	8709.95
2448.47	8767.31
2447.2	8706.43
2445.93	8612.1
2444.66	8714.74
2443.39	8551.52
2442.12	8683.66
2440.85	8579.56
2439.58	8674.26
2438.31	8587.91
2437.04	8835.99
2435.77	8684.74
2434.5	8677.09
2433.23	8661.57
2431.96	8661.79
2430.68	8673.8
2429.41	8491.3
2428.14	8625.12
2426.87	8660.69
2425.59	8590.22
2424.32	8694.49
2423.04	8641.7
2421.77	8398.6
2420.5	8547.97
2419.22	8589.39
2417.95	8456.26
2416.67	8640.82
2415.4	8541.06
2414.12	8578.53
2412.85	8623.83
2411.57	8477.11
2410.29	8594.88
2409.02	8542.22
2407.74	8495.46
2406.46	8466.34
2405.18	8587.93
2403.91	8539.23
2402.63	8404.47
2401.35	8467.31
2400.07	8403.02
2398.79	8510.81
2397.52	8632.24
2396.24	8530.82
2394.96	8462.66
2393.68	8335.92
2392.4	8443.61
2391.12	8387.22
2389.84	8287.9
2388.56	8491.19
2387.27	8337.24
2385.99	8499.45
2384.71	8450.91
2383.43	8400.44
2382.15	8443.59
2380.87	8515.97
2379.58	8182.87
2378.3	8286.45
2377.02	8434.8
2375.73	8345.43
2374.45	8396.33
2373.17	8449.15
2371.88	8457.17
2370.6	8305.58
2369.31	8395.36
2368.03	8496.78
2366.74	8325.81
2365.46	8341.63
2364.17	8299.1
2362.89	8312.97
2361.6	8346.27
2360.31	8276.57
2359.03	8311.8
2357.74	8214.93
2356.45	8234.63
2355.17	8363.05
2353.88	8429.3
2352.59	8245.14
2351.3	8330.79
2350.01	8183.59
2348.72	8193.57
2347.43	8288.87
2346.15	8341.48
2344.86	8130.42
2343.57	8119.08
2342.28	8258.89
2340.99	8177.78
2339.69	8313.64
2338.4	8178.33
2337.11	8370.29
2335.82	8118.87
2334.53	8304.95
2333.24	8252.96
2331.95	8259.02
2330.65	8247.67
2329.36	8201.51
2328.07	8282.98
2326.77	8095.72
2325.48	8107.61
2324.19	8119.48
2322.89	8241.47
2321.6	8220.48
2320.3	8137.7
2319.01	8193.97
2317.71	8136.32
2316.42	8016.94
2315.12	8339.47
2313.83	8081.2
2312.53	8013.98
2311.23	8070.2
2309.94	8041.56
2308.64	7978.24
2307.34	8067.2
2306.05	8173.46
2304.75	8013.83
2303.45	8069.98
2302.15	8095.29
2300.85	7966.58
2299.55	8024.62
2298.25	8157.7
2296.96	7990.57
2295.66	8083.2
2294.36	7964.23
2293.06	8056.83
2291.76	7974.45
2290.45	8143.89
2289.15	8111.48
2287.85	8052.19
2286.55	8046.7
2285.25	8091.16
2283.95	8008.86
2282.65	8085.94
2281.34	8067.01
2280.04	7967.5
2278.74	7883.38
2277.43	7952.74
2276.13	8033.58
2274.83	7928.41
2273.52	8041.81
2272.22	7984.59
2270.91	7994.45
2269.61	7941.09
2268.3	7962.46
2267	7911.04
2265.69	7920.91
2264.39	7903.98
2263.08	7818.16
2261.77	7965.81
2260.47	7864.71
2259.16	7865.01
2257.85	7993.44
2256.54	7963.13
2255.24	7992.09
2253.93	7977.08
2252.62	7788.19
2251.31	7979.55
2250	7907.25
2248.69	8010.66
2247.38	7778.01
2246.07	7751.61
2244.76	7782.47
2243.45	7811.4
2242.14	7752.58
2240.83	7937.9
2239.52	7783.73
2238.21	7867.93
2236.9	7984.49
2235.59	7838.03
2234.27	7891.68
2232.96	7712.91
2231.65	7781.8
2230.34	7833.52
2229.02	7734.83
2227.71	7712.31
2226.4	7967.63
2225.08	7754.81
2223.77	7823.6
2222.45	7804.89
2221.14	7786.17
2219.82	7765.57
2218.51	7921.73
2217.19	8022.72
2215.88	7766.5
2214.56	7831.39
2213.24	7835.48
2211.93	7748.44
2210.61	7805.69
2209.29	7716.79
2207.97	7681.06
2206.66	7797.1
2205.34	7668.42
2204.02	7850.79
2202.7	7631.15
2201.38	7817.25
2200.06	7855.44
2198.74	7679.51
2197.42	7753.71
2196.1	7833.56
2194.78	7640.7
2193.46	7760.3
2192.14	7700.03
2190.82	7524.35
2189.5	7704.44
2188.18	7634.76
2186.86	7644.54
2185.54	7673.22
2184.21	7635.73
2182.89	7571.79
2181.57	7704.4
2180.24	7517.67
2178.92	7735.24
2177.6	7590.12
2176.27	7637.66
2174.95	7658.74
2173.62	7698.69
2172.3	7559.36
2170.97	7654.02
2169.65	7524.18
2168.32	7601.84
2167	7547.49
2165.67	7621.34
2164.34	7582.08
2163.02	7650.24
2161.69	7563.89
2160.36	7556.69
2159.04	7444.03
2157.71	7587.47
2156.38	7446.61
2155.05	7569.29
2153.72	7755.89
2152.39	7521.03
2151.06	7570.26
2149.74	7617.6
2148.41	7582.19
2147.08	7475.37
2145.75	7582.83
2144.41	7521.14
2143.08	7574.07
2141.75	7478.6
2140.42	7467.68
2139.09	7531.84
2137.76	7483.37
2136.43	7483.71
2135.09	7564.72
2133.76	7458.11
2132.43	7539.09
2131.09	7481.29
2129.76	7335.4
2128.43	7485.71
2127.09	7412.96
2125.76	7514.47
2124.42	7378.06
2123.09	7633.1
2121.75	7444.29
2120.42	7536.35
2119.08	7557.26
2117.75	7525.76
2116.41	7505.5
2115.07	7384.25
2113.74	7511.76
2112.4	7508.34
2111.06	7450.71
2109.72	7550.09
2108.38	7554.14
2107.05	7419.95
2105.71	7446.43
2104.37	7629.76
2103.03	7383.62
2101.69	7456.75
2100.35	7421.62
2099.01	7477.93
2097.67	7329.02
2096.33	7392.78
2094.99	7473.3
2093.65	7240.59
2092.31	7541.04
2090.97	7323.32
2089.62	7334.85
2088.28	7363.14
2086.94	7397
2085.6	7464.36
2084.25	7405.11
2082.91	7336.58
2081.57	7376
2080.22	7400.52
2078.88	7404.57
2077.53	7285.88
2076.19	7416.38
2074.84	7258.71
2073.5	7298.09
2072.15	7478.67
2070.81	7339.66
2069.46	7349.28
2068.12	7461.03
2066.77	7221.85
2065.42	7379.99
2064.08	7307.94
2062.73	7336.12
2061.38	7184.34
2060.03	7262.6
2058.68	7313.02
2057.34	7246.62
2055.99	7354.47
2054.64	7152.82
2053.29	7218.04
2051.94	7279.52
2050.59	7216.9
2049.24	7202.44
2047.89	7245.38
2046.54	7277.19
2045.19	7297.89
2043.83	7139.12
2042.48	7183.89
2041.13	7204.59
2039.78	7199.4
2038.43	7290.33
2037.07	7281.42
2035.72	7106.23
2034.37	7180.5
2033.01	7145.76
2031.66	7177.52
2030.31	7148.34
2028.95	7207.77
2027.6	7267.17
2026.24	7151.27
2024.89	7184.83
2023.53	7255.27
2022.17	7279.58
2020.82	7219.07
2019.46	7213.89
2018.11	7133.16
2016.75	7080.09
2015.39	7144.93
2014.03	7230
2012.68	7215.61
2011.32	7134.96
2009.96	7197.89
2008.6	7150.39
2007.24	7224.34
2005.88	7134.55
2004.52	7031.93
2003.16	7179.39
2001.8	7266.12
2000.44	7121.27
1999.08	7152.86
1997.72	7142.19
1996.36	7171.93
1995	7135.55
1993.64	7058.8
1992.27	7224.35
1990.91	7239.37
1989.55	7129.62
1988.19	7271.21
1986.82	7115.65
1985.46	7150.84
1984.1	7057.69
1982.73	7054.39
1981.37	6990.62
1980	7203.51
1978.64	7055.48
1977.27	7041.19
1975.91	7151.41
1974.54	7100.5
1973.18	7060.59
1971.81	7121.33
1970.44	7108.87
1969.08	7103.73
1967.71	6972.42
1966.34	7115.4
1964.97	6989.62
1963.61	7192.84
1962.24	7162.11
1960.87	7047.36
1959.5	7056.85
1958.13	7128.42
1956.76	6977.24
1955.39	7138.22
1954.02	7029.07
1952.65	7118.83
1951.28	7018.85
1949.91	7194.28
1948.54	7108.91
1947.17	7043.62
1945.8	6920.05
1944.42	7142.72
1943.05	7050.15
1941.68	7017.71
1940.31	6999.86
1938.93	7029.35
1937.56	7031.52
1936.19	6960.9
1934.81	7010.39
1933.44	6976.19
1932.06	7042.02
1930.69	7053.28
1929.31	6997.27
1927.94	6935.83
1926.56	7025.24
1925.18	7018.32
1923.81	6920.58
1922.43	7091.66
1921.05	6823.28
1919.68	6894.46
1918.3	6991.03
1916.92	6991.38
1915.54	7017.13
1914.17	6870.57
1912.79	7054.1
1911.41	6971.03
1910.03	6844.51
1908.65	7033.36
1907.27	7017.4
1905.89	7012.3
1904.51	6934.77
1903.13	6931.51
1901.75	7031.44
1900.37	7010.06
1898.99	7024.88
1897.6	6934.76
1896.22	7078.01
1894.84	7071.11
1893.46	7017.19
1892.07	6854.84
1890.69	6887.74
1889.31	7020.01
1887.92	6940.86
1886.54	6796.72
1885.15	6896.42
1883.77	6907.62
1882.38	6996.42
1881	6899.31
1879.61	6901.47
1878.23	6817.04
1876.84	6974.33
1875.46	6962.05
1874.07	6865.04
1872.68	6860
1871.29	6889.19
1869.91	6824.69
1868.52	6870.09
1867.13	6893.87
1865.74	6845.61
1864.35	7029.59
1862.96	6831.94
1861.57	6848.5
1860.19	6830.87
1858.8	6944.55
1857.4	6912.52
1856.01	6907.48
1854.62	6812.56
1853.23	6924.35
1851.84	6779.15
1850.45	6723.84
1849.06	6973.87
1847.67	6810.8
1846.27	6764.49
1844.88	6876.14
1843.49	6962.63
1842.09	6936.05
1840.7	6952.53
1839.31	6804.01
1837.91	6868.92
1836.52	6774.27
1835.12	6792.56
1833.73	6760.67
1832.33	6714.46
1830.93	6843.8
1829.54	6953.39
1828.14	6900
1826.75	6966.57
1825.35	6922.16
1823.95	6824.08
1822.55	6899.57
1821.16	6806.91
1819.76	6776.87
1818.36	6798.68
1816.96	6906.28
1815.56	6836.92
1814.16	6778.31
1812.76	6726.87
1811.36	6861.18
1809.96	6877.59
1808.56	6761.9
1807.16	6849.71
1805.76	6850.05
1804.36	6818.28
1802.96	6813.28
1801.56	6781.53
1800.15	6831.8
1798.75	6828.58
1797.35	6950.11
1795.94	6749.09
1794.54	6795.77
1793.14	6774.74
1791.73	6727.02
1790.33	6878.7
1788.92	6830.98
1787.52	6827.76
1786.11	6723.13
1784.71	6833.77
1783.3	6809.21
1781.9	6813.11
1780.49	6799.23
1779.08	6771.14
1777.68	6735.95
1776.27	6851.78
1774.86	6770.41
1773.45	6811.6
1772.05	6854.54
1770.64	6760.8
1769.23	6814.38
1767.82	6781.01
1766.41	6641.22
1765	6833.13
1763.59	6755.44
1762.18	6844.42
1760.77	6782.72
1759.36	6779.51
1757.95	6785.17
1756.54	6704.03
1755.12	6800.01
1753.71	6894.18
1752.3	6850.24
1750.89	6731.99
1749.47	6604.95
1748.06	6881.28
1746.65	6738.34
1745.23	6719.23
1743.82	6615.28
1742.4	6757.04
1740.99	6884.61
1739.58	6782.45
1738.16	6752.76
1736.74	6813.14
1735.33	6704
1733.91	6783.78
1732.5	6674.69
1731.08	6800.32
1729.66	6775.95
1728.24	6871.52
1726.83	6690.2
1725.41	6665.87
1723.99	6793.13
1722.57	6767.02
1721.15	6703.92
1719.73	6843.42
1718.31	6729.26
1716.89	6646.84
1715.47	6670.08
1714.05	6793.62
1712.63	6816.82
1711.21	6769.64
1709.79	6889.57
1708.37	6738.63
1706.95	6772.37
1705.52	6967.8
1704.1	6878.46
1702.68	6873.48
1701.26	6770.14
1699.83	6793.29
1698.41	6737.42
1696.98	6972.99
1695.56	6848.65
1694.14	6755.95
1692.71	6900.13
1691.28	6805.7
1689.86	6828.81
1688.43	6830.87
1687.01	6778.59
1685.58	6955.91
1684.15	6861.57
1682.73	6790.04
1681.3	6802.61
1679.87	6843.19
1678.44	6868
1677.02	6733.51
1675.59	6791.58
1674.16	6882.87
1672.73	6715.23
1671.3	6811.74
1669.87	6861
1668.44	6831.57
1667.01	6802.16
1665.58	6856.63
1664.15	6762.58
1662.72	6806.56
1661.28	6852.26
1659.85	6761.76
1658.42	6922.66
1656.99	6783.32
1655.55	7017.42
1654.12	6883.35
1652.69	6864.45
1651.25	6775.81
1649.82	6817.95
1648.39	6896.67
1646.95	6855.13
1645.52	6850.19
1644.08	6920.14
1642.64	7004
1641.21	7059.96
1639.77	6823.47
1638.34	6842.9
1636.9	6937.14
1635.46	6899.13
1634.02	6939.4
1632.59	7026.61
1631.15	7037.28
1629.71	6983.64
1628.27	6806.64
1626.83	6881.64
1625.39	7006.97
1623.95	6922.12
1622.51	7142.88
1621.07	7054.57
1619.63	6947.2
1618.19	6857.23
1616.75	7010.16
1615.31	6916.74
1613.87	6889.26
1612.43	6962.34
1610.98	6974.72
1609.54	6966.3
1608.1	6914.57
1606.66	6980.65
1605.21	6918.55
1603.77	6922.27
1602.32	6945.02
1600.88	6997.19
1599.43	6968.01
1597.99	7080.7
1596.54	7004.82
1595.1	6906.49
1593.65	6858.34
1592.21	6931.2
1590.76	6929.72
1589.31	6878.13
1587.86	7040.77
1586.42	6835.48
1584.97	7017.04
1583.52	6899.88
1582.07	6900.13
1580.62	6860.7
1579.17	6886.83
1577.72	6975.05
1576.28	6951.14
1574.83	7015.17
1573.37	6884.4
1571.92	6872.58
1570.47	6948.65
1569.02	6833.47
1567.57	6871.62
1566.12	6799.56
1564.67	6928.93
1563.21	6963.6
1561.76	6917.37
1560.31	6860.84
1558.85	6921.29
1557.4	6978.27
1555.95	6961.31
1554.49	6817.15
1553.04	6889.59
1551.58	6891.55
1550.13	6998.3
1548.67	7094.69
1547.21	6895.71
1545.76	6923.42
1544.3	6945.96
1542.84	6953.05
1541.39	6860.64
1539.93	6845.45
1538.47	6981.17
1537.01	6931.67
1535.56	6873.62
1534.1	6923.56
1532.64	6898.09
1531.18	6810.96
1529.72	7030.43
1528.26	6859.41
1526.8	6970.92
1525.34	6738.37
1523.88	6774.57
1522.42	6752.59
1520.95	6833.24
1519.49	6833.48
1518.03	6773.89
1516.57	6842.52
1515.1	6728.26
1513.64	6923.3
1512.18	6873.99
1510.71	6867.39
1509.25	6778.83
1507.79	6879.81
1506.32	6794.7
1504.86	6800.06
1503.39	6812.25
1501.92	6824.43
1500.46	6730.88
1498.99	6763.54
1497.53	6816.63
1496.06	6857.77
1494.59	6806.89
1493.12	6827.57
1491.66	6747.76
1490.19	6783.77
1488.72	6809.55
1487.25	6848.93
1485.78	6755.57
1484.31	6818.77
1482.84	6830.91
1481.37	6730.81
1479.9	6851.78
1478.43	6785.71
1476.96	6763.86
1475.49	6849.06
1474.02	6849.28
1472.54	6810.44
1471.07	6822.56
1469.6	6905.98
1468.13	6661.78
1466.65	6751.98
1465.18	6830.26
1463.71	6777.91
1462.23	6888.37
1460.76	6751.25
1459.28	6724.37
1457.81	6916.12
1456.33	6897.69
1454.86	6801.34
1453.38	6801.57
1451.9	6779.79
1450.43	6793.56
1448.95	6776.86
1447.47	6860.01
1445.99	6843.31
1444.52	6850.29
1443.04	6919.84
1441.56	6830.43
1440.08	6837.41
1438.6	6857.9
1437.12	6908.8
1435.64	6826.23
1434.16	6752.14
1432.68	6855.37
1431.2	6806.62
1429.72	6832.16
1428.24	6793.56
1426.75	6841.02
1425.27	6807.49
1423.79	6905.52
1422.31	6885.48
1420.82	6863.77
1419.34	6895.99
1417.86	6918.09
1416.37	6881.22
1414.89	6989.21
1413.4	7014.64
1411.92	6827.95
1410.43	7025.07
1408.95	6979.81
1407.46	7117.93
1405.97	6941.47
1404.49	7052.64
1403	6993.95
1401.51	7007.57
1400.03	7078.31
1398.54	7019.66
1397.05	7105.49
1395.56	7055.25
1394.07	7031.9
1392.58	7157.96
1391.09	7273.89
1389.6	7253.86
1388.11	7128.15
1386.62	7228.92
1385.13	7334.68
1383.64	7257.65
1382.15	7321.45
1380.66	7333.27
1379.17	7393.67
1377.67	7318.37
1376.18	7532.82
1374.69	7442.45
1373.19	7442.51
1371.7	7559.73
1370.21	7643.43
1368.71	7594.93
1367.22	7631.75
1365.72	7698.66
1364.23	7675.26
1362.73	7961.08
1361.23	7839.04
1359.74	7999.4
1358.24	8024.39
1356.74	8114.5
1355.25	8089.37
1353.75	8176.09
1352.25	8165.97
1350.75	8364.42
1349.25	8479.38
1347.76	8275.74
1346.26	8464.03
1344.76	8557.22
1343.26	8500.36
1341.76	8605.17
1340.26	8719.92
1338.75	8763
1337.25	8752.77
1335.75	8780.84
1334.25	8913.77
1332.75	8871.89
1331.25	8906.57
1329.74	8971.18
1328.24	9062.36
1326.74	8900.77
1325.23	8878.89
1323.73	9044.83
1322.22	9044.52
1320.72	8961.15
1319.21	9082.12
1317.71	8907.44
1316.2	8845.74
1314.7	8895.27
1313.19	8831.94
1311.68	8793.51
1310.18	8743.5
1308.67	8802.96
1307.16	8766.23
1305.65	8568.71
1304.14	8664.63
1302.63	8646.18
1301.13	8465.38
1299.62	8599.35
1298.11	8471.63
1296.6	8443.3
1295.09	8403.39
1293.58	8337.03
1292.06	8211.13
1290.55	8210.99
1289.04	8144.71
1287.53	7972.64
1286.02	7932.88
1284.5	7979.08
1282.99	8064.92
1281.48	8028.47
1279.96	8028.37
1278.45	8000.2
1276.94	7727.72
1275.42	7788.75
1273.91	7948.77
1272.39	7879.4
1270.87	7922.22
1269.36	7755.58
1267.84	7885.79
1266.33	7832.97
1264.81	7732.38
1263.29	7783.42
1261.77	7714.19
1260.26	7542.87
1258.74	7666.36
1257.22	7508.3
1255.7	7615.29
1254.18	7727.17
1252.66	7623.48
1251.14	7636.62
1249.62	7521.49
1248.1	7457.38
1246.58	7575.74
1245.06	7567.51
1243.54	7388.42
1242.01	7496.86
1240.49	7350.71
1238.97	7564.19
1237.45	7413.16
1235.92	7372.15
1234.4	7334.44
1232.88	7377.13
1231.35	7372.24
1229.83	7428.02
1228.3	7357.54
1226.78	7490.33
1225.25	7524.75
1223.72	7477.23
1222.2	7354.39
1220.67	7341.32
1219.14	7372.46
1217.62	7372.48
1216.09	7308.68
1214.56	7560.69
1213.03	7266.22
1211.5	7245.01
1209.98	7370.96
1208.45	7302.32
1206.92	7269.67
1205.39	7305.66
1203.86	7438.03
1202.33	7251.83
1200.79	7366.19
1199.26	7232.33
1197.73	7473.95
1196.2	7410.3
1194.67	7278.16
1193.13	7270.04
1191.6	7423.38
1190.07	7376.1
1188.53	7384.26
1187	7262.04
1185.47	7359.84
1183.93	7283.3
1182.4	7195.38
1180.86	7369.66
1179.33	7428.28
1177.79	7270.4
1176.25	7213.48
1174.72	7374.59
1173.18	7330.68
1171.64	7218.5
1170.1	7129.12
1168.57	7291.72
1167.03	7308
1165.49	7299.9
1163.95	7278.8
1162.41	7335.67
1160.87	7148.96
1159.33	7317.84
1157.79	7228.6
1156.25	7205.92
1154.71	7267.6
1153.17	7280.6
1151.63	7231.98
1150.08	7256.33
1148.54	7283.91
1147	7381.16
1145.46	7283.95
1143.91	7329.32
1142.37	7259.7
1140.82	7382.77
1139.28	7476.65
1137.73	7290.52
1136.19	7324.51
1134.64	7384.37
1133.1	7434.5
1131.55	7426.39
1130.01	7447.39
1128.46	7356.87
1126.91	7162.96
1125.36	7366.55
1123.82	7448.92
1122.27	7460.2
1120.72	7327.79
1119.17	7376.21
1117.62	7502.07
1116.07	7495.58
1114.52	7443.93
1112.97	7466.48
1111.42	7534.16
1109.87	7448.68
1108.32	7424.48
1106.77	7490.52
1105.22	7471.15
1103.66	7446.96
1102.11	7540.31
1100.56	7549.92
1099	7499.98
1097.45	7654.4
1095.9	7487.02
1094.34	7512.71
1092.79	7522.31
1091.23	7449.92
1089.68	7419.34
1088.12	7459.49
1086.56	7419.28
1085.01	7435.32
1083.45	7473.82
1081.89	7592.59
1080.34	7595.73
1078.78	7663.06
1077.22	7622.86
1075.66	7667.7
1074.1	7515.26
1072.54	7627.44
1070.98	7592.09
1069.43	7704.21
1067.86	7553.49
1066.3	7679.98
1064.74	7527.73
1063.18	7556.49
1061.62	7662.09
1060.06	7581.97
1058.5	7596.29
1056.93	7514.62
1055.37	7556.15
1053.81	7624.84
1052.24	7556.01
1050.68	7610.28
1049.12	7539.88
1047.55	7638.88
1045.99	7606.84
1044.42	7581.2
1042.85	7731.21
1041.29	7443.75
1039.72	7574.57
1038.16	7510.67
1036.59	7465.94
1035.02	7545.63
1033.45	7480.17
1031.88	7547.07
1030.32	7457.74
1028.75	7473.61
1027.18	7393.9
1025.61	7438.45
1024.04	7349.22
1022.47	7473.37
1020.9	7570.4
1019.33	7470.06
1017.76	7473.18
1016.18	7536.74
1014.61	7550.98
1013.04	7520.68
1011.47	7313.95
1009.89	7356.83
1008.32	7353.61
1006.75	7507.67
1005.17	7458.35
1003.6	7626.6
1002.02	7385.2
1000.45	7439.11
998.873	7493
997.297	7469.13
995.721	7445.27
994.145	7507.05
992.568	7445.13
990.991	7475.18
989.413	7441.83
987.835	7470.28
986.257	7512.98
984.678	7474.89
983.099	7335.48
981.52	7318.02
979.94	7446.17
978.36	7613.82
976.78	7469.76
975.199	7593.04
973.618	7472.77
972.037	7490.08
970.455	7447.32
968.873	7565.76
967.29	7458.23
965.707	7545.02
964.124	7563.87
962.541	7497.46
960.957	7607.86
959.373	7544.63
957.788	7440.4
956.203	7546.01
954.618	7563.25
953.032	7495.35
951.446	7392.8
949.86	7466.8
948.273	7474.6
946.686	7488.69
945.099	7600.41
943.511	7631.79
941.923	7675.74
940.334	7571.73
938.745	7614.1
937.156	7604.54
935.567	7643.74
933.977	7528.83
932.387	7630.91
930.796	7578.91
929.205	7680.94
927.614	7518.98
926.022	7633.54
924.43	7581.59
922.838	7554.78
921.245	7662.97
919.652	7648.71
918.058	7618.76
916.465	7585.69
914.87	7543.23
913.276	7607.4
911.681	7605.7
910.086	7726.25
908.49	7578.81
906.894	7758.83
905.298	7631.81
903.701	7731.88
902.104	7617.45
900.507	7769.13
898.909	7559.28
897.311	7706.21
895.713	7679.47
894.114	7673.06
892.515	7741.7
890.916	7664.95
889.316	7700.74
887.715	7680.27
886.115	7761.34
884.514	7694.02
882.913	7681.38
881.311	7773.31
879.709	7724.76
878.107	8016.35
876.504	7811.78
874.901	7766.37
873.298	7848.83
871.694	7783.16
870.09	7761.16
868.485	7991.59
866.88	7823.12
865.275	7917.93
863.669	7913.05
862.064	7835
860.457	7932.85
858.851	7896.85
857.244	7823.52
855.636	7944.64
854.028	7927.31
852.42	8077.89
850.812	7967.29
849.203	8068.06
847.594	7965.27
845.984	8064.45
844.375	8089.05
842.764	8068.6
841.154	8110.26
839.543	8089.82
837.931	8120.59
836.32	8145.14
834.708	8109.2
833.095	8197.31
831.482	8212.52
829.869	8063.46
828.256	8232.09
826.642	8171.38
825.028	8185.03
823.413	8063.97
821.798	8164.33
820.183	8323.46
818.567	8247.32
816.951	8118.62
815.335	8098.24
813.718	8133.54
812.101	8221.38
810.483	8194.8
808.865	8160.51
807.247	8243.65
805.629	8112.06
804.01	8193.63
802.39	8247.37
800.771	8270.21
799.151	8231.32
797.53	8283.47
795.91	8179.81
794.288	8324.47
792.667	8202.34
791.045	8188.17
789.423	8231.02
787.8	8121.32
786.177	8216.54
784.554	8083.79
782.93	8078.89
781.306	8075.54
779.682	8138.36
778.057	8193.46
776.432	8254.69
774.807	8334.35
773.181	8198.7
771.554	8258.35
769.928	8170.42
768.301	8214.68
766.674	8291.18
765.046	8253.99
763.418	8160
761.789	8313.22
760.161	8251.49
758.531	8353.98
756.902	8201.75
755.272	8132.42
753.642	8326.87
752.011	8248.34
750.38	8412.03
748.749	8224.7
747.117	8313.25
745.485	8308.31
743.852	8326.35
742.22	8396.43
740.586	8437.4
738.953	8567.11
737.319	8334.15
735.685	8404.16
734.05	8490.97
732.415	8356.03
730.779	8445.87
729.144	8353.8
727.507	8510.82
725.871	8577.64
724.234	8589.46
722.597	8498.96
720.959	8629.85
719.321	8557.7
717.683	8488.63
716.044	8468.4
714.405	8527.5
712.765	8586.57
711.126	8651.71
709.485	8655.86
707.845	8722.48
706.204	8703.75
704.563	8677.41
702.921	8640.43
701.279	8761.8
699.636	8727.85
697.993	8626.97
696.35	8723.91
694.707	8784.3
693.063	8797.53
691.419	8824.42
689.774	9029.16
688.129	8945.05
686.483	8924.8
684.838	8975.95
683.191	9049.85
681.545	9032.62
679.898	9121.66
678.251	8967.83
676.603	9146.36
674.955	9238.34
673.307	9051.23
671.658	9173.51
670.009	9213.88
668.359	9140.56
666.709	9233.96
665.059	9331.85
663.408	9217.66
661.757	9180.75
660.106	9222.57
658.454	9371.84
656.802	9316.75
655.15	9242.02
653.497	9288.33
651.844	9348.22
650.19	9503.34
648.536	9265.39
646.881	9370.58
645.227	9341.26
643.572	9254.56
641.916	9439.72
640.26	9499.48
638.604	9554.68
636.947	9531.39
635.29	9713.29
633.633	9786.51
631.975	9773.74
630.317	9812.23
628.659	10070.8
627	10091.1
625.34	10253
623.681	10383.3
622.021	10420.1
620.36	10553.2
618.7	10446.9
617.038	10802.8
615.377	10672.4
613.715	10994.9
612.053	10777.4
610.39	10856.1
608.727	10632.7
607.064	10496.5
605.4	10318.3
603.736	10074.1
602.071	9996.7
600.406	9604.02
598.741	9616.85
597.075	9424.05
595.409	9339.38
593.743	9311.76
592.076	9195.65
590.409	9094.59
588.741	9168.98
587.073	9057.48
585.405	9118.35
583.736	8978.45
582.067	9030.33
580.397	9127.11
578.728	8954.36
577.057	8968.78
575.387	8864.98
573.716	9035.02
572.044	8953.68
570.373	8846.97
568.7	9114.07
567.028	9076.12
565.355	8912.66
563.682	8988.32
562.008	9016.14
560.334	9030.52
558.66	8858.25
556.985	9030.88
555.31	8839.29
553.634	8964.1
551.958	8988.91
550.282	8782.54
548.605	8947.53
546.928	9009.59
545.25	8922.59
543.573	9111.27
541.894	8849.99
540.216	8912.02
538.537	9055.9
536.857	9064.26
535.178	9062.19
533.497	9095.83
531.817	8919.7
530.136	9163.07
528.455	9083.66
526.773	9117.26
525.091	9143.42
523.408	9169.56
521.725	9194.21
520.042	9113.39
518.359	9335.53
516.675	9251.75
514.99	9240.73
513.305	9453.78
511.62	9435.3
509.935	9447.97
508.249	9531.82
506.562	9603.77
504.876	10012.1
503.189	9676.43
501.501	9732
499.813	9799.39
498.125	9804.55
496.436	9740.13
494.747	9751.22
493.058	9722.35
491.368	9767.47
489.678	9584.78
487.987	9353.38
486.297	9360.11
484.605	9312.14
482.913	9403.11
481.221	9254.69
479.529	9230.42
477.836	9318.39
476.143	9153.85
474.449	9207.84
472.755	9151.13
471.061	9169.69
469.366	8996.48
467.67	8972.3
465.975	9058.7
464.279	8906.27
462.582	9053.08
460.886	8927.24
459.189	9069.55
457.491	9027.71
455.793	9056.56
454.095	9195.8
452.396	9186.33
450.697	9138.61
448.997	9245.37
447.298	9256.49
445.597	9161.73
443.897	9331.62
442.196	9460.28
440.494	9502.19
438.792	9589.62
437.09	9750.44
435.387	9780.5
433.684	9910.37
431.981	10142.9
430.277	10260.9
428.573	10500.6
426.868	10633.1
425.163	10913.7
423.458	11210.2
421.752	11480.3
420.046	11565.5
418.34	12046.3
416.633	12179.8
414.925	12324.9
413.218	12600.2
411.51	12434.8
409.801	12317.8
408.092	11990.2
406.383	11484.3
404.673	11246.3
402.963	10796.3
401.253	10462.1
399.542	10179.1
397.831	9862.65
396.119	9714.32
394.407	9456.54
392.694	9372.61
390.982	9204.06
389.268	9142.11
387.555	9211.5
385.841	9174.37
384.126	9080.39
382.411	8852.32
380.696	9010.62
378.981	8976.48
377.265	8971.5
375.548	8959.24
373.832	9032.89
372.114	8930.36
370.397	8992.34
368.679	9019.37
366.96	8975.1
365.242	8834.85
363.523	8943.34
361.803	8944.18
360.083	8930.49
358.363	8751.14
356.642	8871.16
354.921	8946.1
353.199	8916.44
351.477	9045.05
349.755	8938.46
348.032	9008.95
346.309	8928.53
344.586	9051.21
342.862	9012.87
341.137	9232.61
339.413	9136.26
337.688	9187.77
335.962	9350.82
334.236	9305.2
332.51	9450.77
330.783	9583.23
329.056	9646.16
327.328	9895.73
325.601	10094.6
323.872	10328
322.144	10343
320.414	10783
318.685	11003.1
316.955	11246.3
315.225	11701.7
313.494	12029.7
311.763	12461.7
310.031	12928
308.299	13512.5
306.567	14209.3
304.834	14911.6
303.101	15485.1
301.368	16169.5
299.634	16965.9
297.9	17309.4
296.165	17458.1
294.43	17557.8
292.694	17281.5
290.958	16823.9
289.222	15640.8
287.485	14459.6
285.748	13430.2
284.011	12712
282.273	12155.2
280.534	11657.7
278.795	11075.5
277.056	10700.6
275.317	10389.2
273.577	10165.5
271.836	10178.9
270.096	10083.2
268.355	9989
266.613	10015.4
264.871	9980.07
263.129	10010.8
261.386	9956.79
259.643	9998.94
257.899	10151.5
256.155	10281
254.411	10427.7
252.666	10495.4
250.921	10836.8
249.175	10873
247.429	11181.1
245.683	11214.3
243.936	11281.9
242.189	11436.6
240.441	11535.5
238.693	11827.5
236.944	12009.2
235.196	12372.3
233.446	13024
231.697	13538.2
229.947	14043.6
228.196	14493.1
226.445	14668.2
224.694	14330.8
222.942	13498.2
221.19	12422.1
219.437	11841.5
217.685	11296.8
215.931	11238.5
214.177	10751.3
212.423	10456.6
210.669	10241.9
208.914	9985.9
207.158	9875.34
205.403	9932.84
203.646	9862.2
201.89	9925.37
200.133	9799.27
