4501.29	7944.7
4500.4	7808.9
4499.52	7878.26
4498.64	8015.48
4497.75	7773.72
4496.87	7752.58
4495.98	7773.84
4495.1	7715.96
4494.22	7816.35
4493.33	7809.34
4492.45	7824.94
4491.56	7817.93
4490.68	7666.9
4489.79	7552.63
4488.9	7534.38
4488.02	7665.72
4487.13	7523.29
4486.25	7761.81
4485.36	7376.8
4484.47	7510.9
4483.59	7605.48
4482.7	7409.61
4481.81	7439.33
4480.93	7404.21
4480.04	7442.37
4479.15	7263.57
4478.26	7267.94
4477.38	7384.97
4476.49	7265.41
4475.6	7264.15
4474.71	7245.99
4473.83	7419.23
4472.94	7235.03
4472.05	7337.87
4471.16	7134.05
4470.27	7062.49
4469.38	7173.74
4468.49	7161.25
4467.6	7202.17
4466.71	7088.49
4465.82	7300.82
4464.93	7130.97
4464.04	7059.5
4463.15	7024.56
4462.26	7116.01
4461.37	7117.58
4460.48	7068.61
4459.59	6966.34
4458.7	6953.9
4457.81	6876.93
4456.92	6923.42
4456.03	6981.11
4455.14	6881.75
4454.24	7012.33
4453.35	7058.76
4452.46	6993.06
4451.57	6868.54
4450.68	6945.79
4449.78	6804.51
4448.89	6909.76
4448	6922.56
4447.11	7022.14
4446.21	6861.35
4445.32	6804.18
4444.43	6881.34
4443.53	6852.16
4442.64	6937.69
4441.75	7023.18
4440.85	6815.02
4439.96	6825.01
4439.06	6902.09
4438.17	6906.48
4437.27	6835.41
4436.38	6873.33
4435.48	6849.78
4434.59	7116.72
4433.69	6889.28
4432.8	6787.56
4431.9	6764.04
4431.01	7002.9
4430.11	6881.68
4429.22	6821.88
4428.32	7013.17
4427.42	6928.27
4426.53	6899.18
4425.63	6870.09
4424.73	6974.82
4423.84	7179.85
4422.94	7122.86
4422.04	7088.18
4421.14	6956.01
4420.25	7052.28
4419.35	6917.38
4418.45	7239.15
4417.55	7045.8
4416.65	7183.73
4415.76	7090.64
4414.86	7028.19
4413.96	7191.09
4413.06	7167.58
4412.16	7252.54
4411.26	7120.59
4410.36	7158.26
4409.46	7362.68
4408.56	7225.23
4407.66	7251.75
4406.76	7375.49
4405.86	7479.74
4404.96	7339.58
4404.06	7357.73
4403.16	7362
4402.26	7485.61
4401.36	7492.62
4400.46	7513.5
4399.56	7423.42
4398.66	7369.42
4397.76	7581.66
4396.85	7594.19
4395.95	7700.98
4395.05	7627.56
4394.15	7872.86
4393.25	7685.85
4392.34	7795.31
4391.44	7641.61
4390.54	7643.04
4389.64	7735.83
4388.73	7919.95
4387.83	7829.99
4386.93	7762.21
4386.02	7777.45
4385.12	7886.73
4384.21	7910.24
4383.31	8049.89
4382.41	7937.88
4381.5	8210.16
4380.6	7910.22
4379.69	8102.27
4378.79	8197.56
4377.88	8193.36
4376.98	8169.82
4376.07	8027.55
4375.17	8219.41
4374.26	8176.56
4373.36	8224.81
4372.45	8336.51
4371.54	8296.42
4370.64	8352.89
4369.73	8398.31
4368.82	8476.81
4367.92	8464.29
4367.01	8449.02
4366.1	8563.3
4365.2	8589.35
4364.29	8637.43
4363.38	8589.09
4362.47	8694.99
4361.57	8734.77
4360.66	8782.79
4359.75	8646.37
4358.84	9082.46
4357.93	8802.93
4357.02	8699.59
4356.11	8700.81
4355.21	8878.05
4354.3	9090.98
4353.39	8814.45
4352.48	9010.82
4351.57	8995.49
4350.66	9054.36
4349.75	9214.87
4348.84	9180.28
4347.93	9002.9
4347.02	9245.71
4346.11	9139.75
4345.2	9278.14
4344.29	9487.84
4343.37	9022.42
4342.46	9289.71
4341.55	9192.06
4340.64	9242.56
4339.73	9386.26
4338.82	9488.79
4337.9	9352.81
4336.99	9208.65
4336.08	9620.79
4335.17	9528.69
4334.26	9436.62
4333.34	9571.9
4332.43	9534.61
4331.52	9439.85
4330.6	9605.16
4329.69	9491.26
4328.78	9604.52
4327.86	9712.26
4326.95	9620.28
4326.03	9470.91
4325.12	9477.44
4324.21	9765.57
4323.29	9747.45
4322.38	9576.29
4321.46	9667.5
4320.55	9745.03
4319.63	9598.54
4318.72	9656.93
4317.8	9846.37
4316.88	9689.02
4315.97	9943.89
4315.05	9748.37
4314.14	9894
4313.22	9886.8
4312.3	9988.71
4311.39	9940.58
4310.47	9881.57
4309.55	9994.33
4308.63	9869.91
4307.72	10069.8
4306.8	10029.9
4305.88	10060.8
4304.96	10015.5
4304.05	9948.35
4303.13	10061
4302.21	10168.1
4301.29	10013.9
4300.37	10167.2
4299.45	10151.8
4298.54	10092.9
4297.62	10085.7
4296.7	10018.6
4295.78	10220.8
4294.86	10104.8
4293.94	10219.9
4293.02	10261.6
4292.1	10303.2
4291.18	10141.1
4290.26	10177.4
4289.34	10246.2
4288.42	10111.3
4287.5	10310.4
4286.57	10186.5
4285.65	10399
4284.73	10427.1
4283.81	10384.5
4282.89	10496.6
4281.97	10207.3
4281.04	10324.8
4280.12	10333.8
4279.2	10418.7
4278.28	10259.7
4277.35	10328.3
4276.43	10629.9
4275.51	10584.7
4274.59	10252.4
4273.66	10499.7
4272.74	10443.7
4271.81	10390.5
4270.89	10615.9
4269.97	10446.3
4269.04	10614.9
4268.12	10694.1
4267.19	10573.3
4266.27	10552.5
4265.34	10377.6
4264.42	10578.5
4263.49	10400.9
4262.57	10361.3
4261.64	10743
4260.72	10546.7
4259.79	10609.6
4258.87	10632
4257.94	10484.4
4257.01	10520.3
4256.09	10610.2
4255.16	10673.1
4254.23	10617.2
4253.31	10558.7
4252.38	10648.5
4251.45	10776
4250.52	10634
4249.6	10543.2
4248.67	10659.8
4247.74	10851.9
4246.81	10680.3
4245.88	10476.4
4244.96	10776.2
4244.03	10715
4243.1	10686.2
4242.17	10835
4241.24	10900.4
4240.31	10944.2
4239.38	10662.5
4238.45	10867.7
4237.52	10669.5
4236.59	10678.3
4235.66	10781.3
4234.73	10645
4233.8	10844.6
4232.87	10732.5
4231.94	10760.2
4231.01	10744.8
4230.08	10887.9
4229.15	10907.5
4228.22	10892.1
4227.28	10909
4226.35	10864.1
4225.42	10679.8
4224.49	11160.7
4223.56	11051.4
4222.62	10840.3
4221.69	11243.2
4220.76	10906.2
4219.83	10906.9
4218.89	10910.3
4217.96	10892.3
4217.03	10911.8
4216.09	11000.9
4215.16	10806.2
4214.23	11074.6
4213.29	10954.9
4212.36	10987.7
4211.42	10951
4210.49	11040
4209.55	10891
4208.62	10867.6
4207.68	10881.7
4206.75	11042.9
4205.81	10888.6
4204.88	10998.9
4203.94	10812.6
4203.01	11171.3
4202.07	11361.6
4201.13	11092.5
4200.2	11005.1
4199.26	11011.2
4198.32	11025.2
4197.39	10943.2
4196.45	10949.3
4195.51	11158
4194.58	11220.1
4193.64	10970.1
4192.7	11098.8
4191.76	11238.1
4190.82	11340
4189.89	11186.1
4188.95	10944.3
4188.01	11104.9
4187.07	10919.1
4186.13	11207.4
4185.19	11072.3
4184.25	11227.4
4183.31	11305.2
4182.37	11244.7
4181.43	11101.7
4180.49	11168.9
4179.55	11238.7
4178.61	11154.3
4177.67	11117.7
4176.73	11453.3
4175.79	11182.8
4174.85	11257.9
4173.91	11197.5
4172.97	11253.9
4172.03	11257.2
4171.09	11199.4
4170.14	11261.2
4169.2	11346.7
4168.26	11233.3
4167.32	11350.7
4166.38	11176.2
4165.43	11211.3
4164.49	11212
4163.55	11443.3
4162.6	11316.7
4161.66	11410.1
4160.72	11341.8
4159.77	11300
4158.83	11298
4157.89	11160.9
4156.94	11267.5
4156	11339.6
4155.05	11239.7
4154.11	11325
4153.16	11463.2
4152.22	11244.2
4151.27	11316.3
4150.33	11610.5
4149.38	11333.4
4148.44	11537.6
4147.49	11324.1
4146.55	11411.9
4145.6	11272.5
4144.65	11368.2
4143.71	11429.6
4142.76	11440.7
4141.81	11388.5
4140.87	11368
4139.92	11437.2
4138.97	11255.7
4138.03	11404.1
4137.08	11452.2
4136.13	11226
4135.18	11490.3
4134.23	11311.6
4133.29	11378.1
4132.34	11378.7
4131.39	11442.6
4130.44	11364.1
4129.49	11335.7
4128.54	11491.8
4127.59	11387
4126.64	11521.9
4125.69	11282.9
4124.74	11257.2
4123.79	11360.4
4122.84	11326.8
4121.89	11498.4
4120.94	11456.9
4119.99	11399.6
4119.04	11442.3
4118.09	11421.9
4117.14	11178
4116.19	11465.1
4115.24	11294.9
4114.28	11571.3
4113.33	11479.9
4112.38	11417.5
4111.43	11428.6
4110.48	11305.8
4109.52	11358.9
4108.57	11453.9
4107.62	11525.3
4106.66	11528.5
4105.71	11350.7
4104.76	11440.5
4103.8	11372.9
4102.85	11591
4101.9	11326.9
4100.94	11322.2
4099.99	11299.2
4099.03	11438.7
4098.08	11407.8
4097.12	11301
4096.17	11283.3
4095.21	11260.3
4094.26	11260.9
4093.3	11313.8
4092.35	11254.3
4091.39	11383
4090.44	11433.3
4089.48	11402.5
4088.52	11596.5
4087.57	11408.8
4086.61	11388.5
4085.65	11443.9
4084.7	11347.9
4083.74	11499.9
4082.78	11362.1
4081.82	11451.4
4080.87	11475.5
4079.91	11405.5
4078.95	11510.5
4077.99	11563.2
4077.03	11514.2
4076.08	11238.3
4075.12	11463.1
4074.16	11521
4073.2	11432.9
4072.24	11326.6
4071.28	11306.3
4070.32	11624.8
4069.36	11341.4
4068.4	11503.4
4067.44	11454.5
4066.48	11389.9
4065.52	11348.8
4064.56	11352
4063.6	11545.1
4062.64	11628.9
4061.68	11515
4060.72	11606.5
4059.75	11315.8
4058.79	11508.7
4057.83	11402.7
4056.87	11522.8
4055.91	11409
4054.94	11544.6
4053.98	11251.7
4053.02	11639.2
4052.06	11473.5
4051.09	11463.7
4050.13	11684.8
4049.17	11672.3
4048.2	11493.8
4047.24	11707
4046.27	11598.6
4045.31	11669.1
4044.35	11467.4
4043.38	11353.8
4042.42	11424.4
4041.45	11603.7
4040.49	11435.8
4039.52	11389.7
4038.56	11483.5
4037.59	11522.9
4036.63	11606.2
4035.66	11456.6
4034.69	11387.2
4033.73	11431.8
4032.76	11616
4031.8	11727.7
4030.83	11554.9
4029.86	11441.6
4028.89	11734.3
4027.93	11683.1
4026.96	11525.9
4025.99	11676.3
4025.02	11712.9
4024.06	11682.4
4023.09	11685.4
4022.12	11657.5
4021.15	11624.4
4020.18	11555.2
4019.21	11684.8
4018.25	11597.5
4017.28	11737.3
4016.31	11766.1
4015.34	11562.9
4014.37	11431.9
4013.4	11566.4
4012.43	11530.9
4011.46	11696.3
4010.49	11397.9
4009.52	11681.8
4008.55	11586.9
4007.58	11721.3
4006.6	11744.9
4005.63	11745.4
4004.66	11959.5
4003.69	11921.3
4002.72	11746.8
4001.75	11780.7
4000.77	11830
3999.8	11786.7
3998.83	11825.7
3997.86	11818.4
3996.88	11690.4
3995.91	11757.6
3994.94	11837.7
3993.96	11825.3
3992.99	11733.3
3992.02	11815.9
3991.04	11906.2
3990.07	11693.6
3989.1	11827.4
3988.12	11756
3987.15	11738.5
3986.17	11718.4
3985.2	11780.4
3984.22	11888.6
3983.25	11860.8
3982.27	11725.4
3981.3	11725.8
3980.32	11800.5
3979.34	11777.9
3978.37	11550.4
3977.39	11822.3
3976.41	11763.8
3975.44	11815.5
3974.46	11734
3973.48	11795.8
3972.51	11535.3
3971.53	11876
3970.55	11809.9
3969.57	11713.2
3968.6	11920.7
3967.62	11890.4
3966.64	11857.6
3965.66	11605
3964.68	11776.7
3963.7	11930.3
3962.73	11586
3961.75	11931.1
3960.77	11834.5
3959.79	11824.7
3958.81	12042
3957.83	11922.5
3956.85	11780
3955.87	11887.6
3954.89	11885.4
3953.91	11814.4
3952.93	11700.1
3951.94	11787.2
3950.96	11802.9
3949.98	11818.6
3949	12142.5
3948.02	11763.4
3947.04	11921.7
3946.06	11919.5
3945.07	11981
3944.09	11864.3
3943.11	11811.2
3942.13	12017.7
3941.14	11840
3940.16	11881.1
3939.18	11823
3938.19	12064.9
3937.21	11996.7
3936.23	12045.3
3935.24	11982.1
3934.26	11974.9
3933.27	11970.2
3932.29	11874
3931.3	11970.9
3930.32	11874.8
3929.33	11862.5
3928.35	11690.3
3927.36	11893.7
3926.38	11838.3
3925.39	11775.3
3924.41	11763
3923.42	12044.8
3922.43	11746.1
3921.45	11987.2
3920.46	11812.7
3919.47	12299.5
3918.49	11813.5
3917.5	11902.5
3916.51	12148.5
3915.52	12126.1
3914.54	12012.5
3913.55	11939.4
3912.56	11843.7
3911.57	11768.1
3910.58	11970.9
3909.6	12130.5
3908.61	11951.4
3907.62	11865.8
3906.63	11808
3905.64	12023.2
3904.65	12104.4
3903.66	12044.1
3902.67	12276.8
3901.68	11953.8
3900.69	12183.9
3899.7	12159
3898.71	12131.5
3897.72	12083.9
3896.73	12008.6
3895.74	11998.8
3894.74	11913.4
3893.75	11989.4
3892.76	12050.2
3891.77	12053.1
3890.78	11945.1
3889.79	12194.8
3888.79	11877.7
3887.8	12039.3
3886.81	12084.9
3885.81	12009.7
3884.82	12098.2
3883.83	11934.9
3882.83	12129
3881.84	12207.3
3880.85	12003.8
3879.85	12187.8
3878.86	12210.7
3877.86	12459.9
3876.87	12196.2
3875.88	12068.3
3874.88	12023.4
3873.89	12264.9
3872.89	12003.9
3871.89	12265.4
3870.9	12059.8
3869.9	12075.2
3868.91	12324
3867.91	12203.8
3866.91	12226.7
3865.92	12417.6
3864.92	12119.4
3863.92	11966.7
3862.93	12277.9
3861.93	11964.8
3860.93	12468.9
3859.93	12321.3
3858.94	12274
3857.94	12259.2
3856.94	12282
3855.94	12337.4
3854.94	12595.5
3853.94	12152.7
3852.95	12198
3851.95	12405.9
3850.95	12278.6
3849.95	12331.4
3848.95	12099.1
3847.95	12406.9
3846.95	12534.6
3845.95	12509.8
3844.95	12512.6
3843.95	12367.9
3842.95	12218.2
3841.95	12353.3
3840.94	12231.2
3839.94	12241.5
3838.94	12424
3837.94	12449.1
3836.94	12207.3
3835.94	12265
3834.93	12572
3833.93	12402.6
3832.93	12355.5
3831.93	12610
3830.92	12246.3
3829.92	12555.6
3828.92	12376.4
3827.91	12291.9
3826.91	12464
3825.91	12536.4
3824.9	12496.8
3823.9	12352.6
3822.89	12499.7
3821.89	12611.9
3820.88	12622
3819.88	12480.4
3818.87	12468.2
3817.87	12498.2
3816.86	12346.7
3815.86	12232.6
3814.85	12466.5
3813.84	12220.7
3812.84	12506.6
3811.83	12564
3810.83	12395.3
3809.82	12450.1
3808.81	12308.8
3807.8	12346.3
3806.8	12465.6
3805.79	12401.3
3804.78	12652.1
3803.77	12486.1
3802.77	12493.7
3801.76	12774.1
3800.75	12347.8
3799.74	12610.8
3798.73	12439.9
3797.72	12482.3
3796.71	12425.5
3795.7	12435.6
3794.69	12554.6
3793.68	12542.4
3792.67	12614.4
3791.66	12552.7
3790.65	12446.5
3789.64	12360.1
3788.63	12370.2
3787.62	12419.8
3786.61	12467
3785.6	12499.3
3784.59	12358.6
3783.58	12462.6
3782.56	12465.3
3781.55	12579.1
3780.54	12594.1
3779.53	12495.4
3778.52	12310.5
3777.5	12774.7
3776.49	12404.7
3775.48	12434.5
3774.46	12427.2
3773.45	12198
3772.44	12464.6
3771.42	12462.3
3770.41	12511.8
3769.39	12689.4
3768.38	12428.3
3767.36	12295.5
3766.35	12468.1
3765.34	12525
3764.32	12549.7
3763.3	12473.6
3762.29	12252.2
3761.27	12505.9
3760.26	12454.4
3759.24	12489
3758.23	12745
3757.21	12587.7
3756.19	12295.2
3755.18	12521.6
3754.16	12543.9
3753.14	12541.6
3752.12	12387
3751.11	12431.4
3750.09	12647.7
3749.07	12586.4
3748.05	12714.2
3747.03	12596.5
3746.02	12682.6
3745	12540.3
3743.98	12594.5
3742.96	12810.5
3741.94	12656.1
3740.92	12653.7
3739.9	12634.2
3738.88	12889.3
3737.86	12497.2
3736.84	12575.8
3735.82	12428.9
3734.8	12532
3733.78	12549.3
3732.76	12679.2
3731.74	12676.9
3730.71	12703.9
3729.69	12750.5
3728.67	12562.2
3727.65	12574.6
3726.63	12721.4
3725.61	12643.3
3724.58	12682.5
3723.56	12660.6
3722.54	12729.2
3721.51	12653.5
3720.49	12778.2
3719.47	12912.7
3718.44	12788.2
3717.42	12671.1
3716.4	12510
3715.37	12778.7
3714.35	12698.2
3713.32	12813
3712.3	12666.7
3711.27	12644.9
3710.25	12925.4
3709.22	12754.8
3708.2	12959.7
3707.17	12908.5
3706.15	12713.6
3705.12	12889.1
3704.09	13025.6
3703.07	13120.6
3702.04	12748.1
3701.01	12862.6
3699.99	12908.9
3698.96	12930.9
3697.93	13047.7
3696.9	12933.4
3695.88	12896.9
3694.85	12858.1
3693.82	12831.4
3692.79	13016.2
3691.76	13052.7
3690.74	12853.5
3689.71	13232.6
3688.68	13179.1
3687.65	13149.9
3686.62	13191.2
3685.59	13230.1
3684.56	13149.9
3683.53	13188.8
3682.5	13244.6
3681.47	13310.1
3680.44	13414.3
3679.41	13300.3
3678.38	13428.8
3677.34	13334.2
3676.31	13387.4
3675.28	13438.3
3674.25	13518.2
3673.22	13571.4
3672.19	13743.3
3671.15	13643.9
3670.12	13534.8
3669.09	13677.6
3668.06	13849.3
3667.02	13849.2
3665.99	13769.2
3664.96	13880.3
3663.92	13805.2
3662.89	14075.9
3661.85	13884.7
3660.82	14041.7
3659.79	14034.2
3658.75	14357.9
3657.72	14273.1
3656.68	14321.1
3655.65	14359.5
3654.61	14366.5
3653.57	14576.3
3652.54	14597.8
3651.5	14749.5
3650.47	14884.3
3649.43	14999.7
3648.39	14934.3
3647.36	14974.9
3646.32	15020.3
3645.28	15333.3
3644.25	15405.2
3643.21	15583.1
3642.17	15734.4
3641.13	15656.8
3640.09	15817.6
3639.06	15988.1
3638.02	16281.2
3636.98	16511.7
3635.94	16426.8
3634.9	16599.4
3633.86	16543.4
3632.82	16626.9
3631.78	17162.5
3630.74	16969.4
3629.7	17235.4
3628.66	17326
3627.62	17349.2
3626.58	17766.4
3625.54	17551.7
3624.5	17750.2
3623.46	17785.3
3622.42	18017.3
3621.38	17978
3620.33	18070.6
3619.29	18324
3618.25	18116.7
3617.21	18384.4
3616.17	18253.8
3615.12	18310.4
3614.08	18283
3613.04	18459.4
3611.99	18376.9
3610.95	18239.3
3609.91	18370
3608.86	18225.3
3607.82	18356
3606.77	18345.4
3605.73	18028.5
3604.69	18264.4
3603.64	18182.1
3602.6	18020.8
3601.55	18249.5
3600.5	17657.8
3599.46	18044.2
3598.41	17864
3597.37	18133.1
3596.32	17833.5
3595.27	17698.7
3594.23	17855.5
3593.18	17739.9
3592.13	17500.2
3591.09	17824
3590.04	17345.7
3588.99	17395
3587.94	17403.7
3586.9	17025.9
3585.85	17175.4
3584.8	17239
3583.75	17164.2
3582.7	17335.1
3581.65	17124.5
3580.6	17076
3579.56	17225.3
3578.51	16929.1
3577.46	16978.4
3576.41	17013.3
3575.36	16819.7
3574.31	16937.9
3573.26	16768.2
3572.2	16915
3571.15	16961.8
3570.1	16915.8
3569.05	16741.4
3568	16688.4
3566.95	16794.6
3565.9	16993.5
3564.84	16662.4
3563.79	16654.6
3562.74	16665.7
3561.69	16800.4
3560.63	16688
3559.58	16789.4
3558.53	16781.5
3557.47	16711.9
3556.42	16727.8
3555.37	16700.9
3554.31	16574.5
3553.26	16630.7
3552.2	16715.3
3551.15	16712.2
3550.09	16645.1
3549.04	16722.5
3547.98	16546.4
3546.93	16588.4
3545.87	16734.5
3544.82	16511.1
3543.76	16692.7
3542.71	16549.9
3541.65	16582.4
3540.59	16477.5
3539.54	16772.5
3538.48	16845.1
3537.42	16534.5
3536.36	16618.9
3535.31	16700.9
3534.25	16801.8
3533.19	16531.6
3532.13	16412.8
3531.07	16558.5
3530.02	16810.5
3528.96	16625.5
3527.9	16794.7
3526.84	16555.6
3525.78	16561.9
3524.72	16530.5
3523.66	16602.9
3522.6	16701.2
3521.54	16492.9
3520.48	16687.9
3519.42	16557.5
3518.36	16693.4
3517.3	16662
3516.24	16477.5
3515.17	16575.7
3514.11	16438.4
3513.05	16708.5
3511.99	16507.6
3510.93	16626.9
3509.87	16621.4
3508.8	16594.8
3507.74	16547
3506.68	16638
3505.61	16524.3
3504.55	16547.1
3503.49	16736.7
3502.42	16378.7
3501.36	16465
3500.3	16619.3
3499.23	16564.5
3498.17	16331.2
3497.1	16424.4
3496.04	16595.1
3494.97	16354.9
3493.91	16713.3
3492.84	16625.7
3491.77	16413.8
3490.71	16645.2
3489.64	16698.4
3488.58	16772.6
3487.51	16352.2
3486.44	16653.8
3485.38	16554.7
3484.31	16471.9
3483.24	16494.6
3482.17	16559.4
3481.11	16483.7
3480.04	16391.7
3478.97	16737.3
3477.9	16682.7
3476.83	16506.4
3475.77	16571.2
3474.7	16535.3
3473.63	16525.2
3472.56	16491.7
3471.49	16685
3470.42	16656.1
3469.35	16739.5
3468.28	16668.6
3467.21	16513.6
3466.14	16461.5
3465.07	16654.5
3464	16798.5
3462.92	16837.3
3461.85	16953.2
3460.78	16754
3459.71	16552.6
3458.64	16684.7
3457.57	16791.2
3456.49	16596.9
3455.42	16682.3
3454.35	16632.6
3453.28	16594.5
3452.2	16304.9
3451.13	16457.8
3450.06	16680.6
3448.98	16502.9
3447.91	16625.5
3446.83	16931.9
3445.76	16665.8
3444.68	16872
3443.61	16675.8
3442.53	16644.7
3441.46	16739.3
3440.38	16740.8
3439.31	16616.8
3438.23	16636.9
3437.16	16610.5
3436.08	16758.4
3435	16588
3433.93	16619.7
3432.85	16716.4
3431.77	16634.4
3430.7	16800.6
3429.62	16674.5
3428.54	16773.4
3427.46	16723.9
3426.39	16660.5
3425.31	16615.6
3424.23	16723.7
3423.15	16623.2
3422.07	16569.1
3420.99	16698.1
3419.91	16604.6
3418.83	16569
3417.75	16542.7
3416.68	16704
3415.6	16652.2
3414.51	16572.7
3413.43	16831.1
3412.35	16804.8
3411.27	16866.4
3410.19	16803.1
3409.11	16508.6
3408.03	16623.4
3406.95	16777.4
3405.87	16362.9
3404.78	16468.4
3403.7	16627
3402.62	16690.8
3401.54	16376
3400.45	16497.5
3399.37	16582.1
3398.29	16671.3
3397.2	16451.3
3396.12	16697.3
3395.04	16380.5
3393.95	16442
3392.87	16641.8
3391.78	16590.2
3390.7	16435
3389.61	16653.1
3388.53	16555.5
3387.44	16540.8
3386.36	16685.1
3385.27	16417.2
3384.19	16734.1
3383.1	16523.8
3382.01	16470
3380.93	16453.1
3379.84	16443.1
3378.75	16387.1
3377.67	16618.5
3376.58	16254.4
3375.49	16747.9
3374.4	16340.2
3373.31	16353.2
3372.23	16524.7
3371.14	16301.1
3370.05	16415.1
3368.96	16423.5
3367.87	16333.2
3366.78	16293.4
3365.69	16370.6
3364.6	16466.2
3363.51	16171.7
3362.42	16317.7
3361.33	16248.2
3360.24	16316.2
3359.15	16411.6
3358.06	16204.6
3356.97	16103
3355.88	16535.2
3354.79	16467.9
3353.69	16448.8
3352.6	16296.8
3351.51	16190.8
3350.42	16322.7
3349.33	16132
3348.23	16211.3
3347.14	16114.5
3346.05	16273.8
3344.95	16195.2
3343.86	16224.2
3342.77	16255.4
3341.67	16115.2
3340.58	16087
3339.48	16319.2
3338.39	16083.2
3337.29	16087
3336.2	16093.1
3335.1	16167.6
3334.01	16192
3332.91	16250.5
3331.82	16165.3
3330.72	16032.2
3329.62	16229.9
3328.53	16313.4
3327.43	16059.6
3326.33	16412.1
3325.24	16131
3324.14	16335.2
3323.04	16313.9
3321.94	16208.3
3320.85	16148.3
3319.75	16154.4
3318.65	16017
3317.55	16287.1
3316.45	15983.6
3315.35	16265
3314.25	16155
3313.16	15999.6
3312.06	15998.8
3310.96	16064
3309.86	16126.8
3308.76	15951.1
3307.66	15845.8
3306.55	15663.4
3305.45	16171.3
3304.35	16202.3
3303.25	16054
3302.15	15858
3301.05	15932.1
3299.95	15852
3298.84	16028.2
3297.74	16018.3
3296.64	16081
3295.54	16064.4
3294.43	15993.3
3293.33	16026.5
3292.23	16019
3291.12	15823.4
3290.02	15954
3288.92	16145.7
3287.81	16129
3286.71	15910.9
3285.6	15880.7
3284.5	15981.8
3283.39	16116.8
3282.29	15964.4
3281.18	15671.9
3280.08	15786.5
3278.97	15996
3277.86	15920.6
3276.76	15876.9
3275.65	16190.2
3274.54	16031.3
3273.44	15630.7
3272.33	15702.3
3271.22	16076.3
3270.12	15590.2
3269.01	15925.7
3267.9	15902.4
3266.79	15894.9
3265.68	15918.9
3264.57	15789.6
3263.47	16016.5
3262.36	15844.4
3261.25	15836.9
3260.14	15779.8
3259.03	15792.6
3257.92	15852.6
3256.81	15917.2
3255.7	15529.1
3254.59	15683.7
3253.48	15680.8
3252.37	15851
3251.25	15778.3
3250.14	15701
3249.03	15927.4
3247.92	15553.4
3246.81	15856.2
3245.69	15713.8
3244.58	15814.2
3243.47	15755
3242.36	15675.6
3241.24	15728.8
3240.13	15831.3
3239.02	15756.4
3237.9	15627.7
3236.79	15561.9
3235.68	15794.5
3234.56	15542.5
3233.45	15490.2
3232.33	15520.9
3231.22	15652.4
3230.1	15629.3
3228.99	15675.6
3227.87	15486.6
3226.75	15833.2
3225.64	15704.7
3224.52	15674.8
3223.41	15535.2
3222.29	15527.8
3221.17	15668.1
3220.05	15550.9
3218.94	15718
3217.82	15507
3216.7	15542
3215.58	15682.2
3214.47	15685.9
3213.35	15454.9
3212.23	15391.6
3211.11	15449
3209.99	15609.1
3208.87	15548.1
3207.75	15504.9
3206.63	15584.5
3205.51	15432
3204.39	15596.4
3203.27	15742.9
3202.15	15601.6
3201.03	15453.6
3199.91	15499.7
3198.79	15635
3197.67	15353.4
3196.55	15486.4
3195.42	15516.9
3194.3	15395.8
3193.18	15508.7
3192.06	15258.5
3190.93	15315.7
3189.81	15642.3
3188.69	15421.1
3187.56	15338.1
3186.44	15415.2
3185.32	15318.8
3184.19	15104.6
3183.07	15301.8
3181.94	15276.7
3180.82	15456
3179.7	15462
3178.57	15199
3177.44	15691.5
3176.32	15297.6
3175.19	15543.4
3174.07	15265.1
3172.94	15446.4
3171.82	15419
3170.69	15420.5
3169.56	15390.9
3168.43	15226.1
3167.31	15425
3166.18	15189.2
3165.05	15084.3
3163.92	15243.2
3162.8	15459.7
3161.67	15199.7
3160.54	15148
3159.41	15240.4
3158.28	15255.1
3157.15	15234.5
3156.02	15116.5
3154.89	15069.3
3153.76	15097.4
3152.63	15238.3
3151.5	15270.8
3150.37	14980.3
3149.24	14995.2
3148.11	15257.5
3146.98	15203.8
3145.85	15158.9
3144.72	15337.1
3143.59	14965.3
3142.45	15099.3
3141.32	15217.9
3140.19	15424.7
3139.06	15192.2
3137.92	15105.4
3136.79	15201.8
3135.66	15101.8
3134.52	15116.5
3133.39	15268
3132.26	15141.6
3131.12	14984.4
3129.99	15208.5
3128.85	15170.3
3127.72	15044
3126.58	15021.3
3125.45	15225.4
3124.31	15103.6
3123.18	15199.8
3122.04	15174.8
3120.9	15125.7
3119.77	15125
3118.63	15075.9
3117.49	14892.7
3116.36	15019.5
3115.22	15111.1
3114.08	15059.9
3112.95	15155.9
3111.81	15076.1
3110.67	15053.4
3109.53	15046.1
3108.39	15203.5
3107.25	14779.1
3106.11	14813.5
3104.98	15115.7
3103.84	15088.7
3102.7	15272.2
3101.56	15179.3
3100.42	15018.5
3099.28	14967.4
3098.14	15282.4
3096.99	15104.1
3095.85	14917.1
3094.71	15063.2
3093.57	14939.9
3092.43	15215.1
3091.29	14914.4
3090.15	15156.7
3089	15219.4
3087.86	14958.3
3086.72	15169.8
3085.57	15061.9
3084.43	15148.6
3083.29	14922.7
3082.14	15051
3081	15150.8
3079.86	15211.2
3078.71	15140.6
3077.57	15198.8
3076.42	14977.5
3075.28	14930.9
3074.13	15122.3
3072.99	15287.5
3071.84	14961.6
3070.7	15074.3
3069.55	15021.2
3068.4	15240.8
3067.26	15030.7
3066.11	15067
3064.96	15393.3
3063.82	15148.4
3062.67	15077.9
3061.52	15188.3
3060.37	15207.1
3059.23	14949.4
3058.08	15131.6
3056.93	15102.5
3055.78	15051.7
3054.63	15048.8
3053.48	15076.4
3052.33	15267
3051.18	15246.7
3050.03	15291.6
3048.88	15134.3
3047.73	15183.5
3046.58	15065.4
3045.43	15197.2
3044.28	15120.4
3043.13	15152.2
3041.98	15125.4
3040.83	15280.9
3039.68	15562.3
3038.52	15433.4
3037.37	15178.8
3036.22	15436.1
3035.07	15346.4
3033.91	15133.1
3032.76	15275.4
3031.61	15246.5
3030.45	15178.5
3029.3	15325.1
3028.14	15345.9
3026.99	15271.5
3025.84	14967.5
3024.68	15235.2
3023.53	15236.6
3022.37	15391.7
3021.22	15248
3020.06	15206.1
3018.9	15276.7
3017.75	15375.4
3016.59	15344.3
3015.44	15430
3014.28	15202.2
3013.12	15357
3011.96	15416.7
3010.81	15245.2
3009.65	15266
3008.49	15435.8
3007.33	15357.2
3006.18	15386.6
3005.02	15640.4
3003.86	15622.3
3002.7	15369
3001.54	15353.1
3000.38	15505.4
2999.22	15465.7
2998.06	15348.5
2996.9	15280.9
2995.74	15786.4
2994.58	15563.6
2993.42	15474.4
2992.26	15464.9
2991.1	15543.8
2989.94	15779.7
2988.77	15468.8
2987.61	15659.5
2986.45	15628.5
2985.29	15655.6
2984.12	15603.1
2982.96	15576.4
2981.8	15876.4
2980.64	15845.4
2979.47	15586.6
2978.31	15626.6
2977.14	15765.3
2975.98	15732.2
2974.82	15819.3
2973.65	15760.4
2972.49	15896.8
2971.32	15700.6
2970.16	16120.2
2968.99	16061.3
2967.82	15950.9
2966.66	16130.1
2965.49	16017.6
2964.33	16081
2963.16	16103.5
2961.99	16109
2960.83	16172.2
2959.66	16179.8
2958.49	16335.1
2957.32	16284.8
2956.15	16183.2
2954.99	16546
2953.82	16360.9
2952.65	16439
2951.48	16506.4
2950.31	16359.9
2949.14	16594
2947.97	16680.5
2946.8	16376
2945.63	16586.4
2944.46	16564
2943.29	16817.1
2942.12	16668.6
2940.95	16752.9
2939.78	16794.4
2938.61	16859.4
2937.44	16915.9
2936.26	16494.5
2935.09	17011.7
2933.92	17277
2932.75	17169.2
2931.57	17084.9
2930.4	17041
2929.23	17167.7
2928.05	17273
2926.88	17197.2
2925.71	17151.3
2924.53	17207.5
2923.36	17025.4
2922.18	17173.1
2921.01	17346.4
2919.83	17289.8
2918.66	17384.3
2917.48	17366
2916.31	17447.7
2915.13	17559.1
2913.95	17528
2912.78	17439.6
2911.6	17514.8
2910.42	17575.1
2909.25	17537.7
2908.07	17733.9
2906.89	17745.2
2905.71	17495.6
2904.54	17538.8
2903.36	17669.1
2902.18	17727.1
2901	17749.1
2899.82	17822
2898.64	17854.5
2897.46	17759.9
2896.28	17822.1
2895.1	18039
2893.92	17777
2892.74	18008.7
2891.56	17647.3
2890.38	18194.3
2889.2	17820.3
2888.02	17806.2
2886.84	17988.9
2885.65	17917.7
2884.47	18072.8
2883.29	18037.6
2882.11	18095.4
2880.92	17935.4
2879.74	18022.8
2878.56	17989.7
2877.38	18163.6
2876.19	18079.8
2875.01	18361.3
2873.82	18150.8
2872.64	18195.8
2871.45	18171.1
2870.27	18186.6
2869.08	18109.2
2867.9	18542.2
2866.71	18342.5
2865.53	18235.6
2864.34	18329
2863.16	18344.4
2861.97	18286
2860.78	18450.9
2859.6	18350.4
2858.41	18565.8
2857.22	18520.1
2856.03	18489.1
2854.85	18616
2853.66	18279.8
2852.47	18501.4
2851.28	18318.9
2850.09	18586.6
2848.9	18473.7
2847.71	18539.4
2846.52	18664
2845.34	18736
2844.15	18560
2842.96	18569
2841.76	18412
2840.57	18521.8
2839.38	18585.3
2838.19	18560.7
2837	18710.2
2835.81	18263.9
2834.62	18465.9
2833.43	18472.7
2832.23	18655.7
2831.04	19044.1
2829.85	18463.9
2828.65	18363.9
2827.46	18481.8
2826.27	18660.4
2825.07	18598.1
2823.88	18590.3
2822.69	18682.9
2821.49	18748.4
2820.3	18518.6
2819.1	18577.8
2817.91	18597.1
2816.71	18836.1
2815.52	18522.9
2814.32	18751.3
2813.13	18636.9
2811.93	18725.2
2810.73	18796.7
2809.54	18864
2808.34	18622.2
2807.14	18777.3
2805.94	18681.7
2804.75	18655.1
2803.55	18876.8
2802.35	18941.9
2801.15	18998.7
2799.95	18922
2798.75	19028.8
2797.56	18877
2796.36	18946.2
2795.16	18767.4
2793.96	18880.4
2792.76	18949.6
2791.56	19050
2790.36	19090
2789.16	18894.7
2787.95	18734.9
2786.75	18991.3
2785.55	19062.5
2784.35	19229.3
2783.15	18998.8
2781.95	19090.7
2780.74	19049.5
2779.54	19010.4
2778.34	19374.6
2777.13	19395.7
2775.93	19348.2
2774.73	19512.7
2773.52	18929.4
2772.32	19235.1
2771.12	19440.9
2769.91	19252.4
2768.71	19377.2
2767.5	19398.3
2766.3	19415.2
2765.09	19587.7
2763.89	19666.7
2762.68	19509.5
2761.47	19582.3
2760.27	19537
2759.06	19792.1
2757.85	19833.8
2756.65	19838.1
2755.44	19857
2754.23	19971.1
2753.02	19954.7
2751.81	19828.7
2750.61	19872.4
2749.4	19926.4
2748.19	19552.2
2746.98	19974.3
2745.77	19941.4
2744.56	20121.4
2743.35	20080.3
2742.14	20382.1
2740.93	20260.3
2739.72	20025
2738.51	20184.2
2737.3	20308.2
2736.09	20388.8
2734.88	20095.8
2733.66	20485.9
2732.45	20339.6
2731.24	20620.2
2730.03	20486.2
2728.82	20533.7
2727.6	20661.5
2726.39	20640.9
2725.18	20484.4
2723.96	20418.5
2722.75	20608.1
2721.53	20624.6
2720.32	20933.5
2719.11	20618.5
2717.89	20659.7
2716.68	20618.6
2715.46	20900.4
2714.25	20797.6
2713.03	20859.3
2711.81	20838.7
2710.6	20941.4
2709.38	20972.2
2708.16	20746.2
2706.95	20949.5
2705.73	21122
2704.51	20912.5
2703.29	21050
2702.08	21010.9
2700.86	21070.4
2699.64	21006.7
2698.42	21000.5
2697.2	21189.1
2695.98	21361.3
2694.76	21445.2
2693.54	21143.7
2692.32	21531
2691.1	21362.8
2689.88	21526.5
2688.66	21182.3
2687.44	21286.6
2686.22	21464.6
2685	21583.2
2683.78	21474.5
2682.56	21492.7
2681.33	21402.6
2680.11	21486.3
2678.89	21659.9
2677.67	21520.7
2676.44	21559.3
2675.22	21685.8
2674	21585.5
2672.77	21930.5
2671.55	21625.9
2670.33	21725.8
2669.1	21905.2
2667.88	21686.6
2666.65	21937.4
2665.43	21741.2
2664.2	22128.6
2662.97	21963
2661.75	22079
2660.52	22133.7
2659.3	22157.9
2658.07	22269.6
2656.84	22034.9
2655.62	22187.4
2654.39	22474.3
2653.16	22465.7
2651.93	22033.7
2650.7	22259.4
2649.48	22161.3
2648.25	22244.4
2647.02	22223.7
2645.79	22262
2644.56	22109.1
2643.33	22287.7
2642.1	22313.8
2640.87	22396.7
2639.64	22262.2
2638.41	22387.8
2637.18	22556
2635.95	22397.2
2634.72	22449.6
2633.48	22355.8
2632.25	22467
2631.02	22507.2
2629.79	22837.4
2628.56	22946.5
2627.32	22664.1
2626.09	22535.9
2624.86	22796.9
2623.62	22786.3
2622.39	22712.9
2621.16	22836
2619.92	22995.5
2618.69	22764.1
2617.45	22587.5
2616.22	22427.1
2614.98	22845.6
2613.75	22839
2612.51	22642.3
2611.27	22759.1
2610.04	22752.6
2608.8	22489.2
2607.57	22806.2
2606.33	22967.3
2605.09	22938.5
2603.85	22917.8
2602.62	22824.3
2601.38	22609.8
2600.14	22988.9
2598.9	22954
2597.66	22977.7
2596.42	22755.2
2595.18	23186.4
2593.94	23004.3
2592.71	22912.9
2591.47	23069.7
2590.23	23117.5
2588.98	23076.6
2587.74	22834.2
2586.5	22958.6
2585.26	23161.5
2584.02	22874.9
2582.78	23059.6
2581.54	23141.5
2580.29	23153
2579.05	23311.4
2577.81	23153.8
2576.57	23078.8
2575.32	23148.6
2574.08	23270.6
2572.84	23372.5
2571.59	23034.2
2570.35	23262.7
2569.1	23175.7
2567.86	23369.9
2566.61	23288.9
2565.37	23334.4
2564.12	23335.8
2562.88	22909.7
2561.63	23264.3
2560.39	23113.1
2559.14	23136.6
2557.89	23298.4
2556.65	23606.5
2555.4	23345.2
2554.15	23362.6
2552.9	23221.7
2551.66	23279.1
2550.41	23300.5
2549.16	23476.1
2547.91	23209.1
2546.66	23282.5
2545.41	23610.1
2544.16	23475.3
2542.91	23356.5
2541.66	23481.9
2540.41	23445.2
2539.16	23508.4
2537.91	23295.8
2536.66	23321.1
2535.41	23118.7
2534.16	23655.4
2532.91	23562.8
2531.66	23576
2530.4	23463.5
2529.15	23880
2527.9	23412.2
2526.65	24048
2525.39	23923.5
2524.14	23623.5
2522.89	23738.4
2521.63	23757.5
2520.38	23559.4
2519.12	23797.8
2517.87	23838.9
2516.61	23652.8
2515.36	23729.7
2514.1	23663.2
2512.85	23710.2
2511.59	23882.6
2510.33	23559.4
2509.08	23682
2507.82	23802.6
2506.56	23807.8
2505.31	23934.2
2504.05	23826
2502.79	23622.5
2501.53	23719.1
2500.28	23738.2
2499.02	23677.8
2497.76	23873.6
2496.5	23610.7
2495.24	23651.6
2493.98	23944.6
2492.72	23648
2491.46	23875.4
2490.2	24108.7
2488.94	23939.2
2487.68	24021.7
2486.42	23848.3
2485.16	23865.3
2483.9	23670.3
2482.63	23647.7
2481.37	24199.6
2480.11	23895.6
2478.85	24304.7
2477.59	23987
2476.32	23859.4
2475.06	24060.4
2473.8	23984.4
2472.53	24052.7
2471.27	24083.5
2470	24351.5
2468.74	24022.4
2467.47	24169.8
2466.21	24111.5
2464.94	24213.4
2463.68	23795.6
2462.41	24095
2461.15	24184.9
2459.88	24207.7
2458.61	24106.1
2457.35	24196
2456.08	24343
2454.81	24002.7
2453.54	24203
2452.28	24267.2
2451.01	24096.7
2449.74	24119.4
2448.47	24159.9
2447.2	24273.2
2445.93	24256.5
2444.66	24050.7
2443.39	24207.3
2442.12	24318.6
2440.85	24150.3
2439.58	24377.7
2438.31	24079.6
2437.04	24092.4
2435.77	24406.2
2434.5	24110.2
2433.23	24349.1
2431.96	24198.8
2430.68	24085.8
2429.41	24491.6
2428.14	24015.2
2426.87	24120.3
2425.59	24258.8
2424.32	24279.4
2423.04	24182.2
2421.77	24185.2
2420.5	24215.6
2419.22	24122.5
2417.95	24013.7
2416.67	24130.4
2415.4	24243.1
2414.12	24306.8
2412.85	24341.1
2411.57	24469.4
2410.29	24256.8
2409.02	24481
2407.74	24523.1
2406.46	24477
2405.18	24509.3
2403.91	24494.5
2402.63	24434.8
2401.35	24441.6
2400.07	24417.1
2398.79	24642.8
2397.52	24362.2
2396.24	24343.6
2394.96	24481.3
2393.68	24488.1
2392.4	24418.7
2391.12	24482.1
2389.84	24682.1
2388.56	24470.2
2387.27	24346.2
2385.99	24306.2
2384.71	24574.4
2383.43	24372.4
2382.15	24314.8
2380.87	24502.9
2379.58	24453.1
2378.3	24514.4
2377.02	24464.6
2375.73	24142.1
2374.45	24355.4
2373.17	24525.7
2371.88	24396.1
2370.6	24529.4
2369.31	24436.8
2368.03	24747.1
2366.74	24411.4
2365.46	24807.1
2364.17	24415.1
2362.89	24505.4
2361.6	24698.7
2360.31	24443
2359.03	24333.1
2357.74	24571
2356.45	24435.9
2355.17	24337.7
2353.88	24507.5
2352.59	24413.2
2351.3	24681.9
2350.01	24252
2348.72	24239.3
2347.43	24428.3
2346.15	24595.9
2344.86	24515.3
2343.57	24361.1
2342.28	24261.2
2340.99	24612.8
2339.69	24447
2338.4	24569.8
2337.11	24386.7
2335.82	24401.1
2334.53	24264.6
2333.24	24406.7
2331.95	24506.2
2330.65	24358.1
2329.36	24623.9
2328.07	24433.3
2326.77	24438
2325.48	24402.1
2324.19	24174.9
2322.89	24513.8
2321.6	24383.3
2320.3	24391.9
2319.01	24471.9
2317.71	24107.8
2316.42	24371.2
2315.12	24262
2313.83	24500.2
2312.53	24140.3
2311.23	24395.7
2309.94	24404.2
2308.64	23967.5
2307.34	24421.3
2306.05	24408.6
2304.75	24571.2
2303.45	24263.9
2302.15	24102.9
2300.85	24298.3
2299.55	24272.1
2298.25	24373
2296.96	24346.9
2295.66	23928.4
2294.36	24013.9
2293.06	24087.8
2291.76	24427
2290.45	24076.1
2289.15	24155.7
2287.85	24246.9
2286.55	23961.5
2285.25	24106.4
2283.95	24182.1
2282.65	24319.2
2281.34	23930.4
2280.04	24142.4
2278.74	23859.3
2277.43	23812.2
2276.13	24079.7
2274.83	24237.7
2273.52	24033.4
2272.22	23926.9
2270.91	23736.2
2269.61	23683.4
2268.3	24031
2267	24012.7
2265.69	24009.7
2264.39	23830.6
2263.08	23969.3
2261.77	23809.4
2260.47	24009.3
2259.16	23767.2
2257.85	23689.7
2256.54	23726.9
2255.24	23890.2
2253.93	23585.3
2252.62	23863.3
2251.31	23768.6
2250	23561.3
2248.69	23535.5
2247.38	23799.9
2246.07	23627
2244.76	23511.5
2243.45	23878.8
2242.14	23686.9
2240.83	23632.5
2239.52	23419.8
2238.21	23476
2236.9	23456
2235.59	23439.8
2234.27	23636.9
2232.96	23626.4
2231.65	23619.6
2230.34	23430.1
2229.02	23630.9
2227.71	23178.8
2226.4	23314.9
2225.08	23437.6
2223.77	23592.5
2222.45	23513.5
2221.14	23394.6
2219.82	23165.5
2218.51	23183.6
2217.19	23496.2
2215.88	23269.1
2214.56	23336.5
2213.24	23324.1
2211.93	23370.6
2210.61	23166.5
2209.29	23264.2
2207.97	23236.7
2206.66	23387.5
2205.34	23158.9
2204.02	23101.1
2202.7	23172.2
2201.38	22913.4
2200.06	22753.3
2198.74	23301.9
2197.42	23011.1
2196.1	23029.1
2194.78	23153.1
2193.46	22692.1
2192.14	23083.1
2190.82	22783.1
2189.5	22958.2
2188.18	22751.1
2186.86	22920.4
2185.54	23032.9
2184.21	22699.2
2182.89	22843.9
2181.57	22967.7
2180.24	22653.1
2178.92	22684.4
2177.6	22694.8
2176.27	22684.5
2174.95	22453.3
2173.62	22771.4
2172.3	22689.4
2170.97	22762.1
2169.65	22642.3
2168.32	22596.2
2167	22678.3
2165.67	22586.9
2164.34	22505
2163.02	22626.6
2161.69	22755.7
2160.36	22402.6
2159.04	22301.9
2157.71	22416
2156.38	22294.7
2155.05	22391.7
2153.72	22381.4
2152.39	22476.5
2151.06	22112.7
2149.74	22068.7
2148.41	22342.4
2147.08	22285.1
2145.75	22139.6
2144.41	21994.1
2143.08	21933.2
2141.75	21992.6
2140.42	22127
2139.09	21946
2137.76	22025.9
2136.43	22023.3
2135.09	21953.1
2133.76	22032.9
2132.43	22007.8
2131.09	22115.7
2129.76	21920
2128.43	21773
2127.09	21890.3
2125.76	21865.2
2124.42	21836.4
2123.09	21702.6
2121.75	21986.5
2120.42	21858.4
2119.08	21715.4
2117.75	21718.4
2116.41	21820.6
2115.07	21733.8
2113.74	21791
2112.4	21481.8
2111.06	21509.1
2109.72	21661.7
2108.38	21621.7
2107.05	21749.9
2105.71	21650.1
2104.37	21488.8
2103.03	21706.5
2101.69	21569.5
2100.35	21296.3
2099.01	21659.5
2097.67	21806.1
2096.33	21600.2
2094.99	21424.2
2093.65	21390
2092.31	21555.1
2090.97	21474.3
2089.62	21535.1
2088.28	21376
2086.94	21325
2085.6	21406.3
2084.25	21245.5
2082.91	21142.5
2081.57	21309.3
2080.22	21273.2
2078.88	21229.8
2077.53	21234.7
2076.19	21198.7
2074.84	21027
2073.5	21046.8
2072.15	21172.5
2070.81	21214.6
2069.46	21256.6
2068.12	20897.6
2066.77	21073.3
2065.42	20753.4
2064.08	20765.8
2062.73	20902.5
2061.38	20816.6
2060.03	20790
2058.68	20770.9
2057.34	20837
2055.99	21042.2
2054.64	20646.8
2053.29	20701.8
2051.94	20692
2050.59	20624.7
2049.24	20411.2
2047.89	20553.3
2046.54	20415.7
2045.19	20367.1
2043.83	20658.9
2042.48	20634.2
2041.13	20363.7
2039.78	20228.2
2038.43	20397.8
2037.07	20423.1
2035.72	20123.2
2034.37	20366.6
2033.01	20262.6
2031.66	20330.5
2030.31	20125
2028.95	20248.2
2027.6	20127.7
2026.24	19974.1
2024.89	19988.4
2023.53	20288.6
2022.17	20153.4
2020.82	19946.5
2019.46	20124.8
2018.11	19859
2016.75	19958
2015.39	19823.1
2014.03	19933.1
2012.68	19778
2011.32	20040.8
2009.96	19722
2008.6	19723.4
2007.24	19800.2
2005.88	19803.5
2004.52	19768.1
2003.16	19760.3
2001.8	19324.3
2000.44	19711.7
1999.08	19773.7
1997.72	19488.6
1996.36	19363.3
1995	19553.9
1993.64	19667.3
1992.27	19466.8
1990.91	19490.3
1989.55	19286.3
1988.19	19605.1
1986.82	19283.8
1985.46	19287.1
1984.1	19321.6
1982.73	19493.5
1981.37	19341
1980	19283.9
1978.64	19296.3
1977.27	19127.5
1975.91	19178.5
1974.54	19194.6
1973.18	19068
1971.81	19018.3
1970.44	19061.9
1969.08	19054.2
1967.71	19044.8
1966.34	19154.2
1964.97	18826.7
1963.61	18901.3
1962.24	18890.1
1960.87	19045.1
1959.5	19075.8
1958.13	18955
1956.76	18894.4
1955.39	18784.6
1954.02	18830
1952.65	18720.2
1951.28	18971.7
1949.91	18772.6
1948.54	18807
1947.17	18775.7
1945.8	18749.9
1944.42	18829.8
1943.05	18656.5
1941.68	18645.3
1940.31	18477.5
1938.93	18499.2
1937.56	18537.2
1936.19	18504.2
1934.81	18378.4
1933.44	18520.1
1932.06	18487.1
1930.69	18450.5
1929.31	18444.9
1927.94	18528.3
1926.56	18449.9
1925.18	18618.6
1923.81	18355
1922.43	18309.4
1921.05	18147.6
1919.68	18370.7
1918.3	18152.7
1916.92	18315.9
1915.54	18297.5
1914.17	18208.4
1912.79	18204.6
1911.41	18244.3
1910.03	18157.2
1908.65	18147.9
1907.27	18176.7
1905.89	18220
1904.51	18228.9
1903.13	17850.3
1901.75	17928
1900.37	18174
1898.99	18038.1
1897.6	18074.2
1896.22	18119.2
1894.84	18059.4
1893.46	17948.9
1892.07	18120.5
1890.69	18046.2
1889.31	17852.7
1887.92	18094.7
1886.54	17913.9
1885.15	17783.7
1883.77	17915.4
1882.38	17816
1881	17830.3
1879.61	17703.9
1878.23	17665.9
1876.84	17822.7
1875.46	17678.3
1874.07	17790
1872.68	17908.8
1871.29	17649.2
1869.91	17780.6
1868.52	17866.9
1867.13	17792.9
1865.74	17915.3
1864.35	17686.5
1862.96	17722.4
1861.57	17821.2
1860.19	17736.5
1858.8	17486.4
1857.4	17623
1856.01	17729
1854.62	17694.7
1853.23	17753.9
1851.84	17471.6
1850.45	17604.5
1849.06	17561.3
1847.67	17500.1
1846.27	17483.9
1844.88	17584.3
1843.49	17413.7
1842.09	17356.3
1840.7	17521.2
1839.31	17460.2
1837.91	17467.3
1836.52	17268.2
1835.12	17384.6
1833.73	17174.9
1832.33	17468.7
1830.93	17459.7
1829.54	17294.8
1828.14	17488.1
1826.75	17409.3
1825.35	17164
1823.95	17564.8
1822.55	17342.8
1821.16	17303.4
1819.76	17122.8
1818.36	17410.6
1816.96	17185.3
1815.56	17278.1
1814.16	17265.6
1812.76	17299.5
1811.36	17236.9
1809.96	17322.5
1808.56	17276
1807.16	17313.5
1805.76	17258.1
1804.36	17350.8
1802.96	17386.3
1801.56	17200.8
1800.15	17263.1
1798.75	17029.6
1797.35	17418
1795.94	17148.9
1794.54	16954.7
1793.14	17090
1791.73	17107.8
1790.33	17154
1788.92	17093.5
1787.52	17047.2
1786.11	17040
1784.71	17143.1
1783.3	16984.8
1781.9	16972.3
1780.49	16888.8
1779.08	16835.4
1777.68	17201.5
1776.27	17094.8
1774.86	16885.2
1773.45	16918.9
1772.05	17002.3
1770.64	16947.3
1769.23	17009.3
1767.82	17018.2
1766.41	16853.2
1765	17007.4
1763.59	16927.6
1762.18	16918.7
1760.77	16927.6
1759.36	16886.8
1757.95	17032
1756.54	16814.1
1755.12	16975.2
1753.71	16886.7
1752.3	16780.4
1750.89	16945
1749.47	16877.7
1748.06	16799.9
1746.65	16814
1745.23	16886.5
1743.82	16792.8
1742.4	16785.7
1740.99	16935.9
1739.58	16773.3
1738.16	16849.2
1736.74	16697.3
1735.33	16743.2
1733.91	16930.3
1732.5	16817.3
1731.08	16919.6
1729.66	16769.6
1728.24	16750.2
1726.83	16891.3
1725.41	16785.4
1723.99	16702.6
1722.57	16702.5
1721.15	16799.4
1719.73	16750.1
1718.31	16612.7
1716.89	16737.7
1715.47	16774.7
1714.05	16809.8
1712.63	16938.2
1711.21	16588.1
1709.79	16790.3
1708.37	16623.2
1706.95	16669
1705.52	16851.7
1704.1	16646.1
1702.68	16632
1701.26	16869.1
1699.83	16537.1
1698.41	16542.4
1696.98	16556.5
1695.56	16514.3
1694.14	16437.1
1692.71	16565.2
1691.28	16542.4
1689.86	16779.2
1688.43	16416.2
1687.01	16547.7
1685.58	16666.8
1684.15	16631.8
1682.73	16617.7
1681.3	16661.5
1679.87	16540.6
1678.44	16834.7
1677.02	16752.4
1675.59	16411.1
1674.16	16598.3
1672.73	16488.1
1671.3	16591.3
1669.87	16430.4
1668.44	16572
1667.01	16622.6
1665.58	16517.8
1664.15	16694.2
1662.72	16297.7
1661.28	16325.6
1659.85	16315.2
1658.42	16678.3
1656.99	16491.5
1655.55	16545.5
1654.12	16374.6
1652.69	16453.1
1651.25	16578.6
1649.82	16296.1
1648.39	16392
1646.95	16568
1645.52	16543.6
1644.08	16261.4
1642.64	16475.6
1641.21	16489.5
1639.77	16430.3
1638.34	16390.2
1636.9	16477.2
1635.46	16649.4
1634.02	16621.5
1632.59	16466.7
1631.15	16445.8
1629.71	16452.7
1628.27	16581.3
1626.83	16668.1
1625.39	16591.6
1623.95	16706.2
1622.51	16650.5
1621.07	16693.8
1619.63	16697.2
1618.19	16636.4
1616.75	16639.8
1615.31	16563.4
1613.87	16733.3
1612.43	16627.4
1610.98	16554.6
1609.54	16661.9
1608.1	16466.1
1606.66	16606.3
1605.21	16547.4
1603.77	16545.6
1602.32	16716.9
1600.88	16450.2
1599.43	16685.5
1597.99	16552.2
1596.54	16659.4
1595.1	16685.2
1593.65	16780.2
1592.21	16493.1
1590.76	16617.5
1589.31	16543.1
1587.86	16544.8
1586.42	16648.3
1584.97	16511.8
1583.52	16332.2
1582.07	16187.2
1580.62	16313.1
1579.17	16378.7
1577.72	16489
1576.28	16247.5
1574.83	16371.6
1573.37	16314.7
1571.92	16380.1
1570.47	16362.8
1569.02	16245.6
1567.57	16316.2
1566.12	16447
1564.67	16455.6
1563.21	16205.9
1561.76	16322.9
1560.31	16076.9
1558.85	16231.7
1557.4	16099.2
1555.95	16295.2
1554.49	16173.1
1553.04	16104.3
1551.58	16269.3
1550.13	16210.8
1548.67	16164.4
1547.21	16112.9
1545.76	16123.2
1544.3	16130
1542.84	16083.7
1541.39	15948.1
1539.93	15994.4
1538.47	16040.7
1537.01	16061.3
1535.56	16025.3
1534.1	16095.6
1532.64	15917.3
1531.18	16112.6
1529.72	15800.9
1528.26	15905.4
1526.8	15992.7
1525.34	15857.5
1523.88	16023.5
1522.42	15968.7
1520.95	15965.3
1519.49	15859.3
1518.03	15814.9
1516.57	15907.2
1515.1	15994.4
1513.64	15879.9
1512.18	15830.3
1510.71	15770.6
1509.25	15816.7
1507.79	15649.4
1506.32	15955
1504.86	15837.2
1503.39	15926
1501.92	15803.1
1500.46	15937.9
1498.99	15784.4
1497.53	15724.8
1496.06	15690.7
1494.59	15614.1
1493.12	15758.9
1491.66	15728.3
1490.19	15534.2
1488.72	15936
1487.25	15805
1485.78	15685.9
1484.31	15677.4
1482.84	15653.6
1481.37	15823.7
1479.9	15607.8
1478.43	15708.1
1476.96	15840.7
1475.49	15602.8
1474.02	15794.8
1472.54	15803.3
1471.07	15489.2
1469.6	15874.6
1468.13	15721.8
1466.65	15642.1
1465.18	15659
1463.71	15616.7
1462.23	15696.4
1460.76	15557.4
1459.28	15955.8
1457.81	15550.7
1456.33	15593.1
1454.86	15720.2
1453.38	15625.3
1451.9	15825.1
1450.43	15572.9
1448.95	15684.6
1447.47	15701.5
1445.99	15569.6
1444.52	15686.3
1443.04	15517.2
1441.56	15672.8
1440.08	15561.2
1438.6	15831.7
1437.12	15449.8
1435.64	15715
1434.16	15681.2
1432.68	15517.4
1431.2	15573.2
1429.72	15586.7
1428.24	15446.7
1426.75	15504.1
1425.27	15347.2
1423.79	15497.4
1422.31	15548
1420.82	15362.6
1419.34	15484
1417.86	15455.3
1416.37	15549.7
1414.89	15389.7
1413.4	15275.3
1411.92	15554.8
1410.43	15559.8
1408.95	15657.4
1407.46	15627.1
1405.97	15342.9
1404.49	15453.9
1403	15460.7
1401.51	15643.9
1400.03	15529.6
1398.54	15539.7
1397.05	15496
1395.56	15558.2
1394.07	15546.4
1392.58	15630.3
1391.09	15722.6
1389.6	15574.9
1388.11	15576.6
1386.62	15710.7
1385.13	15673.8
1383.64	15767.6
1382.15	15846.4
1380.66	15732.3
1379.17	15796
1377.67	15797.6
1376.18	15790.8
1374.69	15810.8
1373.19	15939.6
1371.7	16048.3
1370.21	16036.5
1368.71	15961.1
1367.22	16051.3
1365.72	16128.1
1364.23	16126.2
1362.73	16171.2
1361.23	16423.4
1359.74	16321.2
1358.24	16277.6
1356.74	16464.5
1355.25	16652.9
1353.75	16752.8
1352.25	16757.5
1350.75	16688.8
1349.25	16977.1
1347.76	16918.4
1346.26	16928.1
1344.76	17089.4
1343.26	17277.4
1341.76	17192
1340.26	17351.5
1338.75	17644.3
1337.25	17417.3
1335.75	17581.7
1334.25	17785.9
1332.75	17853.6
1331.25	17878
1329.74	18015.5
1328.24	17991.7
1326.74	18055.9
1325.23	18324.7
1323.73	18078
1322.22	18029.2
1320.72	18066.8
1319.21	18159.3
1317.71	18195.2
1316.2	18109.9
1314.7	18100.9
1313.19	17987.5
1311.68	18040
1310.18	17916.6
1308.67	18023.8
1307.16	17927.1
1305.65	17737.5
1304.14	17748.6
1302.63	17388.5
1301.13	17505.6
1299.62	17220.2
1298.11	17266.2
1296.6	17194.5
1295.09	17129.5
1293.58	16942.1
1292.06	16964.9
1290.55	16866.9
1289.04	16707.8
1287.53	16861.3
1286.02	16771.6
1284.5	16713.4
1282.99	16412.4
1281.48	16544.3
1279.96	16344.1
1278.45	16413.2
1276.94	16356.8
1275.42	16272.4
1273.91	16293.6
1272.39	16257
1270.87	16034.1
1269.36	16132.9
1267.84	16154.1
1266.33	15985.7
1264.81	16063
1263.29	16100.7
1261.77	15894.5
1260.26	15894.4
1258.74	15932.1
1257.22	15678.4
1255.7	15760.5
1254.18	15780.1
1252.66	15758.6
1251.14	15737.1
1249.62	15694.2
1248.1	15694
1246.58	15465.4
1245.06	15470.3
1243.54	15696.9
1242.01	15639.3
1240.49	15379.7
1238.97	15412.4
1237.45	15581.4
1235.92	15535.3
1234.4	15412.2
1232.88	15305.5
1231.35	15546.5
1229.83	15400.4
1228.3	15185.6
1226.78	15220
1225.25	15318.2
1223.72	15105.2
1222.2	15206.7
1220.67	15340.9
1219.14	15267.2
1217.62	15376.8
1216.09	15429.1
1214.56	15095.2
1213.03	15306.2
1211.5	15248.9
1209.98	14992.1
1208.45	15158.8
1206.92	15144.1
1205.39	15158.7
1203.86	14915.3
1202.33	15261.5
1200.79	15008.3
1199.26	15117.7
1197.73	15049.1
1196.2	14894
1194.67	15217.1
1193.13	15060.4
1191.6	14996.8
1190.07	15156.5
1188.53	14921.8
1187	14925
1185.47	14925
1183.93	15070
1182.4	14986.9
1180.86	15092.7
1179.33	14788.2
1177.79	15086
1176.25	14902.1
1174.72	14804.5
1173.18	14897.2
1171.64	14609.4
1170.1	15106.9
1168.57	14906.9
1167.03	14759
1165.49	14944.2
1163.95	14746
1162.41	14728.2
1160.87	14856.5
1159.33	14705.5
1157.79	14661.7
1156.25	14794.8
1154.71	14752.6
1153.17	14728.3
1151.63	14864.5
1150.08	14776.9
1148.54	14627.8
1147	14670
1145.46	14775.3
1143.91	14778.5
1142.37	14812.5
1140.82	14789.8
1139.28	14691.1
1137.73	14692.7
1136.19	14741.2
1134.64	14752.6
1133.1	14699.2
1131.55	14547.2
1130.01	14759
1128.46	14757.4
1126.91	14776.7
1125.36	14789.6
1123.82	14565.1
1122.27	14642.7
1120.72	14755.7
1119.17	14562
1117.62	14692.7
1116.07	14574.9
1114.52	14721.7
1112.97	14795.9
1111.42	14481.5
1109.87	14649.1
1108.32	14768.4
1106.77	14620.1
1105.22	14533.1
1103.66	14808.6
1102.11	14691
1100.56	14528.4
1099	14742.4
1097.45	14666.8
1095.9	14407.8
1094.34	14571.9
1092.79	14563.8
1091.23	14531.7
1089.68	14612.1
1088.12	14512.4
1086.56	14692.4
1085.01	14650.6
1083.45	14449.8
1081.89	14482
1080.34	14446.7
1078.78	14551
1077.22	14461.1
1075.66	14579.9
1074.1	14491.6
1072.54	14474
1070.98	14637.5
1069.43	14474
1067.86	14494.9
1066.3	14398.8
1064.74	14426
1063.18	14461.3
1061.62	14530.1
1060.06	14370
1058.5	14291.7
1056.93	14430.9
1055.37	14517.3
1053.81	14261.4
1052.24	14301.4
1050.68	14587.6
1049.12	14400.6
1047.55	14443.7
1045.99	14307.9
1044.42	14317.6
1042.85	14306.4
1041.29	14213.8
1039.72	14269.8
1038.16	14044.8
1036.59	14075.2
1035.02	14263.5
1033.45	14076.9
1031.88	14175.9
1030.32	14153.6
1028.75	14166.4
1027.18	13943.4
1025.61	13975.4
1024.04	13929.3
1022.47	14052
1020.9	14064.8
1019.33	13864.3
1017.76	13848.5
1016.18	13975.9
1014.61	13906
1013.04	13988.8
1011.47	13804.5
1009.89	14014.4
1008.32	13890.5
1006.75	13823.9
1005.17	13806.5
1003.6	13614.5
1002.02	13768.7
1000.45	13729.1
998.873	13751.4
997.297	13756.3
995.721	13678.7
994.145	13774
992.568	13739.3
990.991	13696.6
989.413	13644.4
987.835	13701.6
986.257	13674.8
984.678	13508.6
983.099	13664
981.52	13471
979.94	13534.5
978.36	13707.1
976.78	13397.2
975.199	13672.5
973.618	13667.9
972.037	13467.3
970.455	13522.8
968.873	13737.8
967.29	13505.7
965.707	13396.9
964.124	13471.3
962.541	13588.3
960.957	13441.6
959.373	13443.4
957.788	13506.6
956.203	13483.1
954.618	13300.3
953.032	13466.1
951.446	13400
949.86	13540.5
948.273	13338.9
946.686	13446.2
945.099	13454.3
943.511	13440.3
941.923	13431
940.334	13420.1
938.745	13285
937.156	13088.5
935.567	13244.4
933.977	13280.8
932.387	13243.3
930.796	13281.2
929.205	13187.1
927.614	13270.5
926.022	13324.1
924.43	13288.2
922.838	13368.4
921.245	13183.4
919.652	13274.6
918.058	13197.9
916.465	13031.8
914.87	13303.4
913.276	13242.4
911.681	13161.1
910.086	13245.9
908.49	13235.1
906.894	13119.4
905.298	13155.6
903.701	13168.3
902.104	13176.3
900.507	13211
898.909	13140.7
897.311	13067.4
895.713	13113
894.114	13099.1
892.515	13265
890.916	13152.6
889.316	13087.2
887.715	13003
886.115	13023.6
884.514	13078.4
882.913	13036.5
881.311	13072.6
879.709	12980.7
878.107	13074.6
876.504	12985.8
874.901	13089
873.298	13176.5
871.694	12868
870.09	12910.3
868.485	12960.4
866.88	13195.9
865.275	12962.4
863.669	12811.6
862.064	12945.7
860.457	13017.5
858.851	12969.5
857.244	13011.7
855.636	12812.8
854.028	12915.7
852.42	12933
850.812	12917.7
849.203	12956.8
847.594	12922.8
845.984	12997.6
844.375	12837.8
842.764	12948.3
841.154	13089.7
839.543	12869.5
837.931	13043.5
836.32	12966.1
834.708	12921.4
833.095	12861.1
831.482	12869.1
829.869	12984
828.256	13038.4
826.642	12814
825.028	12981.4
823.413	12992.5
821.798	12910.6
820.183	13019.1
818.567	12827.5
816.951	12886.5
815.335	12880.5
813.718	12936.3
812.101	12868.5
810.483	12723.4
808.865	12932.3
807.247	12634.3
805.629	12915.7
804.01	12781.5
802.39	12571.8
800.771	12783.5
799.151	12609.3
797.53	12540.1
795.91	12602.1
794.288	12566.9
792.667	12608.8
791.045	12556.6
789.423	12439.8
787.8	12427.7
786.177	12394.1
784.554	12553
782.93	12399.3
781.306	12404.2
779.682	12259.9
778.057	12509.5
776.432	12386.7
774.807	12336.2
773.181	12378
771.554	12246.1
769.928	12165
768.301	12239
766.674	12182.5
765.046	12170.6
763.418	12217
761.789	12186.6
760.161	12096.4
758.531	12262.4
756.902	12273.5
755.272	12152.6
753.642	12145.3
752.011	12248.3
750.38	12001.9
748.749	12278.1
747.117	12172.6
745.485	11999.9
743.852	12040
742.22	12153.7
740.586	12170.9
738.953	12122.2
737.319	11937.4
735.685	12081.6
734.05	12109.4
732.415	11993.5
730.779	12042.8
729.144	12043.2
727.507	12086.3
725.871	12071.3
724.234	12093
722.597	12030.8
720.959	12069.3
719.321	12078.8
717.683	12109.6
716.044	12041.3
714.405	12078.2
712.765	12026.7
711.126	12130.7
709.485	12114.2
707.845	12084.1
706.204	12066.1
704.563	12153.3
702.921	12184
701.279	12164.5
699.636	12166.3
697.993	12017.5
696.35	12241.5
694.707	12103.3
693.063	12149.3
691.419	12062.9
689.774	12169.6
688.129	12096.9
686.483	12246.1
684.838	12336
683.191	12164.7
681.545	12295.5
679.898	12216.9
678.251	12387.1
676.603	12250.8
674.955	12357.2
673.307	12436.3
671.658	12445.7
670.009	12459.5
668.359	12464.3
666.709	12393.3
665.059	12531.3
663.408	12693.6
661.757	12621.1
660.106	12678.8
658.454	12692.5
656.802	12700.3
655.15	12859.3
653.497	12712.7
651.844	12564.6
650.19	12617.7
648.536	12679.8
646.881	12581.8
645.227	12586.5
643.572	12467.3
641.916	12701.6
640.26	12642.8
638.604	12428.6
636.947	12520.9
635.29	12557.3
633.633	12610.2
631.975	12607.4
630.317	12802
628.659	13022.2
627	12918.3
625.34	13047.9
623.681	13246.8
622.021	13469.7
620.36	13794.9
618.7	13958.9
617.038	14298.8
615.377	14656.7
613.715	14775.2
612.053	15131.3
610.39	15291.8
608.727	15243.2
607.064	15020.3
605.4	14752.4
603.736	14523.8
602.071	13907.7
600.406	13496.1
598.741	13123.7
597.075	12874.6
595.409	12502.5
593.743	12130.6
592.076	12006.4
590.409	12036.6
588.741	11806
587.073	11520.1
585.405	11670.3
583.736	11300.6
582.067	11492.7
580.397	11412.3
578.728	11128.2
577.057	11209.5
575.387	11150.1
573.716	11153.5
572.044	11173.4
570.373	11007.9
568.7	11111.5
567.028	11013.3
565.355	10955.5
563.682	10861.9
562.008	10763.8
560.334	10870.4
558.66	10791.7
556.985	10825.1
555.31	10774.9
553.634	10745.6
551.958	10753.6
550.282	10745.2
548.605	10712.9
546.928	10591.2
545.25	10761.7
543.573	10648.9
541.894	10648
540.216	10618.8
538.537	10623.8
536.857	10630.3
535.178	10522.2
533.497	10543.6
531.817	10425.2
530.136	10510.5
528.455	10603.3
526.773	10667.8
525.091	10610.3
523.408	10670.3
521.725	10611.4
520.042	10519.9
518.359	10692.7
516.675	10715.5
514.99	10727.9
513.305	10927.3
511.62	11012.3
509.935	11043.9
508.249	11007.3
506.562	11218.2
504.876	11405.4
503.189	11470.9
501.501	11573.5
499.813	11918.9
498.125	11772.6
496.436	11843.9
494.747	11919.6
493.058	11804.4
491.368	11813.6
489.678	11874.5
487.987	11607.1
486.297	11288
484.605	11232.2
482.913	11027.2
481.221	10828.2
479.529	10738.5
477.836	10553
476.143	10628.8
474.449	10592.4
472.755	10500
471.061	10484.3
469.366	10343.2
467.67	10411.6
465.975	10204.3
464.279	10232.9
462.582	10255.6
460.886	10331.4
459.189	10203.8
457.491	10238.3
455.793	10237.4
454.095	10148.2
452.396	10004.6
450.697	10211.2
448.997	10275.1
447.298	10230.1
445.597	10343.9
443.897	10288.6
442.196	10483.2
440.494	10516
438.792	10419.6
437.09	10700.7
435.387	10818.6
433.684	10757.4
431.981	11258.3
430.277	11358.5
428.573	11618.4
426.868	11998.6
425.163	12249.5
423.458	12494.4
421.752	13299.1
420.046	13666.8
418.34	14444.4
416.633	15248.1
414.925	16581.5
413.218	17606.9
411.51	18775.2
409.801	19449.8
408.092	19316.6
406.383	18782.7
404.673	17746
402.963	16685
401.253	15536.7
399.542	14318.8
397.831	13265.1
396.119	12600.4
394.407	11893.7
392.694	11327.4
390.982	10914.7
389.268	10766.2
387.555	10399
385.841	10476.9
384.126	10193
382.411	10104.7
380.696	9974.06
378.981	9820.21
377.265	9815.04
375.548	9681.68
373.832	9822.16
372.114	9651.02
370.397	9720.11
368.679	9648.02
366.96	9587.6
365.242	9537.39
363.523	9478.48
361.803	9601.33
360.083	9248.81
358.363	9338.23
356.642	9506.06
354.921	9431.24
353.199	9341.94
351.477	9341.23
349.755	9246.18
348.032	9371.75
346.309	9311.55
344.586	9423.99
342.862	9379.76
341.137	9524.03
339.413	9539.23
337.688	9541.37
335.962	9720.27
334.236	9615.18
332.51	9912.73
330.783	10068.3
329.056	10217.9
327.328	10366.1
325.601	10600.9
323.872	10641.9
322.144	11082
320.414	11263
318.685	11792.4
316.955	12197.2
315.225	12710.1
313.494	13339.9
311.763	14109.4
310.031	14686.6
308.299	15846.6
306.567	16913.8
304.834	18574.9
303.101	20606
301.368	22643.3
299.634	25115.1
297.9	27621.8
296.165	29932.8
294.43	32519.3
292.694	34813.7
290.958	35675.5
289.222	33537.7
287.485	30098.2
285.748	26165.2
284.011	22888.7
282.273	20082.7
280.534	17562.7
278.795	15649.2
277.056	14340.4
275.317	13223.2
273.577	12319.3
271.836	12013.3
270.096	11642.9
268.355	11269.8
266.613	11087.7
264.871	11026.3
263.129	11046.7
261.386	11031.2
259.643	11174.9
257.899	11130.8
256.155	11156.9
254.411	11303.3
252.666	11515.6
250.921	11732.1
249.175	12266.5
247.429	12953.7
245.683	13874
243.936	14366
242.189	14527.2
240.441	14525.3
238.693	14201.5
236.944	14355.5
235.196	14579.5
233.446	15029.1
231.697	16115.8
229.947	18447.7
228.196	21939.6
226.445	25965.3
224.694	27756.5
222.942	25806.2
221.19	22367.2
219.437	19467.6
217.685	17151.3
215.931	15329.3
214.177	13656.5
212.423	12243.8
210.669	11341.8
208.914	10816.4
207.158	10385.2
205.403	10432.6
203.646	10228
201.89	10070.5
200.133	10035.5
