4501.29	5027.68
4500.4	4911.68
4499.52	4888.2
4498.64	4740.28
4497.75	5042.03
4496.87	4880
4495.98	4774.55
4495.1	4813.29
4494.22	4775.72
4493.33	4729.68
4492.45	4963.33
4491.56	4728.04
4490.68	4639.67
4489.79	4667.1
4488.9	4691.7
4488.02	4823.53
4487.13	4627.98
4486.25	4669.5
4485.36	4682.79
4484.47	4645.31
4483.59	4636.04
4482.7	4480.16
4481.81	4580.87
4480.93	4681.53
4480.04	4641.27
4479.15	4626.37
4478.26	4569.23
4477.38	4520.55
4476.49	4623.96
4475.6	4589.36
4474.71	4436.55
4473.83	4432.96
4472.94	4522.24
4472.05	4482.07
4471.16	4475.66
4470.27	4415.81
4469.38	4505.03
4468.49	4540.8
4467.6	4478.16
4466.71	4359.33
4465.82	4479.41
4464.93	4470.2
4464.04	4382.34
4463.15	4406.85
4462.26	4372.39
4461.37	4371.62
4460.48	4508.42
4459.59	4311.16
4458.7	4349.69
4457.81	4290.02
4456.92	4269.63
4456.03	4417.54
4455.14	4464.44
4454.24	4407.59
4453.35	4387.2
4452.46	4400.44
4451.57	4290.39
4450.68	4384.9
4449.78	4398.14
4448.89	4411.38
4448	4301.39
4447.11	4303.44
4446.21	4386.67
4445.32	4397.1
4444.43	4147.28
4443.53	4250.08
4442.64	4327.66
4441.75	4405.22
4440.85	4373.69
4439.96	4372.93
4439.06	4319.05
4438.17	4407.74
4437.27	4423.73
4436.38	4311.2
4435.48	4285.31
4434.59	4382.31
4433.69	4415.06
4432.8	4361.24
4431.9	4273.94
4431.01	4334.59
4430.11	4476.16
4429.22	4547.92
4428.32	4496.91
4427.42	4429.19
4426.53	4378.22
4425.63	4399.76
4424.73	4440.8
4423.84	4601.68
4422.94	4372.37
4422.04	4366.03
4421.14	4524.06
4420.25	4517.69
4419.35	4514.12
4418.45	4608
4417.55	4495.84
4416.65	4508.97
4415.76	4591.66
4414.86	4435.05
4413.96	4342.47
4413.06	4561.44
4412.16	4521.71
4411.26	4621.01
4410.36	4570.17
4409.46	4708.34
4408.56	4579.68
4407.66	4645.56
4406.76	4672.53
4405.86	4727.26
4404.96	4665.34
4404.06	4689.51
4403.16	4655.38
4402.26	4757.26
4401.36	4601.02
4400.46	4675.13
4399.56	4815.79
4398.66	4759.47
4397.76	4736.46
4396.85	4810.49
4395.95	4743.11
4395.05	4972.33
4394.15	4896.64
4393.25	4890.24
4392.34	4897.69
4391.44	4966.07
4390.54	4898.74
4389.64	5036.32
4388.73	4852.73
4387.83	4998.57
4386.93	5102.86
4386.02	5016.19
4385.12	4877
4384.21	5047.62
4383.31	5151.82
4382.41	5203.45
4381.5	5114.08
4380.6	5118.71
4379.69	4993.46
4378.79	5100.33
4377.88	5077.34
4376.98	5255.97
4376.07	5092.13
4375.17	5207.19
4374.26	5385.71
4373.36	5188.81
4372.45	5331.39
4371.54	5222.85
4370.64	5255.04
4369.73	5262.39
4368.82	5385.56
4367.92	5423.21
4367.01	5221.03
4366.1	5324.84
4365.2	5403.82
4364.29	5375.32
4363.38	5561.69
4362.47	5541.44
4361.57	5590.03
4360.66	5465.16
4359.75	5538.52
4358.84	5460.48
4357.93	5608.12
4357.02	5697.93
4356.11	5564.89
4355.21	5467.65
4354.3	5538.18
4353.39	5812.15
4352.48	5651.69
4351.57	5744.14
4350.66	5707.41
4349.75	5665.19
4348.84	5581.79
4347.93	5811.51
4347.02	5733.6
4346.11	5672.19
4345.2	5684.92
4344.29	5788.21
4343.37	5949.09
4342.46	5832.82
4341.55	5754.98
4340.64	5932.24
4339.73	5895.55
4338.82	5943.86
4337.9	5893.47
4336.99	5832.14
4336.08	5937.98
4335.17	5890.36
4334.26	5856.46
4333.34	5967.71
4332.43	5821.54
4331.52	6001.2
4330.6	6043.94
4329.69	5982.67
4328.78	5965.2
4327.86	6032.54
4326.95	5990.45
4326.03	6038.63
4325.12	5966.47
4324.21	6009.16
4323.29	6049.1
4322.38	6097.23
4321.46	6030.58
4320.55	6193.43
4319.63	6085.81
4318.72	6125.71
4317.8	6023.6
4316.88	6322.84
4315.97	6201.63
4315.05	6192.35
4314.14	6264.93
4313.22	6141.06
4312.3	6208.16
4311.39	6152.53
4310.47	6135.08
4309.55	6333.01
4308.63	6291.01
4307.72	6292.63
4306.8	6261.54
4305.88	6271.34
4304.96	6188.52
4304.05	6255.51
4303.13	6134.6
4302.21	6364.92
4301.29	6129.71
4300.37	6368.12
4299.45	6377.88
4298.54	6335.94
4297.62	6400.1
4296.7	6306.51
4295.78	6389.69
4294.86	6336.91
4293.94	6343.94
4293.02	6391.74
4292.1	6306.38
4291.18	6272.67
4290.26	6401.93
4289.34	6444.25
4288.42	6432.26
4287.5	6414.83
4286.57	6353.99
4285.65	6548.25
4284.73	6400.58
4283.81	6255.67
4282.89	6460.7
4281.97	6448.71
4281.04	6406.9
4280.12	6549.45
4279.2	6410.06
4278.28	6506.48
4277.35	6470.11
4276.43	6393.12
4275.51	6535.53
4274.59	6547.92
4273.66	6416.8
4272.74	6453.56
4271.81	6444.3
4270.89	6510.81
4269.97	6558.36
4269.04	6419.24
4268.12	6699.39
4267.19	6330.44
4266.27	6402.32
4265.34	6520.13
4264.42	6486.54
4263.49	6471.88
4262.57	6581.51
4261.64	6620.86
4260.72	6498.15
4259.79	6672.53
4258.87	6544.45
4257.94	6713.35
4257.01	6547.53
4256.09	6559.87
4255.16	6529.03
4254.23	6624.98
4253.31	6594.14
4252.38	6649.6
4251.45	6734.69
4250.52	6614.9
4249.6	6468.19
4248.67	6483.21
4247.74	6659.88
4246.81	6507.85
4245.88	6848.73
4244.96	6755.97
4244.03	6727.85
4243.1	6678.2
4242.17	6693.17
4241.24	6541.3
4240.31	6723.08
4239.38	6565.88
4238.45	6669.6
4237.52	6738.33
4236.59	6868.86
4235.66	6582.72
4234.73	6869.11
4233.8	6738.92
4232.87	6735.04
4231.94	6615.66
4231.01	6789.05
4230.08	6634.79
4229.15	6773.21
4228.22	6839.12
4227.28	6821.8
4226.35	6686.43
4225.42	6862.3
4224.49	6879.86
4223.56	6913.5
4222.62	6872.06
4221.69	6602.76
4220.76	6700.76
4219.83	6777.28
4218.89	6618
4217.96	6903.46
4217.03	6760.28
4216.09	6807.28
4215.16	6578.49
4214.23	6751.33
4213.29	6723.36
4212.36	6995.12
4211.42	6712.95
4210.49	6773.28
4209.55	6822.89
4208.62	6789.59
4207.68	6839.19
4206.75	6896.78
4205.81	6866.15
4204.88	6739.34
4203.94	6863.71
4203.01	6985.37
4202.07	6936.06
4201.13	6889.43
4200.2	6824.13
4199.26	6854.95
4198.32	6853.73
4197.39	6911.21
4196.45	6856.63
4195.51	6887.42
4194.58	6811.51
4193.64	6887.63
4192.7	6950.39
4191.76	6829.2
4190.82	6995.89
4189.89	6869.41
4188.95	6772.28
4188.01	6824.34
4187.07	6953.63
4186.13	6899.13
4185.19	6988.42
4184.25	6920.64
4183.31	6783.68
4182.37	6918.17
4181.43	6831.81
4180.49	6982.2
4179.55	7084.68
4178.61	6841.45
4177.67	6941.26
4176.73	6785.86
4175.79	6917.52
4174.85	6900.35
4173.91	6877.87
4172.97	6974.92
4172.03	6838.24
4171.09	6892.78
4170.14	6995.08
4169.2	6961.99
4168.26	7040.36
4167.32	6988.69
4166.38	6998.06
4165.43	6991.5
4164.49	6839.1
4163.55	7004.92
4162.6	6818.11
4161.66	7190.6
4160.72	7043.57
4159.77	7100.6
4158.83	6876.82
4157.89	7082.18
4156.94	6911.44
4156	7008.17
4155.05	7189.57
4154.11	7032.13
4153.16	6967.37
4152.22	6889.4
4151.27	7086.57
4150.33	7114.39
4149.38	7105.19
4148.44	7085.42
4147.49	6996.92
4146.55	7146.32
4145.6	7004.99
4144.65	6927.13
4143.71	7190.03
4142.76	7098.96
4141.81	7171.62
4140.87	7054.18
4139.92	7161.14
4138.97	7217.92
4138.03	7155.95
4137.08	6996.38
4136.13	7258.9
4135.18	6920.04
4134.23	7000.54
4133.29	6957.11
4132.34	7061.3
4131.39	7125.92
4130.44	7019.25
4129.49	7270.9
4128.54	7195.85
4127.59	7170.86
4126.64	7098.49
4125.69	7186.72
4124.74	7185.44
4123.79	7115.73
4122.84	6953.96
4121.89	7110.56
4120.94	7114.55
4119.99	7226.35
4119.04	7204.02
4118.09	7115.99
4117.14	7222.47
4116.19	7076.65
4115.24	7125.3
4114.28	7297.4
4113.33	7204.17
4112.38	7237.02
4111.43	7162.21
4110.48	7247.55
4109.52	7112.41
4108.57	7184.61
4107.62	7151.84
4106.66	7174.16
4105.71	7217.46
4104.76	7197.82
4103.8	7235.85
4102.85	7310.57
4101.9	7183.47
4100.94	7260.79
4099.99	7254.25
4099.03	7176.99
4098.08	7366.88
4097.12	7156.09
4096.17	7330.21
4095.21	7242.52
4094.26	7217.67
4093.3	7268.7
4092.35	7264.78
4091.39	7211.17
4090.44	7390.32
4089.48	7268.72
4088.52	7280.49
4087.57	7420.32
4086.61	7152.44
4085.65	7268.74
4084.7	7290.94
4083.74	7198.22
4082.78	7196.93
4081.82	7495.89
4080.87	7340.53
4079.91	7352.26
4078.95	7450.11
4077.99	7485.3
4077.03	7345.7
4076.08	7219.19
4075.12	7491.7
4074.16	7380.85
4073.2	7309.15
4072.24	7425.11
4071.28	7238.77
4070.32	7391.18
4069.36	7491.45
4068.4	7432.8
4067.44	7512.19
4066.48	7328.6
4065.52	7329.89
4064.56	7338.98
4063.6	7189.35
4062.64	7445.61
4061.68	7306.42
4060.72	7349.31
4059.75	7337.59
4058.79	7458.46
4057.83	7379.14
4056.87	7385.61
4055.91	7347.91
4054.94	7289.44
4053.98	7425.78
4053.02	7577.67
4052.06	7327.05
4051.09	7458.12
4050.13	7345.18
4049.17	7367.21
4048.2	7358.1
4047.24	7419.04
4046.27	7513.67
4045.31	7566.77
4044.35	7534.3
4043.38	7367.04
4042.42	7503.08
4041.45	7499.14
4040.49	7334.57
4039.52	7527.52
4038.56	7557.25
4037.59	7498.92
4036.63	7461.32
4035.66	7348.68
4034.69	7567.33
4033.73	7472.82
4032.76	7365.4
4031.8	7439.09
4030.83	7432.58
4029.86	7495.88
4028.89	7504.87
4027.93	7379.45
4026.96	7491.83
4025.99	7451.73
4025.02	7465.88
4024.06	7428.38
4023.09	7760.17
4022.12	7510.91
4021.15	7460.5
4020.18	7523.68
4019.21	7465.56
4018.25	7564.83
4017.28	7718.25
4016.31	7582.74
4015.34	7550.43
4014.37	7427.89
4013.4	7666.28
4012.43	7574.7
4011.46	7632.6
4010.49	7571.96
4009.52	7418.62
4008.55	7672.25
4007.58	7670.87
4006.6	7589.67
4005.63	7464.75
4004.66	7702.75
4003.69	7634.46
4002.72	7707.69
4001.75	7544.25
4000.77	7548.03
3999.8	7577.52
3998.83	7589.01
3997.86	7659.61
3996.88	7534.87
3995.91	7528.37
3994.94	7729.96
3993.96	7836.44
3992.99	7452.39
3992.02	7671.85
3991.04	7662.77
3990.07	7707.58
3989.1	7657.43
3988.12	7458.49
3987.15	7552.06
3986.17	7622.51
3985.2	7669.85
3984.22	7522.33
3983.25	7677.33
3982.27	7532.42
3981.3	7738.62
3980.32	7668.05
3979.34	7833.16
3978.37	7665.27
3977.39	7679.25
3976.41	7631.78
3975.44	7487.06
3974.46	7746.75
3973.48	7801.64
3972.51	7692.78
3971.53	7773.24
3970.55	7684.88
3969.57	7581.21
3968.6	7746.01
3967.62	7777.84
3966.64	7753.43
3965.66	7611.5
3964.68	7564.14
3963.7	7659.83
3962.73	7801.45
3961.75	7807.69
3960.77	7872.65
3959.79	7914.62
3958.81	7785.59
3957.83	7745.91
3956.85	7770.02
3955.87	7987.95
3954.89	7670.31
3953.91	7725.01
3952.93	7884.2
3951.94	7648.3
3950.96	7774.32
3949.98	7900.29
3949	7712.92
3948.02	7762.45
3947.04	7911.28
3946.06	7795.28
3945.07	7796.42
3944.09	7881.53
3943.11	7958.98
3942.13	7893.94
3941.14	7719.55
3940.16	7725.78
3939.18	7897.27
3938.19	7715.35
3937.21	7782.57
3936.23	8032.74
3935.24	7838.19
3934.26	7912.98
3933.27	7964.88
3932.29	7872.02
3931.3	7771.57
3930.32	7902.16
3929.33	7941.33
3928.35	7820.63
3927.36	7966.36
3926.38	7972.52
3925.39	7930.5
3924.41	7855.52
3923.42	7914.94
3922.43	7893.23
3921.45	7980.5
3920.46	7928.37
3919.47	7828.13
3918.49	7963.48
3917.5	8027.88
3916.51	8001.1
3915.52	8019.9
3914.54	7886.83
3913.55	8097.97
3912.56	8099.03
3911.57	8046.96
3910.58	8035.39
3909.6	8046.57
3908.61	8083.03
3907.62	7899.56
3906.63	8052.29
3905.64	7982.6
3904.65	7953.36
3903.66	7886.24
3902.67	7917.64
3901.68	8017.2
3900.69	7993.02
3899.7	8052.15
3898.71	7990.11
3897.72	8140.06
3896.73	8052.8
3895.74	8091.69
3894.74	7999.43
3893.75	8033.28
3892.76	8082.24
3891.77	8118.57
3890.78	7892.81
3889.79	7972
3888.79	8061.24
3887.8	8067.33
3886.81	7967.65
3885.81	8029.14
3884.82	8110.75
3883.83	8046.36
3882.83	8125.42
3881.84	7967.95
3880.85	8132.52
3879.85	7960.02
3878.86	7933.42
3877.86	8037.57
3876.87	8043.65
3875.88	8049.72
3874.88	8045.74
3873.89	8129.69
3872.89	8128.21
3871.89	8204.58
3870.9	8162.91
3869.9	8176.49
3868.91	8162.45
3867.91	8053.05
3866.91	8116.82
3865.92	8185.58
3864.92	8256.82
3863.92	8034.64
3862.93	8153.52
3861.93	8059.29
3860.93	7940.02
3859.93	8216.72
3858.94	8027.32
3857.94	8068.44
3856.94	8177.16
3855.94	8220.75
3854.94	8226.76
3853.94	8145.16
3852.95	8238.77
3851.95	8224.76
3850.95	8188.23
3849.95	8261.77
3848.95	8227.76
3847.95	8151.24
3846.95	8204.75
3845.95	8190.76
3844.95	8219.25
3843.95	8195.26
3842.95	8193.77
3841.95	8417.06
3840.94	8143.33
3839.94	8276.66
3838.94	8145.35
3837.94	8181.3
3836.94	8197.27
3835.94	8278.1
3834.93	8201.76
3833.93	8367.36
3832.93	8228.68
3831.93	8284.52
3830.92	8332.86
3829.92	8348.78
3828.92	8030.81
3827.91	8131.48
3826.91	8147.43
3825.91	8277.93
3824.9	8256.49
3823.9	8349.58
3822.89	8143.96
3821.89	8251.97
3820.88	8312.66
3819.88	8179.29
3818.87	8312.1
3817.87	8293.18
3816.86	8120.11
3815.86	8364.72
3814.85	8206.61
3813.84	8282.14
3812.84	8273.17
3811.83	8378.47
3810.83	8359.55
3809.82	8189.17
3808.81	8247.25
3807.8	8235.82
3806.8	8249.2
3805.79	8386.64
3804.78	8452.08
3803.77	8430.69
3802.77	8411.79
3801.76	8325.95
3800.75	8483.08
3799.74	8337.77
3798.73	8390.76
3797.72	8513.1
3796.71	8357.96
3795.7	8428.25
3794.69	8382.13
3793.68	8457.35
3792.67	8332.03
3791.66	8615.12
3790.65	8544.25
3789.64	8317.55
3788.63	8380.34
3787.62	8581.6
3786.61	8488.54
3785.6	8304.04
3784.59	8423.63
3783.58	8427.03
3782.56	8420.54
3781.55	8554.87
3780.54	8340.88
3779.53	8413.44
3778.52	8508.19
3777.5	8553.53
3776.49	8608.72
3775.48	8491.16
3774.46	8457.53
3773.45	8606.45
3772.44	8535.82
3771.42	8563.84
3770.41	8611.57
3769.39	8434.98
3768.38	8692.2
3767.36	8562.48
3766.35	8450.05
3765.34	8689.88
3764.32	8599.63
3763.3	8524.18
3762.29	8566.93
3761.27	8641.65
3760.26	8733.58
3759.24	8675.39
3758.23	8568.01
3757.21	8534.47
3756.19	8488.63
3755.18	8602.63
3754.16	8596.13
3753.14	8506.07
3752.12	8563.48
3751.11	8593.85
3750.09	8641.39
3749.07	8595.6
3748.05	8648.04
3747.03	8656.27
3746.02	8622.77
3745	8559.83
3743.98	8553.35
3742.96	8757.84
3741.94	8758.68
3740.92	8506.94
3739.9	8598.54
3738.88	8773.46
3737.86	8644.4
3736.84	8610.95
3735.82	8761.27
3734.8	8705.76
3733.78	8726.2
3732.76	8719.7
3731.74	8838.06
3730.71	8792.37
3729.69	8832.36
3728.67	8776.9
3727.65	8939.19
3726.63	8810.35
3725.61	8838.08
3724.58	8743.54
3723.56	8971.72
3722.54	8752.54
3721.51	8914.65
3720.49	8895.91
3719.47	8869.84
3718.44	8780.28
3717.42	8927.62
3716.4	8960.15
3715.37	8960.94
3714.35	8966.61
3713.32	8916.16
3712.3	8973.07
3711.27	8973.85
3710.25	8984.39
3709.22	8831.56
3708.2	8971.33
3707.17	9042.79
3706.15	9097.18
3705.12	9185.65
3704.09	9001.25
3703.07	9050.74
3702.04	9124.56
3701.01	9027.92
3699.99	9203.95
3698.96	9170.62
3697.93	9132.42
3696.9	9113.71
3695.88	9170.4
3694.85	9241.67
3693.82	9137.84
3692.79	9401.14
3691.76	9168.5
3690.74	9334.49
3689.71	9255.01
3688.68	9241.16
3687.65	9353.61
3686.62	9412.59
3685.59	9323.44
3684.56	9377.55
3683.53	9414.65
3682.5	9415.34
3681.47	9428.16
3680.44	9373.05
3679.41	9482.88
3678.38	9590.25
3677.34	9547.26
3676.31	9785.46
3675.28	9572.81
3674.25	9626.77
3673.22	9913.28
3672.19	9611.1
3671.15	10045.2
3670.12	10048.2
3669.09	9935
3668.06	10073.5
3667.02	9970.04
3665.99	10156.9
3664.96	10038.9
3663.92	10213.6
3662.89	10185.1
3661.85	10275.1
3660.82	10454.5
3659.79	10604.8
3658.75	10508.6
3657.72	10634.7
3656.68	10635.2
3655.65	10855.4
3654.61	10764
3653.57	10742.7
3652.54	11028
3651.5	10951.1
3650.47	11173.5
3649.43	11195.5
3648.39	11326.1
3647.36	11666.4
3646.32	11760.7
3645.28	11471.7
3644.25	11787.7
3643.21	12055.4
3642.17	12041.1
3641.13	12274.9
3640.09	12344.9
3639.06	12491.9
3638.02	12667.7
3636.98	12906.1
3635.94	13141.9
3634.9	13024
3633.86	13310.3
3632.82	13586.8
3631.78	13786.3
3630.74	13815
3629.7	13810
3628.66	13713.7
3627.62	14251.8
3626.58	14306.8
3625.54	14546.8
3624.5	14491.2
3623.46	14678.3
3622.42	14843.6
3621.38	14845.6
3620.33	14814.1
3619.29	15017.7
3618.25	15254.8
3617.21	14968.9
3616.17	15016.5
3615.12	15380.5
3614.08	15360.9
3613.04	15367.6
3611.99	15518.1
3610.95	15249.3
3609.91	15265.7
3608.86	15454.4
3607.82	15149.8
3606.77	14996.2
3605.73	15328.5
3604.69	15189.3
3603.64	15097.9
3602.6	15011.4
3601.55	14819.6
3600.5	14986.7
3599.46	14900.2
3598.41	14519.7
3597.37	14698.7
3596.32	14485.7
3595.27	14514
3594.23	14399.1
3593.18	14432.2
3592.13	14718.4
3591.09	14245.4
3590.04	14144.9
3588.99	14089.7
3587.94	14070.4
3586.9	14301.6
3585.85	14098.6
3584.8	14141.3
3583.75	14017
3582.7	13842.8
3581.65	13842.6
3580.6	13963.9
3579.56	13942.3
3578.51	13577.6
3577.46	13713.2
3576.41	13567.8
3575.36	13693.8
3574.31	13631.8
3573.26	13719.7
3572.2	13683.8
3571.15	13529
3570.1	13195.9
3569.05	13352.7
3568	13519.1
3566.95	13606.9
3565.9	13449.8
3564.84	13392.7
3563.79	13475.7
3562.74	13333.1
3561.69	13344.8
3560.63	13406.4
3559.58	13403.9
3558.53	13391.9
3557.47	13294.5
3556.42	13114.1
3555.37	13199.4
3554.31	13313.2
3553.26	13424.5
3552.2	13166
3551.15	13104.2
3550.09	13125.5
3549.04	13201.2
3547.98	13265.1
3546.93	13193.9
3545.87	13058.9
3544.82	13146.4
3543.76	12997.2
3542.71	12971.1
3541.65	13229
3540.59	13131.9
3539.54	13172
3538.48	13063.1
3537.42	13195.4
3536.36	12994.4
3535.31	13233.1
3534.25	13034.4
3533.19	13010.7
3532.13	13015.4
3531.07	13147.6
3530.02	13069.6
3528.96	12866.4
3527.9	12984.4
3526.84	13069.3
3525.78	13107
3524.72	12998.4
3523.66	12866.2
3522.6	13175.1
3521.54	13014.7
3520.48	13016.9
3519.42	13160.7
3518.36	12983.8
3517.3	12946
3516.24	13117.9
3515.17	12847
3514.11	12971.7
3513.05	13004.6
3511.99	12908
3510.93	13028
3509.87	13107.9
3508.8	13023.1
3507.74	13060.7
3506.68	13084.1
3505.61	12870
3504.55	13069.8
3503.49	12954.5
3502.42	12949.7
3501.36	12914.4
3500.3	13095.3
3499.23	12886.1
3498.17	13041
3497.1	13069.1
3496.04	13181.7
3494.97	12970.3
3493.91	13007.8
3492.84	13150.8
3491.77	12927.9
3490.71	13042.7
3489.64	12852.7
3488.58	13002.7
3487.51	12883
3486.44	12965
3485.38	12896.9
3484.31	13053.8
3483.24	13145.1
3482.17	13149.6
3481.11	12962.2
3480.04	12809.9
3478.97	13109.5
3477.9	13067.2
3476.83	12985.2
3475.77	13010.9
3474.7	13013.1
3473.63	12830.6
3472.56	13120.4
3471.49	13073.6
3470.42	13127.2
3469.35	13374.7
3468.28	13239.1
3467.21	13115.1
3466.14	13096.3
3465.07	13145.2
3464	13366.9
3462.92	13226.7
3461.85	13226.5
3460.78	13226.4
3459.71	13046.6
3458.64	13181.7
3457.57	13284.2
3456.49	13312
3455.42	13111.4
3454.35	13346.6
3453.28	13227.6
3452.2	13241.4
3451.13	13257.6
3450.06	12991.9
3448.98	13345.7
3447.91	13159.3
3446.83	13226.7
3445.76	13310.3
3444.68	13093.7
3443.61	13256.4
3442.53	13260.9
3441.46	13286.3
3440.38	13221.1
3439.31	13341.8
3438.23	13171.9
3437.16	13222.9
3436.08	13090.3
3435	13294.6
3433.93	13522
3432.85	13150.3
3431.77	13417
3430.7	13194
3429.62	13377.2
3428.54	13059.2
3427.46	13198.2
3426.39	13061.2
3425.31	13172.4
3424.23	12996
3423.15	13176.7
3422.07	13259.9
3420.99	13204.1
3419.91	13248
3418.83	13220
3417.75	13273.1
3416.68	13101.6
3415.6	13298.2
3414.51	13409.1
3413.43	13066.4
3412.35	13158.8
3411.27	13267.4
3410.19	13167.7
3409.11	13253.1
3408.03	13343.1
3406.95	13280.5
3405.87	13174
3404.78	13515.7
3403.7	13457.7
3402.62	13189.6
3401.54	13175.6
3400.45	13103.8
3399.37	13133.7
3398.29	13168.1
3397.2	13126.4
3396.12	13354.6
3395.04	13165.3
3393.95	13119
3392.87	13095.8
3391.78	13019.5
3390.7	13005.6
3389.61	13180.5
3388.53	13251.8
3387.44	13233.1
3386.36	13244.5
3385.27	13315.6
3384.19	13034.6
3383.1	13108.1
3382.01	12969.8
3380.93	13080.1
3379.84	13160.4
3378.75	13024.6
3377.67	13109.5
3376.58	13056.4
3375.49	13106.8
3374.4	13308.9
3373.31	13184.6
3372.23	13303.9
3371.14	13115.3
3370.05	13021
3368.96	12988.7
3367.87	13227.2
3366.78	12931
3365.69	13038.7
3364.6	13001.8
3363.51	13068.1
3362.42	12873
3361.33	13175.5
3360.24	13083.6
3359.15	13026.2
3358.06	12977.9
3356.97	13028.1
3355.88	13101.2
3354.79	12959
3353.69	12997.8
3352.6	12954.1
3351.51	13125.7
3350.42	12837.1
3349.33	13303.7
3348.23	13083.9
3347.14	13063.1
3346.05	13040.1
3344.95	12918.7
3343.86	12856.8
3342.77	13103.5
3341.67	13128.4
3340.58	13004.9
3339.48	12995.5
3338.39	12931.4
3337.29	12913
3336.2	12965.3
3335.1	12935.5
3334.01	13001.5
3332.91	12919.2
3331.82	12784.4
3330.72	12973.6
3329.62	12959.7
3328.53	13089.5
3327.43	12815.8
3326.33	13091.4
3325.24	13025.1
3324.14	12917.8
3323.04	12860.7
3321.94	12849.2
3320.85	12894.5
3319.75	12892.1
3318.65	12709.8
3317.55	13137.5
3316.45	12877.9
3315.35	12836.8
3314.25	12918.5
3313.16	13066.2
3312.06	12918.2
3310.96	12906.6
3309.86	12624.6
3308.76	12860.8
3307.66	12942.4
3306.55	12719.7
3305.45	12928.4
3304.35	12871.5
3303.25	12760.1
3302.15	12818.9
3301.05	12791.5
3299.95	12904.8
3298.84	12795.8
3297.74	12766.1
3296.64	12650.3
3295.54	12849.7
3294.43	12711.2
3293.33	12872
3292.23	12781.2
3291.12	12636
3290.02	12737.8
3288.92	12712.7
3287.81	12470.3
3286.71	12877.7
3285.6	12617.2
3284.5	12786.8
3283.39	12920.1
3282.29	12781.9
3281.18	12784
3280.08	12562.3
3278.97	12722.7
3277.86	12672.8
3276.76	12602.6
3275.65	12783.2
3274.54	12819.1
3273.44	12633.8
3272.33	12812
3271.22	12667.3
3270.12	12601.7
3269.01	12755
3267.9	12678.1
3266.79	12725.4
3265.68	12553.8
3264.57	12695.7
3263.47	12702.3
3262.36	12684.1
3261.25	12607.3
3260.14	12523.8
3259.03	12384
3257.92	12442.5
3256.81	12615.7
3255.7	12631.3
3254.59	12586.2
3253.48	12572.5
3252.37	12579.1
3251.25	12536.2
3250.14	12801.5
3249.03	12623.7
3247.92	12538
3246.81	12630.1
3245.69	12688.4
3244.58	12515.1
3243.47	12429.6
3242.36	12317.2
3241.24	12579.9
3240.13	12404.5
3239.02	12550.4
3237.9	12498.6
3236.79	12583.7
3235.68	12561.1
3234.56	12682.1
3233.45	12578.8
3232.33	12356.6
3231.22	12419.3
3230.1	12558.1
3228.99	12493
3227.87	12378.5
3226.75	12564.4
3225.64	12441
3224.52	12378.2
3223.41	12389.2
3222.29	12413.7
3221.17	12451.6
3220.05	12323.9
3218.94	12310.4
3217.82	12352.8
3216.7	12397.4
3215.58	12234
3214.47	12368.1
3213.35	12180.2
3212.23	12372.3
3211.11	12358.7
3209.99	12331.8
3208.87	12157.5
3207.75	12077
3206.63	12007.7
3205.51	12009.8
3204.39	12380.3
3203.27	12154.8
3202.15	12094.4
3201.03	12417.8
3199.91	12257.1
3198.79	12172.2
3197.67	12120.8
3196.55	12227.7
3195.42	12125.1
3194.3	12138.4
3193.18	12078.2
3192.06	12320.8
3190.93	11919.9
3189.81	12077.9
3188.69	11988.8
3187.56	11977.6
3186.44	11846.2
3185.32	11941.8
3184.19	12126.4
3183.07	12010.7
3181.94	11926.1
3180.82	12050.5
3179.7	11912.6
3178.57	11974.8
3177.44	11948.1
3176.32	11808
3175.19	11894.6
3174.07	11794.6
3172.94	12012.2
3171.82	12145.2
3170.69	11870
3169.56	11945.3
3168.43	11920.9
3167.31	11918.6
3166.18	11834.3
3165.05	11792.1
3163.92	11803.1
3162.8	11889.5
3161.67	11958.1
3160.54	11796.3
3159.41	12046.5
3158.28	11727.6
3157.15	11800.6
3156.02	11900.2
3154.89	11904.5
3153.76	11973
3152.63	11576.9
3151.5	11705.2
3150.37	11733.9
3149.24	11599
3148.11	11893
3146.98	11784.6
3145.85	11826.6
3144.72	11868.5
3143.59	11678.5
3142.45	11643.1
3141.32	11629.8
3140.19	11790.9
3139.06	11700.4
3137.92	11572.3
3136.79	11737.8
3135.66	11563.5
3134.52	11669.3
3133.39	11706.8
3132.26	11689.1
3131.12	11706.7
3129.99	11667
3128.85	11424.6
3127.72	11759.4
3126.58	11574.3
3125.45	11589.7
3124.31	11424.6
3123.18	11459.8
3122.04	11508.2
3120.9	11464.2
3119.77	11446.6
3118.63	11411.4
3117.49	11330
3116.36	11393.8
3115.22	11424.6
3114.08	11374
3112.95	11582.8
3111.81	11453.1
3110.67	11389.4
3109.53	11584.9
3108.39	11418
3107.25	11490.4
3106.11	11600.2
3104.98	11249
3103.84	11428.9
3102.7	11314.9
3101.56	11330.2
3100.42	11374.1
3099.28	11257.9
3098.14	11308.3
3096.99	11426.7
3095.85	11325.9
3094.71	11328.1
3093.57	11352.2
3092.43	11277.7
3091.29	11203.3
3090.15	11234
3089	11056.7
3087.86	11159.6
3086.72	11216.5
3085.57	11251.6
3084.43	11336.9
3083.29	11273.5
3082.14	11299.7
3081	11417.7
3079.86	11293.2
3078.71	11166.4
3077.57	11269.1
3076.42	11216.7
3075.28	11190.5
3074.13	11245.1
3072.99	11138.2
3071.84	11133.9
3070.7	11061.9
3069.55	11208.1
3068.4	11040.2
3067.26	11182
3066.11	10998.9
3064.96	11070.8
3063.82	11088.3
3062.67	10981.6
3061.52	11044.8
3060.37	11095
3059.23	11044.9
3058.08	11116.8
3056.93	10999.3
3055.78	10931.9
3054.63	10892.8
3053.48	11036.4
3052.33	11064.7
3051.18	10895.1
3050.03	10866.9
3048.88	10995.3
3047.73	10958.4
3046.58	10971.5
3045.43	10965
3044.28	11117.1
3043.13	10923.8
3041.98	10993.4
3040.83	10869.7
3039.68	10982.6
3038.52	10791.7
3037.37	10778.8
3036.22	10800.5
3035.07	10822.3
3033.91	10802.9
3032.76	10781.2
3031.61	10870.2
3030.45	10863.8
3029.3	10820.5
3028.14	10889.9
3026.99	10872.6
3025.84	10814.2
3024.68	10998.3
3023.53	10972.4
3022.37	10833.9
3021.22	10663
3020.06	10652.3
3018.9	10639.4
3017.75	10741.2
3016.59	10745.6
3015.44	10713.2
3014.28	10756.5
3013.12	10687.4
3011.96	10761
3010.81	10817.2
3009.65	10594.8
3008.49	10616.5
3007.33	10655.5
3006.18	10672.9
3005.02	10578
3003.86	10722.7
3002.7	10701.2
3001.54	10589.1
3000.38	10811.3
2999.22	10552.7
2998.06	10632.5
2996.9	10680
2995.74	10725.3
2994.58	10581.1
2993.42	10518.7
2992.26	10529.6
2991.1	10475.9
2989.94	10443.7
2988.77	10517
2987.61	10416
2986.45	10639.8
2985.29	10422.7
2984.12	10549.7
2982.96	10500.3
2981.8	10429.5
2980.64	10423.2
2979.47	10515.7
2978.31	10402
2977.14	10335.5
2975.98	10509.6
2974.82	10466.7
2973.65	10295.1
2972.49	10589.3
2971.32	10344.8
2970.16	10454.3
2968.99	10353.6
2967.82	10501.7
2966.66	10486.8
2965.49	10334.7
2964.33	10446.3
2963.16	10470
2961.99	10292.3
2960.83	10206.7
2959.66	10416.8
2958.49	10404
2957.32	10455.5
2956.15	10363.6
2954.99	10393.7
2953.82	10175.5
2952.65	10464.5
2951.48	10409
2950.31	10285.1
2949.14	10236
2947.97	10214.8
2946.8	10535.5
2945.63	10347.6
2944.46	10185.3
2943.29	10213.3
2942.12	10330.8
2940.95	10281.9
2939.78	10173.1
2938.61	10316.3
2937.44	10186.2
2936.26	10256.8
2935.09	10254.8
2933.92	10323.2
2932.75	10299.8
2931.57	9992.99
2930.4	10293.7
2929.23	10232
2928.05	10174.6
2926.88	10411.2
2925.71	10143
2924.53	10145.2
2923.36	10239.1
2922.18	10028.5
2921.01	10111.6
2919.83	10213.9
2918.66	10112
2917.48	10144
2916.31	10086.7
2915.13	10216.6
2913.95	10023.3
2912.78	10121.2
2911.6	10076.7
2910.42	10176.7
2909.25	10060.1
2908.07	9905.22
2906.89	10115.6
2905.71	10018.1
2904.54	10109.5
2903.36	10226.3
2902.18	10078
2901	10059
2899.82	10050.7
2898.64	9889.75
2897.46	10034.1
2896.28	10042.7
2895.1	10214.5
2893.92	10163.8
2892.74	9897.03
2891.56	9981.91
2890.38	9905.86
2889.2	10011.9
2888.02	10009.9
2886.84	9819.65
2885.65	9953.11
2884.47	9938.48
2883.29	9925.96
2882.11	9947.27
2880.92	9797.36
2879.74	9928.59
2878.56	10121
2877.38	10007.1
2876.19	9853.06
2875.01	9880.69
2873.82	10035
2872.64	9952.81
2871.45	9929.76
2870.27	9746.35
2869.08	9814.06
2867.9	9866.98
2866.71	9605.66
2865.53	9823.05
2864.34	9932.85
2863.16	9838.17
2861.97	9916.32
2860.78	9733.19
2859.6	9895.58
2858.41	9788.34
2857.22	9721.15
2856.03	9771.88
2854.85	9818.37
2853.66	9715.44
2852.47	9778.75
2851.28	9753.7
2850.09	9726.55
2848.9	9817.16
2847.71	9844.66
2846.52	9807
2845.34	9712.61
2844.15	9544.73
2842.96	9700.4
2841.76	9669.09
2840.57	9570.61
2839.38	9707.29
2838.19	9743.16
2837	9682.49
2835.81	9682.69
2834.62	9609.47
2833.43	9601.29
2832.23	9588.92
2831.04	9706.53
2829.85	9713.01
2828.65	9748.82
2827.46	9757.38
2826.27	9719.86
2825.07	9558.77
2823.88	9672.06
2822.69	9665.98
2821.49	9672.45
2820.3	9549.17
2819.1	9854.86
2817.91	9610.27
2816.71	9451.51
2815.52	9568.85
2814.32	9796.94
2813.13	9554.63
2811.93	9527.68
2810.73	9452.67
2809.54	9597.05
2808.34	9559.65
2807.14	9547.33
2805.94	9551.71
2804.75	9466.34
2803.55	9575.09
2802.35	9548.16
2801.15	9663.11
2799.95	9365.03
2798.75	9434.09
2797.56	9530.23
2796.36	9367.84
2795.16	9472.29
2793.96	9614.2
2792.76	9603.97
2791.56	9464.61
2790.36	9419.01
2789.16	9471.29
2787.95	9348.69
2786.75	9392.64
2785.55	9361.65
2784.35	9299.48
2783.15	9403.73
2781.95	9341.56
2780.74	9553.88
2779.54	9394.01
2778.34	9475.29
2777.13	9267.71
2775.93	9257.57
2774.73	9471.77
2773.52	9322.45
2772.32	9308.16
2771.12	9408.04
2769.91	9468.45
2768.71	9333.78
2767.5	9244.8
2766.3	9068.74
2765.09	9178.93
2763.89	9284.94
2762.68	9243.72
2761.47	9165.21
2760.27	9320.89
2759.06	9200.96
2757.85	9412.5
2756.65	9238.75
2755.44	9102.33
2754.23	9276.5
2753.02	9160.83
2751.81	9210.76
2750.61	9031.01
2749.4	9180.23
2748.19	9120.51
2746.98	9172.47
2745.77	9195.46
2744.56	9160.58
2743.35	9084.37
2742.14	9012.33
2740.93	9115.9
2739.72	9240.08
2738.51	9114.36
2737.3	9153.85
2736.09	9026.13
2734.88	8995.46
2733.66	8970.98
2732.45	9018.72
2731.24	9062.31
2730.03	9000.72
2728.82	9046.35
2727.6	9032.2
2726.39	8950.04
2725.18	9012.14
2723.96	9080.4
2722.75	9014.75
2721.53	9150.93
2720.32	8955.6
2719.11	8844.73
2717.89	8888.26
2716.68	9040.81
2715.46	8872.4
2714.25	8987.87
2713.03	9023.11
2711.81	8889.74
2710.6	8986.65
2709.38	9194.49
2708.16	8995.41
2706.95	8938.17
2705.73	8868.62
2704.51	9000.34
2703.29	9047.83
2702.08	8982.4
2700.86	8947.79
2699.64	9011.67
2698.42	9034.5
2697.2	8987.59
2695.98	8936.59
2694.76	8902.02
2693.54	8824.41
2692.32	8978.41
2691.1	8843.45
2689.88	8909.3
2688.66	8712.95
2687.44	8887.33
2686.22	8826.2
2685	8814.21
2683.78	8777.67
2682.56	8689.99
2681.33	8880.57
2680.11	8837.9
2678.89	8666.42
2677.67	8860.97
2676.44	8699.77
2675.22	8734.83
2674	8867.95
2672.77	8780.39
2671.55	8864.43
2670.33	8623.75
2669.1	8830.29
2667.88	8783.62
2666.65	8836.98
2665.43	8647.5
2664.2	8821.23
2662.97	8746.05
2661.75	8732.08
2660.52	8734.42
2659.3	8592.03
2658.07	8735.03
2656.84	8798.49
2655.62	8615.43
2654.39	8737.96
2653.16	8650.7
2651.93	8591.97
2650.7	8639.12
2649.48	8755.44
2648.25	8704.86
2647.02	8605.48
2645.79	8630.21
2644.56	8593.92
2643.33	8691.84
2642.1	8679.94
2640.87	8458.72
2639.64	8674.46
2638.41	8495.99
2637.18	8502.42
2635.95	8557.59
2634.72	8622.89
2633.48	8615.08
2632.25	8536.24
2631.02	8550.78
2629.79	8496.33
2628.56	8502.75
2627.32	8691.68
2626.09	8580.46
2624.86	8386.18
2623.62	8481.79
2622.39	8656.39
2621.16	8518.92
2619.92	8577.99
2618.69	8315.05
2617.45	8398.43
2616.22	8520.23
2614.98	8441.63
2613.75	8409.59
2612.51	8543.46
2611.27	8402.19
2610.04	8517.81
2608.8	8433.21
2607.57	8530.58
2606.33	8336.88
2605.09	8521.12
2603.85	8305.27
2602.62	8457.12
2601.38	8522.08
2600.14	8455.77
2598.9	8389.48
2597.66	8377.72
2596.42	8279.19
2595.18	8430.86
2593.94	8386.82
2592.71	8147.18
2591.47	8206.04
2590.23	8309.23
2588.98	8456.71
2587.74	8293.82
2586.5	8249.86
2585.26	8276.41
2584.02	8262.67
2582.78	8212.7
2581.54	8287.55
2580.29	8255.71
2579.05	8189.67
2577.81	8169.92
2576.57	8371.44
2575.32	8226.99
2574.08	8366.08
2572.84	8129.22
2571.59	8197.94
2570.35	8033.54
2569.1	8172.56
2567.86	8271.35
2566.61	7942.37
2565.37	8083.33
2564.12	7995.4
2562.88	8126.26
2561.63	8054.4
2560.39	8267.45
2559.14	8229.69
2557.89	8298.23
2556.65	7987.81
2555.4	8110.49
2554.15	8106.86
2552.9	8071.18
2551.66	8113.63
2550.41	8093.98
2549.16	8096.37
2547.91	7996.64
2546.66	8071.1
2545.41	8017.45
2544.16	8095.88
2542.91	8036.25
2541.66	7956.63
2540.41	7939.04
2539.16	7865.47
2537.91	8097.77
2536.66	8116.13
2535.41	8096.52
2534.16	7989.02
2532.91	7931.49
2531.66	7943.88
2530.4	7942.29
2529.15	8002.58
2527.9	7923.14
2526.65	7933.52
2525.39	7987.79
2524.14	7906.4
2522.89	7962.65
2521.63	8020.86
2520.38	7819.92
2519.12	8017.64
2517.87	8008.06
2516.61	7859.04
2515.36	7984.93
2514.1	7871.81
2512.85	7910.05
2511.59	7804.96
2510.33	7815.33
2509.08	7923.2
2507.82	7977.31
2506.56	7866.31
2505.31	7789.17
2504.05	7889
2502.79	7953.01
2501.53	7810.31
2500.28	7862.39
2499.02	7765.45
2497.76	7688.42
2496.5	7726.59
2495.24	7717.09
2493.98	7826.7
2492.72	7811.24
2491.46	7904.91
2490.2	7899.35
2488.94	7871.98
2487.68	7660.2
2486.42	7797.44
2485.16	7883.09
2483.9	7707.1
2482.63	7824.44
2481.37	7721.83
2480.11	7722.26
2478.85	7768.23
2477.59	7523.15
2476.32	7782.92
2475.06	7686.36
2473.8	7663.05
2472.53	7667.44
2471.27	7774.67
2470	7757.29
2468.74	7761.66
2467.47	7700.8
2466.21	7566.84
2464.94	7594.96
2463.68	7704.05
2462.41	7678.8
2461.15	7554.82
2459.88	7575.02
2458.61	7762.98
2457.35	7631.17
2456.08	7556.63
2454.81	7608.37
2453.54	7699.53
2452.28	7481.07
2451.01	7684.59
2449.74	7521.42
2448.47	7559.32
2447.2	7545.97
2445.93	7560.21
2444.66	7566.56
2443.39	7590.63
2442.12	7524.14
2440.85	7526.55
2439.58	7406.96
2438.31	7511.71
2437.04	7579.04
2435.77	7372.98
2434.5	7660.53
2433.23	7468.3
2431.96	7563.1
2430.68	7500.65
2429.41	7438.24
2428.14	7366.02
2426.87	7374.35
2425.59	7406.24
2424.32	7373.34
2423.04	7375.77
2421.77	7435.11
2420.5	7486.58
2419.22	7485.07
2417.95	7383.54
2416.67	7387.93
2415.4	7423.68
2414.12	7349.67
2412.85	7326.63
2411.57	7428.98
2410.29	7296.24
2409.02	7535.64
2407.74	7350.07
2406.46	7407.31
2405.18	7212.06
2403.91	7412.14
2402.63	7383.26
2401.35	7346.55
2400.07	7325.51
2398.79	7265.38
2397.52	7353.82
2396.24	7281.98
2394.96	7350.85
2393.68	7382.57
2392.4	7269.75
2391.12	7225.31
2389.84	7278.52
2388.56	7275.09
2387.27	7304.84
2385.99	7313.12
2384.71	7344.8
2383.43	7275.05
2382.15	7285.28
2380.87	7318.9
2379.58	7262.83
2378.3	7356.86
2377.02	7224.82
2375.73	7196.08
2374.45	7276.43
2373.17	7177.59
2371.88	7195.6
2370.6	7238.91
2369.31	7198.52
2368.03	7237.92
2366.74	7277.31
2365.46	7223.32
2364.17	7307.41
2362.89	7286.49
2361.6	7147.01
2360.31	7201.91
2359.03	7165.48
2357.74	7218.42
2356.45	7180.05
2355.17	7153.35
2353.88	7157.72
2352.59	7024.29
2351.3	7042.27
2350.01	7075.76
2348.72	7021.95
2347.43	7034.1
2346.15	7156.77
2344.86	7178.58
2343.57	7056.95
2342.28	7200.85
2340.99	7063.77
2339.69	7234.73
2338.4	7072.52
2337.11	7142.73
2335.82	7023.19
2334.53	7095.31
2333.24	6999.05
2331.95	6995.69
2330.65	7009.74
2329.36	7116.61
2328.07	7041.7
2326.77	7026.73
2325.48	7092.95
2324.19	7012.28
2322.89	7086.2
2321.6	7077.03
2320.3	7075.59
2319.01	6966.03
2317.71	7095.88
2316.42	6953.55
2315.12	6901.97
2313.83	6995.09
2312.53	7093.96
2311.23	6994.17
2309.94	7040.95
2308.64	6918.08
2307.34	7061.21
2306.05	6915.26
2304.75	6994.76
2303.45	6993.34
2302.15	7092.04
2300.85	7040.54
2299.55	6952.49
2298.25	6889.49
2296.96	7003.53
2295.66	6898.23
2294.36	6894.9
2293.06	6876.19
2291.76	6784.43
2290.45	6954.11
2289.15	7023.8
2287.85	6745.7
2286.55	6995.96
2285.25	7059.84
2283.95	6885.58
2282.65	6884.18
2281.34	6886.61
2280.04	6942.78
2278.74	6933.69
2277.43	6859.38
2276.13	6796.62
2274.83	6940.95
2273.52	6882.02
2272.22	6828.87
2270.91	6934.79
2269.61	6931.45
2268.3	6799.79
2267	6903.73
2265.69	6823.82
2264.39	6772.65
2263.08	6734.91
2261.77	6825.38
2260.47	6734.07
2259.16	6801.55
2257.85	6838.41
2256.54	6831.28
2255.24	6753.42
2253.93	6870.53
2252.62	6748.75
2251.31	6714.89
2250	6786.1
2248.69	6849.64
2247.38	6790.96
2246.07	6911.74
2244.76	6587.81
2243.45	6765.81
2242.14	6697.66
2240.83	6690.57
2239.52	6811.24
2238.21	6785.06
2236.9	6583.54
2235.59	6643.17
2234.27	6748.51
2232.96	6661.41
2231.65	6646.71
2230.34	6814.82
2229.02	6718.24
2227.71	6772.06
2226.4	6627.95
2225.08	6590.45
2223.77	6748.88
2222.45	6540.2
2221.14	6702.38
2219.82	6510.91
2218.51	6627.42
2217.19	6563.35
2215.88	6598.1
2214.56	6518.88
2213.24	6601.1
2211.93	6649.11
2210.61	6674.32
2209.29	6513.53
2207.97	6550.15
2206.66	6573.47
2205.34	6448.83
2204.02	6771.78
2202.7	6631.99
2201.38	6494.15
2200.06	6574.31
2198.74	6565.39
2197.42	6567.83
2196.1	6528.6
2194.78	6512.11
2193.46	6529.71
2192.14	6501.87
2190.82	6432.41
2189.5	6559.75
2188.18	6414.63
2186.86	6411.43
2185.54	6606.76
2184.21	6355.86
2182.89	6494.42
2181.57	6561.12
2180.24	6540.88
2178.92	6431.87
2177.6	6485.31
2176.27	6529.3
2174.95	6397.7
2173.62	6485.09
2172.3	6412.06
2170.97	6352.25
2169.65	6441.49
2168.32	6434.5
2167	6414.33
2165.67	6373.42
2164.34	6360.8
2163.02	6417.91
2161.69	6311.09
2160.36	6232.57
2159.04	6308.5
2157.71	6337.32
2156.38	6221.2
2155.05	6383.65
2153.72	6461.36
2152.39	6349.04
2151.06	6413.56
2149.74	6404.72
2148.41	6365.8
2147.08	6274.27
2145.75	6304.93
2144.41	6260.41
2143.08	6244.1
2141.75	6257.84
2140.42	6192.71
2139.09	6296.56
2137.76	6229.57
2136.43	6245.18
2135.09	6106.93
2133.76	6317.64
2132.43	6252.57
2131.09	6172.53
2129.76	6354.98
2128.43	6237.46
2127.09	6264.29
2125.76	6150.59
2124.42	6168.05
2123.09	6157.42
2121.75	6116.83
2120.42	6124.93
2119.08	6114.31
2117.75	6150.47
2116.41	6212.81
2115.07	6121.75
2113.74	6156.01
2112.4	6179.05
2111.06	6192.73
2109.72	6137.25
2108.38	6050.04
2107.05	6142.19
2105.71	6254.85
2104.37	6225.55
2103.03	6192.53
2101.69	6148.32
2100.35	6094.8
2099.01	6073.02
2097.67	5887.1
2096.33	6066.78
2094.99	6119.6
2093.65	6148.17
2092.31	5973.56
2090.97	6100.9
2089.62	5978.55
2088.28	6098.38
2086.94	6115.75
2085.6	5999.04
2084.25	5981.05
2082.91	5946.31
2081.57	6103.25
2080.22	6075.94
2078.88	6041.21
2077.53	5932.1
2076.19	5986.65
2074.84	5996.57
2073.5	6008.33
2072.15	5988.51
2070.81	5886.96
2069.46	5952.6
2068.12	5988.51
2066.77	6029.97
2065.42	5887.66
2064.08	6016.34
2062.73	5926.04
2061.38	5884
2060.03	5905.04
2058.68	5979.84
2057.34	5908.16
2055.99	6058.91
2054.64	5994.66
2053.29	5861.87
2051.94	6034.78
2050.59	6072.42
2049.24	6006.36
2047.89	5831.1
2046.54	5859.51
2045.19	5849.04
2043.83	5968.08
2042.48	6029.73
2041.13	5921.22
2039.78	5825.71
2038.43	5942.8
2037.07	5923.09
2035.72	5879.36
2034.37	5841.2
2033.01	5895.39
2031.66	5824
2030.31	5776.64
2028.95	5845.58
2027.6	5765.02
2026.24	5734.3
2024.89	5853.01
2023.53	5733.76
2022.17	5813.7
2020.82	5814.34
2019.46	5925.56
2018.11	5905.91
2016.75	5648.6
2015.39	5881.35
2014.03	5839.62
2012.68	5755.55
2011.32	5796.69
2009.96	5736.6
2008.6	5831.09
2007.24	5800.44
2005.88	5804.75
2004.52	5722.64
2003.16	5725.12
2001.8	5786.43
2000.44	5759.5
1999.08	5761.98
1997.72	5749.76
1996.36	5766.93
1995	5670.25
1993.64	5711.29
1992.27	5673.39
1990.91	5653.86
1989.55	5625.17
1988.19	5757.9
1986.82	5510.96
1985.46	5757.34
1984.1	5735.98
1982.73	5714.62
1981.37	5641.97
1980	5648.13
1978.64	5667.1
1977.27	5510.26
1975.91	5752.62
1974.54	5625.12
1973.18	5578.19
1971.81	5642.9
1970.44	5522.82
1969.08	5572.88
1967.71	5584.52
1966.34	5601.64
1964.97	5596.82
1963.61	5493.31
1962.24	5552.46
1960.87	5609.76
1959.5	5646.94
1958.13	5459.52
1956.76	5598.95
1955.39	5541.2
1954.02	5521.8
1952.65	5560.79
1951.28	5586.99
1949.91	5492.82
1948.54	5528.14
1947.17	5463.18
1945.8	5498.49
1944.42	5449.97
1943.05	5437.9
1941.68	5429.48
1940.31	5504.83
1938.93	5592.89
1937.56	5511.64
1936.19	5563.26
1934.81	5471.13
1933.44	5548.21
1932.06	5465.21
1930.69	5369.51
1929.31	5501.1
1927.94	5450.88
1926.56	5415.21
1925.18	5394.1
1923.81	5431.11
1922.43	5368.23
1921.05	5414.32
1919.68	5413.19
1918.3	5446.54
1916.92	5400.04
1915.54	5304.58
1914.17	5316.16
1912.79	5469.19
1911.41	5319.38
1910.03	5388.96
1908.65	5320.78
1907.27	5299.74
1905.89	5372.9
1904.51	5230.51
1903.13	5338.06
1901.75	5441.94
1900.37	5341.26
1898.99	5389
1897.6	5400.54
1896.22	5303.54
1894.84	5253.6
1893.46	5243.46
1892.07	5289.36
1890.69	5329.82
1889.31	5384.72
1887.92	5300.49
1886.54	5313.83
1885.15	5218.82
1883.77	5172.59
1882.38	5205.8
1881	5251.63
1879.61	5299.25
1878.23	5289.12
1876.84	5203.24
1875.46	5211.17
1874.07	5264.16
1872.68	5354.98
1871.29	5159.24
1869.91	5246.44
1868.52	5252.54
1867.13	5145.19
1865.74	5185.52
1864.35	5321.24
1862.96	5163.55
1861.57	5216.45
1860.19	5244.14
1858.8	5160.3
1857.4	5074.7
1856.01	5109.59
1854.62	5178.62
1853.23	5145.19
1851.84	5081.22
1850.45	5166.38
1849.06	5222.77
1847.67	5201.92
1846.27	5112.86
1844.88	5038.2
1843.49	5085.59
1842.09	5019.93
1840.7	5115.74
1839.31	5166.67
1837.91	5101.04
1836.52	5142.99
1835.12	5154.46
1833.73	4992.11
1832.33	5098.55
1830.93	5025.83
1829.54	5010.45
1828.14	5149.04
1826.75	5011.92
1825.35	5103.93
1823.95	5065.28
1822.55	5053.48
1821.16	5022.02
1819.76	4920.83
1818.36	5019.9
1816.96	5051.02
1815.56	5035.66
1814.16	4938.13
1812.76	5029.97
1811.36	5078.92
1809.96	4927.87
1808.56	5066.07
1807.16	4879.39
1805.76	4905.13
1804.36	4984.37
1802.96	4990.46
1801.56	5005.46
1800.15	4947.35
1798.75	5060.39
1797.35	5053.98
1795.94	4965.61
1794.54	4982.37
1793.14	4885.15
1791.73	4925.08
1790.33	4916.92
1788.92	4906.98
1787.52	4902.39
1786.11	4997.43
1784.71	4893.21
1783.3	4920.63
1781.9	4939.15
1780.49	4886.56
1779.08	5091.68
1777.68	4843.63
1776.27	4890.57
1774.86	4848.69
1773.45	5007.48
1772.05	4843.1
1770.64	5007.15
1769.23	4910.26
1767.82	4935.84
1766.41	4906.42
1765	4795.43
1763.59	4836.97
1762.18	4761.49
1760.77	4900.5
1759.36	4922.5
1757.95	4769.11
1756.54	4863.74
1755.12	4853.86
1753.71	4865.23
1752.3	4950.94
1750.89	4946.35
1749.47	4793.14
1748.06	4841.66
1746.65	4769.89
1745.23	4775.96
1743.82	4928.75
1742.4	4872.92
1740.99	4907.23
1739.58	4869.09
1738.16	4788.58
1736.74	4785.8
1735.33	4800.68
1733.91	4785.54
1732.5	4786.29
1731.08	4762.34
1729.66	4761.33
1728.24	4880.26
1726.83	4812.22
1725.41	4717.76
1723.99	4873.64
1722.57	4682.28
1721.15	4834.57
1719.73	4875.83
1718.31	4765.6
1716.89	4727.62
1715.47	4784.71
1714.05	4808.34
1712.63	4853.07
1711.21	4846.76
1709.79	4828.15
1708.37	4885.16
1706.95	4799.73
1705.52	4863.75
1704.1	4732.67
1702.68	4812.49
1701.26	4814.99
1699.83	4752.5
1698.41	4739.2
1696.98	4685.53
1695.56	4781.07
1694.14	4751.98
1692.71	4729.91
1691.28	4816.61
1689.86	4724.4
1688.43	4851.39
1687.01	4680.33
1685.58	4726.65
1684.15	4673.08
1682.73	4817.49
1681.3	4711.38
1679.87	4678.86
1678.44	4768.91
1677.02	4703.13
1675.59	4630.39
1674.16	4667.89
1672.73	4805.09
1671.3	4784.83
1669.87	4699.89
1668.44	4683.16
1667.01	4687.41
1665.58	4653.21
1664.15	4701.14
1662.72	4714.11
1661.28	4660.72
1659.85	4720.84
1658.42	4567.98
1656.99	4671.71
1655.55	4675.95
1654.12	4591.23
1652.69	4625.13
1651.25	4716.56
1649.82	4659.77
1648.39	4606.5
1646.95	4699.61
1645.52	4519.17
1644.08	4716.77
1642.64	4639.15
1641.21	4681.69
1639.77	4678.95
1638.34	4617.04
1636.9	4600.4
1635.46	4608.12
1634.02	4558.44
1632.59	4672.23
1631.15	4568.67
1629.71	4560.74
1628.27	4533.71
1626.83	4567.49
1625.39	4629.05
1623.95	4501.29
1622.51	4607.98
1621.07	4528.88
1619.63	4543.53
1618.19	4457.54
1616.75	4505.17
1615.31	4512.88
1613.87	4449.49
1612.43	4608.04
1610.98	4501.33
1609.54	4548.89
1608.1	4539.26
1606.66	4439.55
1605.21	4478.44
1603.77	4432.47
1602.32	4571.74
1600.88	4472.11
1599.43	4516.15
1597.99	4445.98
1596.54	4450.22
1595.1	4392.21
1593.65	4406.83
1592.21	4417.99
1590.76	4437.78
1589.31	4455.84
1587.86	4525.71
1586.42	4459.12
1584.97	4415
1583.52	4389.89
1582.07	4540.83
1580.62	4396.64
1579.17	4385.35
1577.72	4413.74
1576.28	4447.28
1574.83	4346.34
1573.37	4478.13
1571.92	4520.26
1570.47	4414.19
1569.02	4299.56
1567.57	4398.53
1566.12	4308.05
1564.67	4482.72
1563.21	4338.91
1561.76	4446.39
1560.31	4316.41
1558.85	4251.84
1557.4	4364.43
1555.95	4308.48
1554.49	4269.74
1553.04	4224.15
1551.58	4341.8
1550.13	4330.56
1548.67	4322.76
1547.21	4368.2
1545.76	4262.54
1544.3	4220.44
1542.84	4238.41
1541.39	4295.83
1539.93	4306.92
1538.47	4256.27
1537.01	4289.65
1535.56	4263.01
1534.1	4272.38
1532.64	4288.6
1531.18	4224.3
1529.72	4264.5
1528.26	4261.87
1526.8	4177.07
1525.34	4169.33
1523.88	4211.22
1522.42	4232.56
1520.95	4221.39
1519.49	4252.97
1518.03	4146.06
1516.57	4198.16
1515.1	4255.36
1513.64	4206.61
1512.18	4197.16
1510.71	4151.86
1509.25	4150.97
1507.79	4167.15
1506.32	4104.81
1504.86	4136.35
1503.39	4172.99
1501.92	4230.09
1500.46	4178.02
1498.99	4160.08
1497.53	4109.75
1496.06	4131.02
1494.59	4218.74
1493.12	4190.57
1491.66	4113.03
1490.19	4055.96
1488.72	4169.15
1487.25	4207.4
1485.78	4048.24
1484.31	4067.78
1482.84	4134.95
1481.37	4128.96
1479.9	4141.67
1478.43	4023.49
1476.96	4083.81
1475.49	4067.64
1474.02	4093.94
1472.54	3980.97
1471.07	4071.8
1469.6	4053.95
1468.13	4178.68
1466.65	4067.48
1465.18	4037.76
1463.71	4048.77
1462.23	4069.94
1460.76	4033.46
1459.28	4125.82
1457.81	4041.89
1456.33	3937.66
1454.86	3999.49
1453.38	4010.49
1451.9	4029.94
1450.43	4029.07
1448.95	4109.45
1447.47	3991.8
1445.99	4097.53
1444.52	4115.25
1443.04	4073.78
1441.56	3996.82
1440.08	4053.43
1438.6	4020.44
1437.12	4031.4
1435.64	4032.22
1434.16	3943.53
1432.68	4055.81
1431.2	4012.73
1429.72	3956.17
1428.24	4009.31
1426.75	3973.02
1425.27	3876.02
1423.79	4010.09
1422.31	4026.09
1420.82	3981.39
1419.34	3994.01
1417.86	4052.12
1416.37	3975.44
1414.89	4004.9
1413.4	3975.41
1411.92	3920.68
1410.43	3941.72
1408.95	3986.3
1407.46	3889.54
1405.97	3924.02
1404.49	3995.48
1403	3868.53
1401.51	3919.8
1400.03	3826.52
1398.54	3963.47
1397.05	3920.62
1395.56	3975.19
1394.07	3937.39
1392.58	3939.9
1391.09	3902.12
1389.6	3916.38
1388.11	4004.45
1386.62	4038.8
1385.13	3964.15
1383.64	3941.49
1382.15	3982.54
1380.66	3852.65
1379.17	3890.35
1377.67	3939.76
1376.18	4069.53
1374.69	3921.31
1373.19	3908.74
1371.7	4013.33
1370.21	3900.36
1368.71	3891.15
1367.22	3922.08
1365.72	4029.92
1364.23	3973.88
1362.73	4041.55
1361.23	4045.69
1359.74	4043.14
1358.24	4020.55
1356.74	4091.49
1355.25	4015.47
1353.75	3999.57
1352.25	4008.72
1350.75	4004.51
1349.25	4093.73
1347.76	4132.87
1346.26	4125.3
1344.76	4034.38
1343.26	4148.51
1341.76	4034.3
1340.26	4085.07
1338.75	4169.13
1337.25	4184.88
1335.75	4197.29
1334.25	4123.14
1332.75	4137.22
1331.25	4211.2
1329.74	4147.07
1328.24	4181.09
1326.74	4067.12
1325.23	4114.44
1323.73	4096.93
1322.22	4112.66
1320.72	4196.49
1319.21	4105.89
1317.71	4244.49
1316.2	4104.1
1314.7	4194.5
1313.19	4163.72
1311.68	4098.11
1310.18	4135.37
1308.67	4169.3
1307.16	4029.11
1305.65	4043.16
1304.14	4048.91
1302.63	4021.52
1301.13	4085.25
1299.62	3953.52
1298.11	3947.69
1296.6	4016.36
1295.09	3979.07
1293.58	3925.25
1292.06	3960.8
1290.55	3946.7
1289.04	3909.46
1287.53	3935.06
1286.02	3876.35
1284.5	3883.77
1282.99	3894.49
1281.48	3845.74
1279.96	3868.02
1278.45	3768.1
1276.94	3767.28
1275.42	3971.13
1273.91	3924.06
1272.39	3896.8
1270.87	3813.48
1269.36	3872.02
1267.84	3768.95
1266.33	3900
1264.81	3808.51
1263.29	3809.33
1261.77	3767.32
1260.26	3764.85
1258.74	3676.76
1257.22	3852.1
1255.7	3757.45
1254.18	3782.95
1252.66	3737.71
1251.14	3667.82
1249.62	3716.35
1248.1	3774.72
1246.58	3673.63
1245.06	3671.19
1243.54	3699.96
1242.01	3728.72
1240.49	3860.93
1238.97	3677.83
1237.45	3675.39
1235.92	3727.1
1234.4	3727.93
1232.88	3641.81
1231.35	3654.14
1229.83	3800.92
1228.3	3618.11
1226.78	3700.91
1225.25	3696.83
1223.72	3627.21
1222.2	3677.19
1220.67	3651.83
1219.14	3583.9
1217.62	3696.06
1216.09	3570.88
1214.56	3607.73
1213.03	3559.5
1211.5	3678.11
1209.98	3592.28
1208.45	3625.82
1206.92	3595.61
1205.39	3719.01
1203.86	3620.18
1202.33	3594.88
1200.79	3687.18
1199.26	3701.06
1197.73	3594.16
1196.2	3581.95
1194.67	3581.16
1193.13	3552.65
1191.6	3548.61
1190.07	3627.72
1188.53	3639.97
1187	3595.17
1185.47	3630.23
1183.93	3471.42
1182.4	3558.6
1180.86	3543.17
1179.33	3571.69
1177.79	3570.91
1176.25	3526.19
1174.72	3522.17
1173.18	3526.27
1171.64	3637.71
1170.1	3677.55
1168.57	3457.31
1167.03	3541.06
1165.49	3566.28
1163.95	3489.15
1162.41	3587.45
1160.87	3508.72
1159.33	3507.95
1157.79	3417.92
1156.25	3602.15
1154.71	3513.76
1153.17	3553.53
1151.63	3518.7
1150.08	3534.14
1148.54	3526.88
1147	3595.78
1145.46	3572.31
1143.91	3459.76
1142.37	3510.82
1140.82	3503.58
1139.28	3488.24
1137.73	3539.26
1136.19	3528.77
1134.64	3502.12
1133.1	3538.54
1131.55	3507.04
1130.01	3515.97
1128.46	3555.6
1126.91	3587.14
1125.36	3510.42
1123.82	3487.04
1122.27	3473.35
1120.72	3511.33
1119.17	3549.3
1117.62	3524.31
1116.07	3504.18
1114.52	3411.46
1112.97	3555.85
1111.42	3506.7
1109.87	3522.05
1108.32	3463.25
1106.77	3444.77
1105.22	3476.23
1103.66	3485.12
1102.11	3498.85
1100.56	3538.32
1099	3550.42
1097.45	3448.26
1095.9	3510.24
1094.34	3390.45
1092.79	3489.4
1091.23	3540.08
1089.68	3540.9
1088.12	3570.65
1086.56	3545.77
1085.01	3490.37
1083.45	3502.45
1081.89	3477.6
1080.34	3459.17
1078.78	3562.72
1077.22	3454.44
1075.66	3506.61
1074.1	3529.89
1072.54	3511.48
1070.98	3542.76
1069.43	3434.6
1067.86	3512.36
1066.3	3532.41
1064.74	3560.46
1063.18	3494.02
1061.62	3517.26
1060.06	3492.47
1058.5	3507.71
1056.93	3538.93
1055.37	3525.35
1053.81	3530.97
1052.24	3511
1050.68	3532.6
1049.12	3440.73
1047.55	3431.98
1045.99	3520.68
1044.42	3473.58
1042.85	3480.8
1041.29	3529.52
1039.72	3455.32
1038.16	3521.57
1036.59	3474.53
1035.02	3382.85
1033.45	3530.4
1031.88	3451.5
1030.32	3498.55
1028.75	3456.35
1027.18	3433.28
1025.61	3437.3
1024.04	3449.28
1022.47	3563.14
1020.9	3458.89
1019.33	3454.94
1017.76	3546.46
1016.18	3427.96
1014.61	3452.65
1013.04	3429.62
1011.47	3446.35
1009.89	3418.57
1008.32	3508.38
1006.75	3437.7
1005.17	3381.35
1003.6	3498.11
1002.02	3444.94
1000.45	3460.05
998.873	3408.51
997.297	3442.65
995.721	3391.13
994.145	3444.3
992.568	3422.92
990.991	3411.07
989.413	3545.01
987.835	3450.75
986.257	3486.41
984.678	3379.54
983.099	3467.45
981.52	3442.94
979.94	3492.82
978.36	3457.23
976.78	3371.04
975.199	3386.11
973.618	3407.49
972.037	3525.3
970.455	3445.49
968.873	3449.47
967.29	3439.22
965.707	3389.49
964.124	3492.96
962.541	3427.46
960.957	3369.87
959.373	3511.15
957.788	3442.53
956.203	3384.98
954.618	3439.42
953.032	3405.55
951.446	3474.14
949.86	3465.49
948.273	3452.12
946.686	3415.12
945.099	3398.61
943.511	3471.86
941.923	3438.03
940.334	3479.75
938.745	3397.16
937.156	3402.7
935.567	3383.06
933.977	3404.33
932.387	3469.6
930.796	3390.24
929.205	3463.34
927.614	3382.44
926.022	3444.52
924.43	3432.76
922.838	3535.61
921.245	3479.89
919.652	3472.83
918.058	3475.2
916.465	3450.89
914.87	3536.38
913.276	3359.99
911.681	3475.23
910.086	3457.22
908.49	3379.67
906.894	3435.31
905.298	3461.17
903.701	3419.69
902.104	3459.63
900.507	3357.13
898.909	3445.57
897.311	3513.63
895.713	3550.39
894.114	3529.27
892.515	3425.3
890.916	3612.09
889.316	3445.64
887.715	3405.82
886.115	3464.41
884.514	3462.08
882.913	3489.41
881.311	3518.28
879.709	3442.59
878.107	3463.66
876.504	3540.88
874.901	3471.47
873.298	3528.39
871.694	3507.33
870.09	3526.81
868.485	3488.63
866.88	3509.66
865.275	3527.56
863.669	3494.07
862.064	3441.92
860.457	3520.53
858.851	3505.73
857.244	3550.06
855.636	3581.93
854.028	3568.69
852.42	3521.25
850.812	3537.56
849.203	3487.04
847.594	3601.23
845.984	3586.44
844.375	3556.14
842.764	3538.26
841.154	3560.75
839.543	3606.51
837.931	3660.01
836.32	3555.26
834.708	3579.28
833.095	3621.89
831.482	3639.68
829.869	3665.21
828.256	3642.69
826.642	3617.09
825.028	3534.2
823.413	3647.99
821.798	3727.67
820.183	3579.8
818.567	3563.52
816.951	3636.98
815.335	3614.51
813.718	3643.08
812.101	3605.16
810.483	3616.72
808.865	3564.91
807.247	3645.99
805.629	3688.42
804.01	3709.21
802.39	3580.24
800.771	3651.98
799.151	3677.4
797.53	3605.6
795.91	3641.81
794.288	3644.08
792.667	3649.43
791.045	3654.77
789.423	3536.83
787.8	3620.77
786.177	3613.8
784.554	3589.89
782.93	3624.49
781.306	3560.56
779.682	3653.64
778.057	3617.43
776.432	3595.08
774.807	3620.42
773.181	3631.91
771.554	3667.99
769.928	3604.15
768.301	3629.46
766.674	3608.67
765.046	3610.93
763.418	3557.91
761.789	3641.54
760.161	3534.82
758.531	3618.42
756.902	3533.23
755.272	3716.49
753.642	3582.24
752.011	3593.7
750.38	3618.95
748.749	3661.04
747.117	3674.01
745.485	3682.37
743.852	3580.47
742.22	3651.62
740.586	3644.68
738.953	3631.61
737.319	3711.89
735.685	3707.99
734.05	3687.27
732.415	3584
730.779	3636.69
729.144	3690.89
727.507	3638.11
725.871	3567.02
724.234	3729.63
722.597	3557.77
720.959	3666.89
719.321	3609.59
717.683	3677.44
716.044	3650.67
714.405	3663.58
712.765	3584.98
711.126	3658.87
709.485	3642.81
707.845	3677.03
706.204	3750.85
704.563	3609.88
702.921	3575.56
701.279	3673.71
699.636	3637.87
697.993	3707.05
696.35	3665.14
694.707	3725.15
693.063	3724.31
691.419	3720.43
689.774	3648.14
688.129	3692.91
686.483	3582.68
684.838	3632
683.191	3722.3
681.545	3762.45
679.898	3659.9
678.251	3653
676.603	3690.1
674.955	3710.51
673.307	3706.63
671.658	3761.9
670.009	3733.76
668.359	3699.57
666.709	3779.04
665.059	3752.43
663.408	3704.63
661.757	3805.25
660.106	3742.32
658.454	3665.79
656.802	3689.17
655.15	3744.31
653.497	3705.65
651.844	3744.13
650.19	3719.09
648.536	3825.56
646.881	3771.81
645.227	3814.77
643.572	3747.44
641.916	3826.63
640.26	3812.17
638.604	3820.36
636.947	3813.46
635.29	3708.49
633.633	3802.68
631.975	3767.13
630.317	3826.59
628.659	3855.87
627	4014.74
625.34	3839.05
623.681	3976.76
622.021	3920.14
620.36	3807.83
618.7	3868.68
617.038	3918.97
615.377	3884.98
613.715	3915.69
612.053	3896.75
610.39	3831.21
608.727	3798.77
607.064	3838.49
605.4	3759.48
603.736	3859.28
602.071	3756.27
600.406	3798.96
598.741	3696.02
597.075	3816.75
595.409	3671.83
593.743	3639.49
592.076	3710.66
590.409	3673.82
588.741	3643
587.073	3706.63
585.405	3666.82
583.736	3734.9
582.067	3743.04
580.397	3703.25
578.728	3706.9
577.057	3604.28
575.387	3694.74
573.716	3732.8
572.044	3678.1
570.373	3660.81
568.7	3651.01
567.028	3624.77
565.355	3682.22
563.682	3715.75
562.008	3682.04
560.334	3667.76
558.66	3619.15
556.985	3700.42
555.31	3665.25
553.634	3609.21
551.958	3657.62
550.282	3646.34
548.605	3690.24
546.928	3765.42
545.25	3655.77
543.573	3650.47
541.894	3649.64
540.216	3691.99
538.537	3737.31
536.857	3690.31
535.178	3701.37
533.497	3678.21
531.817	3677.37
530.136	3731.56
528.455	3727.73
526.773	3764.05
525.091	3754.27
523.408	3720.72
521.725	3755.53
520.042	3745.76
518.359	3755.3
516.675	3674.27
514.99	3747.64
513.305	3786.85
511.62	3714.78
509.935	3762.87
508.249	3852.47
506.562	3801.18
504.876	3824.03
503.189	3820.19
501.501	3810.43
499.813	3701.43
498.125	3799.8
496.436	3850.75
494.747	3815.82
493.058	3773.52
491.368	3775.61
489.678	3736.29
487.987	3850.78
486.297	3697.62
484.605	3720.42
482.913	3676.72
481.221	3760.09
479.529	3716.39
477.836	3753.94
476.143	3701.4
474.449	3653.32
472.755	3816.29
471.061	3639.84
469.366	3731.94
467.67	3660.3
465.975	3775.93
464.279	3713.16
462.582	3729.99
460.886	3690.83
459.189	3704.71
457.491	3746.57
455.793	3763.38
454.095	3747.8
452.396	3758.71
450.697	3765.21
448.997	3784.94
447.298	3797.31
445.597	3743.5
443.897	3877.88
442.196	3827.03
440.494	3826.15
438.792	3828.21
437.09	3737.74
435.387	3794.15
433.684	3916.59
431.981	3925.96
430.277	4007.23
428.573	3891.88
426.868	4052.32
425.163	3964.88
423.458	4087.11
421.752	4207.82
420.046	4139.45
418.34	4122.38
416.633	4160.98
414.925	4035.56
413.218	4096.12
411.51	4054.19
409.801	4051.8
408.092	3993.81
406.383	4016.29
404.673	4034.38
402.963	3954.51
401.253	3984.29
399.542	3857.71
397.831	3843.67
396.119	3781.44
394.407	3805.4
392.694	3814.74
390.982	3818.24
389.268	3694.79
387.555	3820.86
385.841	3843.32
384.126	3689.32
382.411	3755.53
380.696	3811.51
378.981	3855.81
377.265	3719.43
375.548	3792.85
373.832	3771.59
372.114	3748.89
370.397	3822.26
368.679	3866.49
366.96	3804.49
365.242	3870.52
363.523	3895.8
361.803	3814.94
360.083	3816.97
358.363	3871.31
356.642	3953.23
354.921	3924.72
353.199	3894.77
351.477	3959.21
349.755	3891.52
348.032	3938.51
346.309	3972.43
344.586	3929.44
342.862	4037.3
341.137	3921.83
339.413	4036.89
337.688	4006.97
335.962	4049.51
334.236	4115.21
332.51	4201.15
330.783	4163.98
329.056	4229.6
327.328	4303.88
325.601	4324.59
323.872	4369.87
322.144	4371.76
320.414	4470.51
318.685	4483.93
316.955	4604.29
315.225	4587.33
313.494	4691.72
311.763	4767.17
310.031	4828.15
308.299	4896.32
306.567	5006.31
304.834	5085.95
303.101	5187.19
301.368	5200.41
299.634	5091.07
297.9	5043.77
296.165	4956.13
294.43	5019.82
292.694	4913.5
290.958	4870.6
289.222	4646.3
287.485	4722.96
285.748	4770.79
284.011	4630.12
282.273	4662.13
280.534	4586.27
278.795	4491.75
277.056	4482.08
275.317	4463.8
273.577	4399.54
271.836	4438.74
270.096	4417.61
268.355	4418.02
266.613	4429.92
264.871	4476.25
263.129	4492.43
261.386	4514.34
259.643	4526.2
257.899	4545.22
256.155	4615.84
254.411	4520.18
252.666	4656.68
250.921	4601.17
249.175	4545.68
247.429	4670.62
245.683	4752.56
243.936	4711.39
242.189	4794.71
240.441	4873.71
238.693	4849.69
236.944	4970.1
235.196	5034.7
233.446	5000.66
231.697	5088.09
229.947	4979.77
228.196	5008.6
226.445	4894.64
224.694	4877.8
222.942	5010.82
221.19	4889.8
219.437	4878.67
217.685	4927.45
215.931	4950.55
214.177	4905.21
212.423	4864.16
210.669	4851.63
208.914	4870.44
207.158	4961.88
205.403	4886.69
203.646	4998.01
201.89	5002.54
200.133	4943.03
