4501.29	5022.03
4500.4	5007.88
4499.52	4981.55
4498.64	5107.96
4497.75	4988.3
4496.87	5083.56
4495.98	4907.42
4495.1	4909.39
4494.22	4908.53
4493.33	4978.32
4492.45	4932.25
4491.56	4914.45
4490.68	4868.41
4489.79	4777.21
4488.9	4852.6
4488.02	4992.88
4487.13	4828.34
4486.25	4912.14
4485.36	4962.06
4484.47	4862.48
4483.59	4689.62
4482.7	4776.21
4481.81	4781.01
4480.93	4842.19
4480.04	4813.17
4479.15	4753.16
4478.26	4665.01
4477.38	4695.18
4476.49	4688.73
4475.6	4656.94
4474.71	4757.47
4473.83	4646.87
4472.94	4584.15
4472.05	4622.75
4471.16	4630.38
4470.27	4581.76
4469.38	4631.58
4468.49	4608.28
4467.6	4615.91
4466.71	4502.68
4465.82	4603.06
4464.93	4529.21
4464.04	4556.51
4463.15	4794.45
4462.26	4445.4
4461.37	4520.43
4460.48	4584.21
4459.59	4639.55
4458.7	4619.09
4457.81	4430.3
4456.92	4544.55
4456.03	4608.26
4455.14	4514.92
4454.24	4530.95
4453.35	4532.97
4452.46	4464.91
4451.57	4545.4
4450.68	4561.42
4449.78	4577.43
4448.89	4562.63
4448	4578.63
4447.11	4614.23
4446.21	4417.47
4445.32	4545.45
4444.43	4564.24
4443.53	4630.6
4442.64	4568.24
4441.75	4475.15
4440.85	4516.31
4439.96	4563.06
4439.06	4453.23
4438.17	4544.69
4437.27	4719.95
4436.38	4551.49
4435.48	4536.72
4434.59	4650.45
4433.69	4568.65
4432.8	4640.45
4431.9	4519.6
4431.01	4535.55
4430.11	4490.11
4429.22	4679.06
4428.32	4586.18
4427.42	4602.11
4426.53	4721.22
4425.63	4567.05
4424.73	4563.46
4423.84	4543.15
4422.94	4595.31
4422.04	4722.67
4421.14	4604.84
4420.25	4776.72
4419.35	4636.65
4418.45	4844.66
4417.55	4665.65
4416.65	4831.83
4415.76	4750.29
4414.86	4788.41
4413.96	4578.93
4413.06	4831.23
4412.16	4577.33
4411.26	4754.47
4410.36	4859.28
4409.46	4889
4408.56	4799.22
4407.66	4903.96
4406.76	5003.11
4405.86	4880.02
4404.96	4881.95
4404.06	4892.2
4403.16	5013.49
4402.26	5095.87
4401.36	4878.53
4400.46	4974.78
4399.56	5095.97
4398.66	5006.32
4397.76	5027.63
4396.85	5032.3
4395.95	5089.63
4395.05	5191.29
4394.15	5170.98
4393.25	5214.41
4392.34	5113.77
4391.44	5148.88
4390.54	5123.05
4389.64	5158.15
4388.73	5135.1
4387.83	5206.16
4386.93	5130.53
4386.02	5287.34
4385.12	5399.83
4384.21	5263.35
4383.31	5381.34
4382.41	5311.28
4381.5	5404.33
4380.6	5254.14
4379.69	5385.86
4378.79	5453.99
4377.88	5334.24
4376.98	5438.26
4376.07	5558.81
4375.17	5461.2
4374.26	5468.53
4373.36	5572.45
4372.45	5734.28
4371.54	5515.31
4370.64	5619.17
4369.73	5678.86
4368.82	5686.13
4367.92	5748.55
4367.01	5651.06
4366.1	5922.92
4365.2	5599.47
4364.29	5681.14
4363.38	5663.62
4362.47	5830.63
4361.57	5884.68
4360.66	5913.93
4359.75	5976.21
4358.84	5821.03
4357.93	5715.44
4357.02	5838.24
4356.11	5743.69
4355.21	5874.7
4354.3	5928.66
4353.39	6084.33
4352.48	5915.58
4351.57	5909.04
4350.66	5968.46
4349.75	5909.71
4348.84	5864.72
4347.93	6165.8
4347.02	5988.98
4346.11	6119.71
4345.2	6132.36
4344.29	6238.31
4343.37	6025.93
4342.46	6109.92
4341.55	6130.79
4340.64	6247.64
4339.73	6216.38
4338.82	6026.11
4337.9	6255.31
4336.99	6248.72
4336.08	6154.46
4335.17	6241.05
4334.26	6278.3
4333.34	6392.22
4332.43	6172.03
4331.52	6409.13
4330.6	6314.94
4329.69	6371.3
4328.78	6279.88
4327.86	6500.38
4326.95	6299.55
4326.03	6251.95
4325.12	6461.39
4324.21	6391.91
4323.29	6327.91
4322.38	6335
4321.46	6465.04
4320.55	6398.33
4319.63	6498.27
4318.72	6453.43
4317.8	6493.25
4316.88	6500.3
4315.97	6466.4
4315.05	6437.97
4314.14	6472.3
4313.22	6621.21
4312.3	6470.02
4311.39	6637.97
4310.47	6497.73
4309.55	6608.36
4308.63	6577.21
4307.72	6524.27
4306.8	6593.97
4305.88	6617.32
4304.96	6460.9
4304.05	6500.61
4303.13	6613.82
4302.21	6686.16
4301.29	6616.93
4300.37	6610.32
4299.45	6720.71
4298.54	6760.33
4297.62	6593.22
4296.7	6510.47
4295.78	6672.47
4294.86	6684.88
4293.94	6721.75
4293.02	6796.66
4292.1	6757.42
4291.18	6620.39
4290.26	6687.13
4289.34	6704.96
4288.42	6782.51
4287.5	6585.86
4286.57	6758.4
4285.65	6765.35
4284.73	6821.13
4283.81	6752.11
4282.89	6810.59
4281.97	6776.84
4281.04	6707.86
4280.12	6893.73
4279.2	6732.59
4278.28	6652.82
4277.35	6984.9
4276.43	6712.77
4275.51	6822.63
4274.59	6872.88
4273.66	6893.32
4272.74	6751.34
4271.81	6834.05
4270.89	6865.31
4269.97	6899.27
4269.04	7046.83
4268.12	6921.17
4267.19	6906.43
4266.27	6851.13
4265.34	6966.16
4264.42	6943.3
4263.49	6712.38
4262.57	6978.67
4261.64	6842.37
4260.72	6905.98
4259.79	7055.97
4258.87	6763.14
4257.94	6921.21
4257.01	6771.54
4256.09	6843.2
4255.16	6825.8
4254.23	6889.33
4253.31	6942.05
4252.38	7021.72
4251.45	7058.22
4250.52	6919.49
4249.6	7061.11
4248.67	6989.8
4247.74	6934.68
4246.81	6981.93
4245.88	7002.24
4244.96	6887.91
4244.03	6927.07
4243.1	6933.92
4242.17	7053.8
4241.24	7095.6
4240.31	6930.23
4239.38	7028.53
4238.45	6836.34
4237.52	7147.03
4236.59	6949.51
4235.66	7147.19
4234.73	7006.17
4233.8	7010.3
4232.87	6992.94
4231.94	7107.2
4231.01	7033.43
4230.08	7032.18
4229.15	7030.94
4228.22	7214.89
4227.28	6824.48
4226.35	7166.72
4225.42	7106.43
4224.49	7255.37
4223.56	7023.45
4222.62	7212.58
4221.69	7243.46
4220.76	7049.2
4219.83	7072.06
4218.89	7199.42
4217.96	7190.1
4217.03	7012.05
4216.09	7155.41
4215.16	6974.75
4214.23	7024.38
4213.29	7202.45
4212.36	7075.4
4211.42	7277.49
4210.49	7190.59
4209.55	7229.43
4208.62	7196.06
4207.68	7205.48
4206.75	7241.62
4205.81	7264.39
4204.88	7185.6
4203.94	7275.16
4203.01	7140.31
4202.07	7291.27
4201.13	7284.64
4200.2	7355.43
4199.26	7196.63
4198.32	7392.84
4197.39	7332.82
4196.45	7307.51
4195.51	7276.87
4194.58	7080.88
4193.64	7274.28
4192.7	7177.01
4191.76	7069.11
4190.82	7547.57
4189.89	7215.81
4188.95	7379.7
4188.01	7255.86
4187.07	7398.38
4186.13	7146.77
4185.19	7158.81
4184.25	7341.2
4183.31	7252.07
4182.37	7346.57
4181.43	7188.3
4180.49	7490.24
4179.55	7201.69
4178.61	7325.38
4177.67	7302.81
4176.73	7314.8
4175.79	7356.01
4174.85	7320.16
4173.91	7340.11
4172.97	7362.71
4172.03	7409.2
4171.09	7402.57
4170.14	7369.39
4169.2	7421.16
4168.26	7257.96
4167.32	7147.89
4166.38	7406.58
4165.43	7410.57
4164.49	7348.26
4163.55	7323.08
4162.6	7499.39
4161.66	7394.68
4160.72	7197.27
4159.77	7333.76
4158.83	7382.78
4157.89	7418.54
4156.94	7472.83
4156	7394.72
4155.05	7435.75
4154.11	7360.32
4153.16	7343.13
4152.22	7294.2
4151.27	7417.22
4150.33	7381.51
4149.38	7406.64
4148.44	7519
4147.49	7337.91
4146.55	7558.6
4145.6	7446.27
4144.65	7611.38
4143.71	7234.94
4142.76	7481.9
4141.81	7316.85
4140.87	7481.87
4139.92	7414.54
4138.97	7442.25
4138.03	7551.74
4137.08	7468.61
4136.13	7525.3
4135.18	7436.93
4134.23	7493.61
4133.29	7468.54
4132.34	7564.73
4131.39	7513.31
4130.44	7390.77
4129.49	7463.21
4128.54	7359.15
4127.59	7484.24
4126.64	7569.79
4125.69	7481.56
4124.74	7574.98
4123.79	7726.25
4122.84	7477.55
4121.89	7486.74
4120.94	7298.66
4119.99	7392.02
4119.04	7540.56
4118.09	7586.53
4117.14	7403.82
4116.19	7452.43
4115.24	7511.52
4114.28	7502.3
4113.33	7524.59
4112.38	7646.66
4111.43	7687.3
4110.48	7557.3
4109.52	7576.94
4108.57	7536.23
4107.62	7498.15
4106.66	7614.84
4105.71	7647.58
4104.76	7554.43
4103.8	7652.7
4102.85	7501.92
4101.9	7880.59
4100.94	7645.97
4099.99	7754.63
4099.03	7672.04
4098.08	7599.96
4097.12	7739.99
4096.17	7691.48
4095.21	7619.43
4094.26	7646.85
4093.3	7669.03
4092.35	7680.74
4091.39	7825.83
4090.44	7722.44
4089.48	7629.54
4088.52	7617.72
4087.57	7668.63
4086.61	7641.12
4085.65	7749.49
4084.7	7667.11
4083.74	7710.14
4082.78	7612.14
4081.82	7736.09
4080.87	7674.67
4079.91	7895.14
4078.95	7656.26
4077.99	7712.28
4077.03	7703.07
4076.08	7858.17
4075.12	7577.75
4074.16	7826.67
4073.2	7762.71
4072.24	7620.58
4071.28	7720.84
4070.32	7698.61
4069.36	7895.19
4068.4	7620.32
4067.44	7621.55
4066.48	7805.03
4065.52	7725.54
4064.56	7729.35
4063.6	7748.78
4062.64	7921.69
4061.68	7785.01
4060.72	7786.22
4059.75	7810.82
4058.79	7718.43
4057.83	7815.81
4056.87	7830
4055.91	7685.68
4054.94	7621.96
4053.98	7672.53
4053.02	7910.06
4052.06	7742.47
4051.09	7894.24
4050.13	7846.1
4049.17	7717.54
4048.2	7892.58
4047.24	7616.19
4046.27	7827.49
4045.31	7652.34
4044.35	7723.56
4043.38	7719.58
4042.42	7860.74
4041.45	7825.64
4040.49	7764.64
4039.52	7631.14
4038.56	7842.13
4037.59	7768.22
4036.63	7709.86
4035.66	7822.37
4034.69	7914.13
4033.73	7780.74
4032.76	7942.32
4031.8	7990.04
4030.83	7722.23
4029.86	7875.98
4028.89	7724.62
4027.93	7860.22
4026.96	7889.81
4025.99	7847.05
4025.02	7985.14
4024.06	8040.52
4023.09	7814.4
4022.12	7898.2
4021.15	7950.99
4020.18	7983.11
4019.21	7842.32
4018.25	7887.35
4017.28	7901.4
4016.31	7925.77
4015.34	7963.02
4014.37	8090.5
4013.4	7759.08
4012.43	7863.35
4011.46	7802.67
4010.49	7986.76
4009.52	7846.22
4008.55	7929.8
4007.58	8152.39
4006.6	7919.21
4005.63	8000.15
4004.66	7983.27
4003.69	8071.89
4002.72	7995.82
4001.75	7742.31
4000.77	7828.35
3999.8	7898.93
3998.83	7977.2
3997.86	8047.73
3996.88	8074.54
3995.91	7978.02
3994.94	8089.61
3993.96	8077.88
3992.99	8099.53
3992.02	8110.9
3991.04	7901.51
3990.07	8038.68
3989.1	8042.36
3988.12	8169.19
3987.15	8054.84
3986.17	8079.04
3985.2	8046.8
3984.22	7927.41
3983.25	8205.39
3982.27	7929.67
3981.3	7987.18
3980.32	7965.24
3979.34	8099.56
3978.37	8036.63
3977.39	8150.4
3976.41	8131.01
3975.44	8183.29
3974.46	8189.49
3973.48	8026.81
3972.51	7887.21
3971.53	8059.71
3970.55	8058.26
3969.57	8153.96
3968.6	8060.45
3967.62	8097.33
3966.64	8152.09
3965.66	8155.73
3964.68	8006.08
3963.7	8231.95
3962.73	7975.1
3961.75	8190.67
3960.77	8038.58
3959.79	8103.48
3958.81	8140.29
3957.83	8161.78
3956.85	8045.52
3955.87	8115.47
3954.89	8098.7
3953.91	8168.62
3952.93	8105.96
3951.94	8168.21
3950.96	8105.58
3949.98	8246.78
3949	8140.85
3948.02	8129.18
3947.04	8158.27
3946.06	8294.26
3945.07	8351.3
3944.09	8141.11
3943.11	8195.61
3942.13	8194.12
3941.14	8291.84
3940.16	8275.07
3939.18	8037.11
3938.19	8246.65
3937.21	8306.16
3936.23	8136.93
3935.24	8234.55
3934.26	8276.24
3933.27	8366.17
3932.29	8344.34
3931.3	8220.96
3930.32	8168.7
3929.33	8238.28
3928.35	8335.74
3927.36	8448.4
3926.38	8274.38
3925.39	8059.84
3924.41	8218.13
3923.42	8206.49
3922.43	8227.82
3921.45	8355.57
3920.46	8265.37
3919.47	8203.07
3918.49	8338.36
3917.5	8367.23
3916.51	8335.33
3915.52	8186.99
3914.54	8446.2
3913.55	8297.89
3912.56	8346.98
3911.57	8350.53
3910.58	8290.84
3909.6	8304.5
3908.61	8459.75
3907.62	8164.98
3906.63	8431.4
3905.64	8316.16
3904.65	8236.33
3903.66	8267.67
3902.67	8400.02
3901.68	8315.16
3900.69	8240.44
3899.7	8405.53
3898.71	8328.29
3897.72	8415.09
3896.73	8562.41
3895.74	8477.61
3894.74	8450.85
3893.75	8373.67
3892.76	8435.17
3891.77	8373.15
3890.78	8527.87
3889.79	8387.74
3888.79	8305.6
3887.8	8200.82
3886.81	8337.83
3885.81	8404.29
3884.82	8455.62
3883.83	8391.16
3882.83	8482.74
3881.84	8373.01
3880.85	8527.45
3879.85	8332.24
3878.86	8335.75
3877.86	8424.74
3876.87	8526.26
3875.88	8580
3874.88	8389.98
3873.89	8687.42
3872.89	8427.12
3871.89	8508.46
3870.9	8381.36
3869.9	8445.1
3868.91	8521.37
3867.91	8527.35
3866.91	8362.71
3865.92	8448.98
3864.92	8424.87
3863.92	8438.38
3862.93	8454.39
3861.93	8357.59
3860.93	8523.99
3859.93	8542.48
3858.94	8403.13
3857.94	8481.76
3856.94	8545.32
3855.94	8578.82
3854.94	8727.47
3853.94	8510.61
3852.95	8378.92
3851.95	8477.48
3850.95	8445.91
3849.95	8499.4
3848.95	8665.4
3847.95	8581.31
3846.95	8359.75
3845.95	8653.16
3844.95	8554.12
3843.95	8505.08
3842.95	8523.52
3841.95	8536.95
3840.94	8502.92
3839.94	8453.93
3838.94	8394.97
3837.94	8460.83
3836.94	8678.87
3835.94	8367.92
3834.93	8600.87
3833.93	8586.83
3832.93	8545.36
3831.93	8628.56
3830.92	8636.96
3829.92	8426.04
3828.92	8529.15
3827.91	8632.22
3826.91	8640.61
3825.91	8619.11
3824.9	8883.95
3823.9	8608.49
3822.89	8624.33
3821.89	8742.21
3820.88	8608.74
3819.88	8783.79
3818.87	8729.95
3817.87	8663.7
3816.86	8493.05
3815.86	8777.36
3814.85	8641.54
3813.84	8580.33
3812.84	8720.37
3811.83	8726.22
3810.83	8791.68
3809.82	8576.53
3808.81	8669.3
3807.8	8695.02
3806.8	8829.92
3805.79	8731.53
3804.78	8742.34
3803.77	8611.76
3802.77	8726.74
3801.76	8598.69
3800.75	8654.13
3799.74	8637.67
3798.73	8740.17
3797.72	8671.67
3796.71	8518.97
3795.7	8710.6
3794.69	8852.62
3793.68	8707.4
3792.67	8851.85
3791.66	8672.04
3790.65	8700.14
3789.64	8738.13
3788.63	8736.53
3787.62	8685.47
3786.61	8651.73
3785.6	8657.56
3784.59	8804.28
3783.58	8679.1
3782.56	8768.93
3781.55	8811.78
3780.54	8768.18
3779.53	8820.9
3778.52	8735.33
3777.5	8825.07
3776.49	8781.49
3775.48	8671.3
3774.46	8674.65
3773.45	8761.86
3772.44	8779.98
3771.42	8877
3770.41	8717.59
3769.39	8900.85
3768.38	8773.53
3767.36	8744.82
3766.35	8708.72
3765.34	8763.77
3764.32	8868.06
3763.3	8827.03
3762.29	8761.41
3761.27	8959.16
3760.26	8868.93
3759.24	8771.34
3758.23	8698.39
3757.21	8763.2
3756.19	8818.15
3755.18	8855.86
3754.16	8859.15
3753.14	8825.57
3752.12	8870.64
3751.11	8763.37
3750.09	8781.41
3749.07	9054.85
3748.05	8851.84
3747.03	8857.58
3746.02	8929.58
3745	9053.1
3743.98	8968.01
3742.96	9020.33
3741.94	8964.71
3740.92	8882.14
3739.9	8880.5
3738.88	8962.22
3737.86	8896.84
3736.84	9017.73
3735.82	8756.37
3734.8	8818.44
3733.78	8939.28
3732.76	8891.11
3731.74	9014.33
3730.71	9054.28
3729.69	8785.86
3728.67	8965.31
3727.65	9044.39
3726.63	9018.26
3725.61	8965.24
3724.58	8956.26
3723.56	8930.16
3722.54	8816.09
3721.51	8995.3
3720.49	8959.43
3719.47	8994.42
3718.44	9056.27
3717.42	8956.92
3716.4	8996.78
3715.37	9031.73
3714.35	9034.95
3713.32	9084.53
3712.3	9007.22
3711.27	8981.17
3710.25	9047.8
3709.22	9155.85
3708.2	9198.05
3707.17	9130.54
3706.15	9182.47
3705.12	9241.69
3704.09	9049.97
3703.07	9291.86
3702.04	9202.48
3701.01	9144.79
3699.99	9009.21
3698.96	9158.45
3697.93	9266.26
3696.9	9269.41
3695.88	9223.92
3694.85	9312.2
3693.82	9198.63
3692.79	9252.85
3691.76	9102.87
3690.74	9205.69
3689.71	9092.22
3688.68	9277.59
3687.65	9254.02
3686.62	9237.74
3685.59	9245.75
3684.56	9370.27
3683.53	9176.8
3682.5	9167.82
3681.47	9202.52
3680.44	9450.67
3679.41	9385.87
3678.38	9374.44
3677.34	9292.7
3676.31	9230.38
3675.28	9420.13
3674.25	9340.85
3673.22	9205.88
3672.19	9439.13
3671.15	9514.88
3670.12	9370.26
3669.09	9358.85
3668.06	9574.95
3667.02	9398.94
3665.99	9452.85
3664.96	9318.06
3663.92	9405.82
3662.89	9529.82
3661.85	9489.38
3660.82	9424.77
3659.79	9613.95
3658.75	9513.1
3657.72	9569.32
3656.68	9683.49
3655.65	9771.06
3654.61	9650.93
3653.57	9622.59
3652.54	9801.83
3651.5	9790.37
3650.47	9793.38
3649.43	9837.4
3648.39	9799.4
3647.36	10135.2
3646.32	9971.77
3645.28	10018.1
3644.25	10013.9
3643.21	10004.8
3642.17	10010.2
3641.13	10251.6
3640.09	10273.8
3639.06	10134.6
3638.02	10303.7
3636.98	10369.1
3635.94	10314.3
3634.9	10449.5
3633.86	10481.3
3632.82	10472.1
3631.78	10450.9
3630.74	10482.6
3629.7	10605.7
3628.66	10776.8
3627.62	10707.5
3626.58	10585.4
3625.54	10871.7
3624.5	10874.4
3623.46	10802.8
3622.42	10688
3621.38	10974
3620.33	10933.6
3619.29	11041.9
3618.25	10972.7
3617.21	11059.4
3616.17	10985.4
3615.12	11021.7
3614.08	10815.9
3613.04	10895.4
3611.99	11106.6
3610.95	11130.9
3609.91	11042.6
3608.86	11078.9
3607.82	10961.9
3606.77	10873.7
3605.73	11087.1
3604.69	10893.6
3603.64	10759.9
3602.6	11018.7
3601.55	10825.3
3600.5	10825.7
3599.46	10998.2
3598.41	10934
3597.37	10814.9
3596.32	10729.2
3595.27	10784.6
3594.23	11028.6
3593.18	10880.9
3592.13	10828.7
3591.09	10599.9
3590.04	10734
3588.99	10705.7
3587.94	10799.2
3586.9	10730.4
3585.85	10635.3
3584.8	10795.5
3583.75	10753
3582.7	10667.6
3581.65	10648.9
3580.6	10537.3
3579.56	10506.7
3578.51	10507.2
3577.46	10721.9
3576.41	10679.5
3575.36	10606
3574.31	10670.7
3573.26	10592.6
3572.2	10573.9
3571.15	10453
3570.1	10555.7
3569.05	10487.2
3568	10680.2
3566.95	10488
3565.9	10431.4
3564.84	10598.2
3563.79	10539.2
3562.74	10580
3561.69	10535.3
3560.63	10521.4
3559.58	10498.1
3558.53	10472.4
3557.47	10591.5
3556.42	10506.5
3555.37	10556.7
3554.31	10730.2
3553.26	10441.3
3552.2	10529.4
3551.15	10491.9
3550.09	10442.6
3549.04	10452.5
3547.98	10649.5
3546.93	10422.5
3545.87	10494
3544.82	10638.8
3543.76	10404.8
3542.71	10438.4
3541.65	10469.6
3540.59	10536.2
3539.54	10401.8
3538.48	10421.1
3537.42	10454.7
3536.36	10396
3535.31	10316
3534.25	10526.8
3533.19	10505.9
3532.13	10511.1
3531.07	10494.9
3530.02	10417.4
3528.96	10519.3
3527.9	10465.4
3526.84	10345.5
3525.78	10482.8
3524.72	10440.7
3523.66	10502.4
3522.6	10646.7
3521.54	10463.1
3520.48	10548.4
3519.42	10619.5
3518.36	10348.9
3517.3	10351.6
3516.24	10495.8
3515.17	10409
3514.11	10428.3
3513.05	10513.4
3511.99	10257.2
3510.93	10300
3509.87	10566.4
3508.8	10458.5
3507.74	10604.7
3506.68	10289.9
3505.61	10584.3
3504.55	10366
3503.49	10371.1
3502.42	10531.4
3501.36	10388.4
3500.3	10468.7
3499.23	10462
3498.17	10441.3
3497.1	10411.2
3496.04	10343.5
3494.97	10510.5
3493.91	10454.6
3492.84	10534.7
3491.77	10462.4
3490.71	10437
3489.64	10566.3
3488.58	10501.1
3487.51	10342
3486.44	10443.2
3485.38	10478.8
3484.31	10479.1
3483.24	10519.3
3482.17	10479.9
3481.11	10220.4
3480.04	10508.7
3478.97	10436.5
3477.9	10467.3
3476.83	10451.3
3475.77	10575.7
3474.7	10475.5
3473.63	10454.8
3472.56	10590.8
3471.49	10511.7
3470.42	10668.6
3469.35	10472.7
3468.28	10475.4
3467.21	10359
3466.14	10592.9
3465.07	10520.9
3464	10385.8
3462.92	10647.6
3461.85	10647.9
3460.78	10492
3459.71	10541.3
3458.64	10597.6
3457.57	10567.7
3456.49	10803.5
3455.42	10666.3
3454.35	10524.4
3453.28	10538.8
3452.2	10515.8
3451.13	10488.2
3450.06	10425.7
3448.98	10612.3
3447.91	10654.6
3446.83	10599
3445.76	10571.4
3444.68	10462.4
3443.61	10562.8
3442.53	10516.6
3441.46	10607.7
3440.38	10682.4
3439.31	10689.7
3438.23	10392.5
3437.16	10569.5
3436.08	10532.6
3435	10500.5
3433.93	10461.3
3432.85	10628.9
3431.77	10554.9
3430.7	10785
3429.62	10611.3
3428.54	10555.9
3427.46	10502.9
3426.39	10519.5
3425.31	10536
3424.23	10654.6
3423.15	10666.5
3422.07	10548.6
3420.99	10555.9
3419.91	10516.8
3418.83	10507.9
3417.75	10721.3
3416.68	10751.7
3415.6	10437.2
3414.51	10752.3
3413.43	10634.5
3412.35	10572.4
3411.27	10466.3
3410.19	10677.1
3409.11	10732.9
3408.03	10502
3406.95	10507
3405.87	10673.7
3404.78	10371.3
3403.7	10639.6
3402.62	10783.1
3401.54	10704.9
3400.45	10462.8
3399.37	10779.3
3398.29	10565
3397.2	10595.3
3396.12	10752.5
3395.04	10646.6
3393.95	10446.3
3392.87	10764.8
3391.78	10610.6
3390.7	10472.7
3389.61	10648.1
3388.53	10634.6
3387.44	10630.3
3386.36	10609.8
3385.27	10628.6
3384.19	10663.4
3383.1	10606.1
3382.01	10606.4
3380.93	10685
3379.84	10503.5
3378.75	10782.1
3377.67	10913.5
3376.58	10557.3
3375.49	10674.9
3374.4	10677.4
3373.31	10599.6
3372.23	10776.8
3371.14	10591
3370.05	10377.7
3368.96	10525
3367.87	10651.6
3366.78	10449.9
3365.69	10711.8
3364.6	10608.8
3363.51	10627.5
3362.42	10556.7
3361.33	10614.3
3360.24	10738.4
3359.15	10582.8
3358.06	10482.2
3356.97	10413.8
3355.88	10585.9
3354.79	10670.9
3353.69	10932.3
3352.6	10541
3351.51	10671.8
3350.42	10585.1
3349.33	10768.4
3348.23	10452.9
3347.14	10574.5
3346.05	10503.9
3344.95	10657.3
3343.86	10552.5
3342.77	10534.5
3341.67	10717.6
3340.58	10717.8
3339.48	10699.8
3338.39	10759.4
3337.29	10481.1
3336.2	10625.2
3335.1	10824.1
3334.01	10760.4
3332.91	10619.2
3331.82	10608.1
3330.72	10658.5
3329.62	10620
3328.53	10606.6
3327.43	10629.6
3326.33	10661.8
3325.24	10559.5
3324.14	10666.9
3323.04	10671.7
3321.94	10576.3
3320.85	10581.1
3319.75	10581.4
3318.65	10517.9
3317.55	10716.2
3316.45	10775.6
3315.35	10518.8
3314.25	10660.1
3313.16	10710.3
3312.06	10628.7
3310.96	10501.7
3309.86	10661.1
3308.76	10538.6
3307.66	10509.3
3306.55	10527.8
3305.45	10550.8
3304.35	10721.3
3303.25	10446.9
3302.15	10363.2
3301.05	10474.7
3299.95	10629.2
3298.84	10529.7
3297.74	10706.8
3296.64	10664
3295.54	10700.5
3294.43	10601
3293.33	10551.4
3292.23	10372.7
3291.12	10570
3290.02	10656.4
3288.92	10541.1
3287.81	10509.7
3286.71	10360.5
3285.6	10505.7
3284.5	10422.2
3283.39	10499.4
3282.29	10289.3
3281.18	10583.6
3280.08	10421.1
3278.97	10636.1
3277.86	10469.1
3276.76	10494.2
3275.65	10607.5
3274.54	10571.6
3273.44	10553.7
3272.33	10504.3
3271.22	10418.8
3270.12	10344.6
3269.01	10550.2
3267.9	10584.3
3266.79	10582.3
3265.68	10526.1
3264.57	10404.6
3263.47	10574
3262.36	10497.6
3261.25	10452.8
3260.14	10525.1
3259.03	10710.1
3257.92	10494.1
3256.81	10431.3
3255.7	10395.5
3254.59	10668.2
3253.48	10420.8
3252.37	10486.3
3251.25	10554.1
3250.14	10275.4
3249.03	10514.1
3247.92	10417.6
3246.81	10505.6
3245.69	10501.3
3244.58	10407.2
3243.47	10465.9
3242.36	10427.9
3241.24	10576.4
3240.13	10450.9
3239.02	10525.2
3237.9	10462.6
3236.79	10534.7
3235.68	10420.5
3234.56	10328.8
3233.45	10465.9
3232.33	10244.1
3231.22	10374.4
3230.1	10363.5
3228.99	10484.8
3227.87	10541
3226.75	10606.2
3225.64	10378
3224.52	10288.6
3223.41	10353.8
3222.29	10544.4
3221.17	10457.3
3220.05	10430.7
3218.94	10480.2
3217.82	10314.9
3216.7	10478.4
3215.58	10340
3214.47	10431.9
3213.35	10421
3212.23	10414.5
3211.11	10472.9
3209.99	10336.8
3208.87	10623
3207.75	10241.3
3206.63	10453.7
3205.51	10384.7
3204.39	10338.1
3203.27	10499
3202.15	10483.6
3201.03	10358.9
3199.91	10481.8
3198.79	10464.2
3197.67	10370.8
3196.55	10460.2
3195.42	10335.7
3194.3	10249
3193.18	10358.4
3192.06	10358.7
3190.93	10490.3
3189.81	10486.1
3188.69	10426.2
3187.56	10277.3
3186.44	10448.9
3185.32	10271.1
3184.19	10422.6
3183.07	10287.2
3181.94	10300.8
3180.82	10547.8
3179.7	10350.2
3178.57	10426
3177.44	10330.7
3176.32	10175.4
3175.19	10448.9
3174.07	10180.4
3172.94	10278.4
3171.82	10076.6
3170.69	10440.9
3169.56	10434.4
3168.43	10341.5
3167.31	10255.2
3166.18	10191.2
3165.05	10246.8
3163.92	10411.1
3162.8	10398
3161.67	10159
3160.54	10252.3
3159.41	10190.5
3158.28	10383.4
3157.15	10281.8
3156.02	10173.6
3154.89	10366.4
3153.76	10346.7
3152.63	10298.2
3151.5	10517.5
3150.37	10163.8
3149.24	10287.9
3148.11	10323.5
3146.98	10463
3145.85	10184.7
3144.72	10397.1
3143.59	10320
3142.45	10322.4
3141.32	10157
3140.19	10364.8
3139.06	10100.2
3137.92	10252.7
3136.79	10164.7
3135.66	10114.2
3134.52	10149.7
3133.39	10088.3
3132.26	10198.8
3131.12	10124.1
3129.99	10115.5
3128.85	10289.8
3127.72	10096.2
3126.58	10464.3
3125.45	10154
3124.31	10123.4
3123.18	10198.5
3122.04	10264.7
3120.9	10124.1
3119.77	10216.8
3118.63	10307.2
3117.49	10127.1
3116.36	10177.9
3115.22	9980.31
3114.08	10244.3
3112.95	10119.3
3111.81	10099.8
3110.67	10146.2
3109.53	10258.4
3108.39	10153.2
3107.25	10182
3106.11	10087.9
3104.98	10138.6
3103.84	10048.9
3102.7	10185.1
3101.56	10082.3
3100.42	10172.4
3099.28	10139.8
3098.14	10098.4
3096.99	10322.2
3095.85	10103.2
3094.71	10217.4
3093.57	10033.6
3092.43	10123.7
3091.29	10141.4
3090.15	10154.8
3089	9903.34
3087.86	10148.7
3086.72	10078.9
3085.57	9947.92
3084.43	10320
3083.29	9979.07
3082.14	10055.8
3081	10071.4
3079.86	10034.5
3078.71	10002
3077.57	10000
3076.42	9965.33
3075.28	10031.1
3074.13	10168.9
3072.99	10127.6
3071.84	9909.63
3070.7	10149.9
3069.55	10222.1
3068.4	10100.2
3067.26	10111.3
3066.11	9961.11
3064.96	9991.88
3063.82	10040.1
3062.67	9870.36
3061.52	10005.7
3060.37	10232.5
3059.23	9934.32
3058.08	10265.5
3056.93	10013.2
3055.78	9959.03
3054.63	10063.7
3053.48	10037.9
3052.33	10072.9
3051.18	9938.29
3050.03	9929.84
3048.88	9930.09
3047.73	9943.39
3046.58	10028.4
3045.43	9976.48
3044.28	9950.65
3043.13	10046.5
3041.98	9875.15
3040.83	9905.8
3039.68	9873.5
3038.52	10145
3037.37	10034.6
3036.22	9856.92
3035.07	9902.72
3033.91	9983.21
3032.76	10016
3031.61	9920.82
3030.45	10142.1
3029.3	9906.14
3028.14	9947.55
3026.99	9841.66
3025.84	9900.39
3024.68	9924.45
3023.53	9948.5
3022.37	10076.4
3021.22	9780.2
3020.06	9879.98
3018.9	10074.9
3017.75	9811.28
3016.59	10047.2
3015.44	9833.41
3014.28	9941.73
3013.12	9920.36
3011.96	9873.06
3010.81	9864.67
3009.65	9998.81
3008.49	9927.78
3007.33	9826.55
3006.18	9876.44
3005.02	9893.95
3003.86	9859.67
3002.7	10032.5
3001.54	9901.13
3000.38	9782.77
2999.22	9714.04
2998.06	9770.35
2996.9	9858.97
2995.74	9904.45
2994.58	9941.3
2993.42	9945.83
2992.26	9879.3
2991.1	9881.69
2989.94	9901.3
2988.77	9955.33
2987.61	9884.54
2986.45	9751.4
2985.29	9940.92
2984.12	9818.57
2982.96	9848.91
2981.8	9778.21
2980.64	9817.15
2979.47	9808.79
2978.31	9813.33
2977.14	9856.53
2975.98	9755.83
2974.82	10050.2
2973.65	9898.01
2972.49	9827.4
2971.32	9668.85
2970.16	9913.69
2968.99	9695.12
2967.82	9770.44
2966.66	9744.95
2965.49	9734.48
2964.33	9781.88
2963.16	10007.1
2961.99	9855.2
2960.83	9917.55
2959.66	9639.35
2958.49	9877.29
2957.32	10025.2
2956.15	9834.92
2954.99	9691.77
2953.82	9846.06
2952.65	9805.64
2951.48	9891.42
2950.31	9780.44
2949.14	9842.67
2947.97	9714.65
2946.8	9798.23
2945.63	9839.06
2944.46	9824.32
2943.29	9818.14
2942.12	9745.76
2940.95	9737.45
2939.78	9778.25
2938.61	9695.24
2937.44	9883.25
2936.26	9778.93
2935.09	9930.59
2933.92	9977.7
2932.75	9728.44
2931.57	9728.67
2930.4	9918.58
2929.23	9784.54
2928.05	9840.15
2926.88	10023.5
2925.71	9755.39
2924.53	9683.23
2923.36	9715.4
2922.18	9666.68
2921.01	9652.02
2919.83	9735.24
2918.66	9618.48
2917.48	9786.73
2916.31	9763.56
2915.13	9717.01
2913.95	9604.59
2912.78	9785.47
2911.6	9713.44
2910.42	9743.41
2909.25	9762.74
2908.07	9788.44
2906.89	9714.35
2905.71	9765.51
2904.54	9742.39
2903.36	9496.49
2902.18	9740.7
2901	9668.81
2899.82	9777.18
2898.64	9934.27
2897.46	9716.13
2896.28	9565.89
2895.1	9737.76
2893.92	9826.94
2892.74	9846.2
2891.56	9511.83
2890.38	9757.66
2889.2	9804.44
2888.02	9713.64
2886.84	9584.79
2885.65	9680.22
2884.47	9542.97
2883.29	9765.25
2882.11	9757
2880.92	9831.18
2879.74	9710.91
2878.56	9694.22
2877.38	9675.42
2876.19	9460.2
2875.01	9648.4
2873.82	9576.84
2872.64	9678.4
2871.45	9592.09
2870.27	9750.57
2869.08	9409.01
2867.9	9571.69
2866.71	9637.29
2865.53	9652.27
2864.34	9582.93
2863.16	9829.74
2861.97	9644.49
2860.78	9686.84
2859.6	9552.25
2858.41	9544.06
2857.22	9676.94
2856.03	9531.89
2854.85	9700.51
2853.66	9660.73
2852.47	9707.22
2851.28	9686.39
2850.09	9552
2848.9	9592.17
2847.71	9535.64
2846.52	9537.97
2845.34	9517.18
2844.15	9611.96
2842.96	9458.84
2841.76	9639.69
2840.57	9541.21
2839.38	9394.49
2838.19	9562.65
2837	9560.78
2835.81	9552.61
2834.62	9578
2833.43	9542.56
2832.23	9389.72
2831.04	9536.72
2829.85	9316.86
2828.65	9432.38
2827.46	9334.15
2826.27	9460.1
2825.07	9598.57
2823.88	9374.72
2822.69	9364.5
2821.49	9356.38
2820.3	9544.98
2819.1	9486.61
2817.91	9438.73
2816.71	9319.75
2815.52	9414.11
2814.32	9311.9
2813.13	9393.68
2811.93	9343.77
2810.73	9490.28
2809.54	9394.41
2808.34	9382.12
2807.14	9273.77
2805.94	9587.21
2804.75	9318.13
2803.55	9347.61
2802.35	9153.8
2801.15	9291.77
2799.95	9350.43
2798.75	9361.1
2797.56	9211.23
2796.36	9407.45
2795.16	9353.49
2793.96	9272.47
2792.76	9303.98
2791.56	9283.4
2790.36	9300.31
2789.16	9150.65
2787.95	9342.45
2786.75	9330.2
2785.55	9413.67
2784.35	9222.5
2783.15	9197.8
2781.95	9306.21
2780.74	9289.82
2779.54	9250.57
2778.34	9205.1
2777.13	9151.34
2775.93	9249.26
2774.73	9523.7
2773.52	9287.15
2772.32	9131.67
2771.12	9158.93
2769.91	9202.79
2768.71	9354.53
2767.5	9047.7
2766.3	9170.37
2765.09	9166.49
2763.89	9251.77
2762.68	9144.22
2761.47	9272.99
2760.27	9196.56
2759.06	9124.3
2757.85	9126.64
2756.65	9282.24
2755.44	9185.16
2754.23	9110.89
2753.02	9198.09
2751.81	8991.41
2750.61	9037.22
2749.4	9114.04
2748.19	9066.74
2746.98	9222.09
2745.77	9112.77
2744.56	9117.17
2743.35	9078.17
2742.14	9078.45
2740.93	9175.8
2739.72	9012.9
2738.51	9050.35
2737.3	8885.47
2736.09	8933.25
2734.88	8902.59
2733.66	9129.85
2732.45	9097.1
2731.24	8938.56
2730.03	9017.21
2728.82	8844.31
2727.6	8945.63
2726.39	9137.57
2725.18	9030.68
2723.96	8923.84
2722.75	8843.81
2721.53	8920.31
2720.32	9136.77
2719.11	8817.97
2717.89	9098.17
2716.68	8896.79
2715.46	8915.6
2714.25	8938.51
2713.03	8846.26
2711.81	8887.69
2710.6	8914.7
2709.38	8902.66
2708.16	8933.77
2706.95	9036.77
2705.73	8807
2704.51	8844.27
2703.29	9078.62
2702.08	8764.82
2700.86	8818.49
2699.64	8802.38
2698.42	8993.47
2697.2	8864.53
2695.98	8875.07
2694.76	8897.92
2693.54	8814.16
2692.32	8796.02
2691.1	8788.13
2689.88	8710.59
2688.66	8680.18
2687.44	8782.9
2686.22	8842.58
2685	8855.15
2683.78	8800.18
2682.56	8794.35
2681.33	8808.97
2680.11	8868.58
2678.89	8713.45
2677.67	8789.41
2676.44	8744.74
2675.22	8679.65
2674	8765.79
2672.77	8420.84
2671.55	8609.12
2670.33	8619.66
2669.1	8652.66
2667.88	8575.41
2666.65	8743.1
2665.43	8647.5
2664.2	8692.71
2662.97	8711.38
2661.75	8672.94
2660.52	8583.55
2659.3	8751.03
2658.07	8486.38
2656.84	8645.67
2655.62	8766.19
2654.39	8542.43
2653.16	8646.62
2651.93	8418.91
2650.7	8700.18
2649.48	8606.87
2648.25	8468.83
2647.02	8481.38
2645.79	8717.67
2644.56	8620.36
2643.33	8602.38
2642.1	8454.31
2640.87	8629.44
2639.64	8556.6
2638.41	8628.04
2637.18	8675.07
2635.95	8423.56
2634.72	8549.79
2633.48	8578.54
2632.25	8507.83
2631.02	8619.77
2629.79	8506.47
2628.56	8638.64
2627.32	8492.94
2626.09	8387.85
2624.86	8550.37
2623.62	8710.8
2622.39	8518.6
2621.16	8535.13
2619.92	8494.95
2618.69	8442.63
2617.45	8455.12
2616.22	8433.19
2614.98	8463.89
2613.75	8456.13
2612.51	8492.88
2611.27	8582.21
2610.04	8226.6
2608.8	8390.75
2607.57	8399.19
2606.33	8342.94
2605.09	8464.54
2603.85	8479.01
2602.62	8224.84
2601.38	8382.74
2600.14	8358.85
2598.9	8369.3
2597.66	8252.59
2596.42	8388.15
2595.18	8170.61
2593.94	8148.81
2592.71	8260.12
2591.47	8282.66
2590.23	8230.61
2588.98	8353.92
2587.74	8185.01
2586.5	8417.07
2585.26	8258.28
2584.02	8321.07
2582.78	8265.05
2581.54	8281.51
2580.29	7984
2579.05	8173.57
2577.81	8127.68
2576.57	8288.97
2575.32	8281.28
2574.08	8319.84
2572.84	8207.62
2571.59	8306.47
2570.35	8332.94
2569.1	8174.57
2567.86	8207.08
2566.61	8169.29
2565.37	8231.91
2564.12	8131.9
2562.88	8114.21
2561.63	8100.55
2560.39	8201.25
2559.14	8195.59
2557.89	8153.85
2556.65	8206.35
2555.4	8106.48
2554.15	8120.89
2552.9	8175.37
2551.66	7903.28
2550.41	8029.89
2549.16	7970.2
2547.91	7936.57
2546.66	8141.17
2545.41	8115.52
2544.16	8097.89
2542.91	8158.28
2541.66	8038.64
2540.41	7861.05
2539.16	8089.4
2537.91	8093.77
2536.66	8176.09
2535.41	7990.62
2534.16	7887.13
2532.91	7935.49
2531.66	7973.83
2530.4	7958.26
2529.15	8024.53
2527.9	7893.2
2526.65	7949.48
2525.39	7896.02
2524.14	7914.38
2522.89	7793.14
2521.63	8058.74
2520.38	7965.43
2519.12	7826.32
2517.87	7780.91
2516.61	8000.48
2515.36	8012.82
2514.1	7831.99
2512.85	7750.78
2511.59	7894.53
2510.33	7869.06
2509.08	7959.01
2507.82	7842.03
2506.56	7908.08
2505.31	7914.45
2504.05	7787.6
2502.79	7823.81
2501.53	7848.07
2500.28	7723.3
2499.02	7787.31
2497.76	7799.64
2496.5	7806.02
2495.24	7770.7
2493.98	7683.78
2492.72	7799.33
2491.46	7849.35
2490.2	7665.26
2488.94	7826.36
2487.68	7717.71
2486.42	7682.45
2485.16	7716.58
2483.9	7633.78
2482.63	7800.66
2481.37	7567.32
2480.11	7763.85
2478.85	7657.34
2477.59	7578.59
2476.32	7565.19
2475.06	7630.95
2473.8	7627.43
2472.53	7600.18
2471.27	7454.27
2470	7664.35
2468.74	7538.26
2467.47	7625.69
2466.21	7477.91
2464.94	7666.08
2463.68	7621.08
2462.41	7471.42
2461.15	7726.61
2459.88	7620.42
2458.61	7512.3
2457.35	7552.23
2456.08	7527.03
2454.81	7630.06
2453.54	7494.42
2452.28	7431.78
2451.01	7426.34
2449.74	7497.77
2448.47	7372.11
2447.2	7435.64
2445.93	7503.08
2444.66	7338.11
2443.39	7433.11
2442.12	7461.14
2440.85	7363.19
2439.58	7292.83
2438.31	7397.6
2437.04	7405.94
2435.77	7461.48
2434.5	7560.25
2433.23	7468.3
2431.96	7335.1
2430.68	7306.11
2429.41	7241.77
2428.14	7419.06
2426.87	7270.27
2425.59	7133.32
2424.32	7404.75
2423.04	7450.35
2421.77	7382.13
2420.5	7349.25
2419.22	7392.88
2417.95	7318.82
2416.67	7333.03
2415.4	7347.23
2414.12	7228.15
2412.85	7312.91
2411.57	7274.21
2410.29	7110.16
2409.02	7382.89
2407.74	7263.92
2406.46	7172.41
2405.18	7274.69
2403.91	7226.25
2402.63	7322.61
2401.35	7172.47
2400.07	7249.25
2398.79	7177.39
2397.52	7211.13
2396.24	7280.03
2394.96	7247.29
2393.68	7058.28
2392.4	7166.23
2391.12	7166.73
2389.84	7143.8
2388.56	7271.19
2387.27	7154.57
2385.99	7098.49
2384.71	7186.79
2383.43	7027.35
2382.15	7129.28
2380.87	7096.64
2379.58	7085.45
2378.3	7097.66
2377.02	7068.94
2375.73	7196.08
2374.45	7206.31
2373.17	7111.38
2371.88	7119.67
2370.6	7104.61
2369.31	7153.76
2368.03	6973.31
2366.74	6977.73
2365.46	7030.78
2364.17	6904.9
2362.89	7029.87
2361.6	7024.55
2360.31	6929.85
2359.03	6959.53
2357.74	6826.03
2356.45	6913.98
2355.17	6984.42
2353.88	6856.82
2352.59	6913.65
2351.3	7005.4
2350.01	6996.21
2348.72	6888.11
2347.43	6902.22
2346.15	6964.81
2344.86	6920.75
2343.57	6758.47
2342.28	6898.56
2340.99	6877.78
2339.69	6998.42
2338.4	6840.13
2337.11	6939.42
2335.82	6775.4
2334.53	6793.38
2333.24	6793.93
2331.95	6842.85
2330.65	6800.84
2329.36	6780.12
2328.07	6695.61
2326.77	6773.5
2325.48	6779.85
2324.19	6666.4
2322.89	6836.98
2321.6	6849.11
2320.3	6760.82
2319.01	6709.25
2317.71	6798.61
2316.42	6590.72
2315.12	6813.21
2313.83	6755.88
2312.53	6615.63
2311.23	6614.28
2309.94	6684.27
2308.64	6652.07
2307.34	6679.62
2306.05	6722.58
2304.75	6757.81
2303.45	6700.58
2302.15	6683.81
2300.85	6570.79
2299.55	6631.05
2298.25	6620.07
2296.96	6632.19
2295.66	6584.67
2294.36	6573.72
2293.06	6549.3
2291.76	6555.66
2290.45	6496.66
2289.15	6543.38
2287.85	6390.26
2286.55	6446.58
2285.25	6606.59
2283.95	6572.6
2282.65	6459.92
2281.34	6648.62
2280.04	6447.69
2278.74	6571.08
2277.43	6650.3
2276.13	6403.47
2274.83	6450.1
2273.52	6485.21
2272.22	6447.47
2270.91	6461.48
2269.61	6504.23
2268.3	6380.31
2267	6396.24
2265.69	6490.67
2264.39	6384.06
2263.08	6440.17
2261.77	6379.54
2260.47	6477.72
2259.16	6463.01
2257.85	6308.7
2256.54	6378.15
2255.24	6340.53
2253.93	6346.88
2252.62	6263.42
2251.31	6371.03
2250	6329.62
2248.69	6341.69
2247.38	6220.12
2246.07	6276.11
2244.76	6248.11
2243.45	6264
2242.14	6277.98
2240.83	6318.66
2239.52	6277.32
2238.21	6195.97
2236.9	6230.92
2235.59	6172.47
2234.27	6483.67
2232.96	6244.24
2231.65	6225.82
2230.34	6228.35
2229.02	6150.93
2227.71	6083.05
2226.4	6076.1
2225.08	6249.89
2223.77	6242.9
2222.45	5971.57
2221.14	6097.74
2219.82	6048.97
2218.51	5996.42
2217.19	6078.8
2215.88	6092.75
2214.56	6036.42
2213.24	6052.27
2211.93	6041.54
2210.61	6152.3
2209.29	6040.96
2207.97	5988.49
2206.66	6131.44
2205.34	5955.69
2204.02	6091
2202.7	6167.49
2201.38	6033.53
2200.06	5905.32
2198.74	6104.96
2197.42	5933.21
2196.1	5981.24
2194.78	5875.86
2193.46	5903.05
2192.14	5932.13
2190.82	6004.72
2189.5	6018.62
2188.18	5932.26
2186.86	5811.89
2185.54	5850.41
2184.21	5958.86
2182.89	5723.26
2181.57	5824.13
2180.24	5881.5
2178.92	5963.41
2177.6	5896.08
2176.27	5802.35
2174.95	5831.37
2173.62	5909.44
2172.3	5747.83
2170.97	5835.32
2169.65	5768.1
2168.32	5863.09
2167	5848.69
2165.67	5828.64
2164.34	5755.82
2163.02	5920.46
2161.69	5744.04
2160.36	5791.83
2159.04	5796.28
2157.71	5778.15
2156.38	5690.37
2155.05	5762.6
2153.72	5573.25
2152.39	5630.42
2151.06	5728.95
2149.74	5643.15
2148.41	5613.79
2147.08	5796.84
2145.75	5711.08
2144.41	5623.48
2143.08	5716.24
2141.75	5636.19
2140.42	5576.82
2139.09	5677.04
2137.76	5700.27
2136.43	5723.5
2135.09	5615.38
2133.76	5653.61
2132.43	5622.44
2131.09	5677.53
2129.76	5756.97
2128.43	5622.71
2127.09	5629.05
2125.76	5642.88
2124.42	5559.3
2123.09	5610.59
2121.75	5624.41
2120.42	5512.81
2119.08	5582.79
2117.75	5540.47
2116.41	5649.71
2115.07	5491.43
2113.74	5396.8
2112.4	5597.6
2111.06	5482.42
2109.72	5443.92
2108.38	5498.85
2107.05	5503.32
2105.71	5550.74
2104.37	5448.76
2103.03	5473.77
2101.69	5495.04
2100.35	5413.66
2099.01	5587.92
2097.67	5437.54
2096.33	5442.01
2094.99	5355.12
2093.65	5398.75
2092.31	5364.09
2090.97	5389.07
2089.62	5350.7
2088.28	5474.39
2086.94	5575.68
2085.6	5460.96
2084.25	5396.54
2082.91	5432.64
2081.57	5295.68
2080.22	5290.87
2078.88	5492.51
2077.53	5372.36
2076.19	5367.53
2074.84	5370.14
2073.5	5359.74
2072.15	5379.07
2070.81	5363.1
2069.46	5259.84
2068.12	5353.45
2066.77	5240.95
2065.42	5241.72
2064.08	5381.67
2062.73	5406.54
2061.38	5316.38
2060.03	5267.06
2058.68	5262.26
2057.34	5279.71
2055.99	5176.67
2054.64	5273.81
2053.29	5167.12
2051.94	5240.14
2050.59	5261.28
2049.24	5182.43
2047.89	5290.57
2046.54	5154.37
2045.19	5144.05
2043.83	5231.78
2042.48	5251.04
2041.13	5251.8
2039.78	5167.52
2038.43	5205.26
2037.07	5170.92
2035.72	5160.61
2034.37	5074.56
2033.01	5164.01
2031.66	5037.37
2030.31	5112.02
2028.95	5184.79
2027.6	5106.21
2026.24	5086.7
2024.89	5037.68
2023.53	5066.15
2022.17	5007.94
2020.82	5128.57
2019.46	5215.97
2018.11	5089.58
2016.75	5224.86
2015.39	5192.46
2014.03	5073.52
2012.68	5168.21
2011.32	4972.01
2009.96	5068.52
2008.6	4942.35
2007.24	5081.13
2005.88	4995.47
2004.52	5079.02
2003.16	4956.63
2001.8	5095.29
2000.44	4987.65
1999.08	5012.33
1997.72	5160.09
1996.36	4962.5
1995	4990.84
1993.64	5050.39
1992.27	4952.06
1990.91	5088.66
1989.55	4872.94
1988.19	5024.18
1986.82	4881.92
1985.46	4923.08
1984.1	4912.89
1982.73	4948.52
1981.37	4771.58
1980	4940.96
1978.64	4839.2
1977.27	4871.15
1975.91	4934.22
1974.54	4967.97
1973.18	4913.86
1971.81	4790.25
1970.44	4796.57
1969.08	4899.82
1967.71	4862.23
1966.34	4853.9
1964.97	4847.41
1963.61	4914.01
1962.24	4918.47
1960.87	4911.97
1959.5	4719.18
1958.13	4793.06
1956.76	4753.72
1955.39	4856.77
1954.02	4828.38
1952.65	4856.57
1951.28	4751.58
1949.91	4825.36
1948.54	4838.94
1947.17	4754.08
1945.8	4811.41
1944.42	4677.39
1943.05	4725.6
1941.68	4859.4
1940.31	4814.68
1938.93	4839.16
1937.56	4767.17
1936.19	4698.84
1934.81	4674.2
1933.44	4756.9
1932.06	4690.44
1930.69	4705.82
1929.31	4670.3
1927.94	4649.33
1926.56	4679.25
1925.18	4705.53
1923.81	4717.26
1922.43	4649.08
1921.05	4590.01
1919.68	4663.48
1918.3	4709.69
1916.92	4717.78
1915.54	4827.45
1914.17	4661.39
1912.79	4656.79
1911.41	4666.7
1910.03	4578.71
1908.65	4643
1907.27	4721.75
1905.89	4615.69
1904.51	4645.52
1903.13	4631.87
1901.75	4636.33
1900.37	4635.36
1898.99	4623.54
1897.6	4633.42
1896.22	4585.42
1894.84	4640.53
1893.46	4534.69
1892.07	4548.2
1890.69	4507.49
1889.31	4614.96
1887.92	4530.89
1886.54	4659.99
1885.15	4575.94
1883.77	4542.49
1882.38	4570.42
1881	4551.41
1879.61	4577.52
1878.23	4486.37
1876.84	4516.09
1875.46	4556.62
1874.07	4463.72
1872.68	4466.39
1871.29	4487.08
1869.91	4435.69
1868.52	4512.21
1867.13	4421.22
1865.74	4513.92
1864.35	4514.78
1862.96	4440.04
1861.57	4412.12
1860.19	4364.42
1858.8	4428.25
1857.4	4384.17
1856.01	4429.99
1854.62	4387.72
1853.23	4406.57
1851.84	4443.37
1850.45	4282.56
1849.06	4403.79
1847.67	4368.75
1846.27	4434.26
1844.88	4453.07
1843.49	4383.94
1842.09	4348.93
1840.7	4452.06
1839.31	4329.17
1837.91	4382.05
1836.52	4384.72
1835.12	4373.04
1833.73	4391.84
1832.33	4448.24
1830.93	4327.3
1829.54	4276.25
1828.14	4286.1
1826.75	4294.14
1825.35	4357.67
1823.95	4335.28
1822.55	4362.99
1821.16	4295.9
1819.76	4295
1818.36	4226.16
1816.96	4396.85
1815.56	4306.58
1814.16	4269.94
1812.76	4277.98
1811.36	4343.15
1809.96	4311.88
1808.56	4298.48
1807.16	4365.4
1805.76	4269.91
1804.36	4281.5
1802.96	4303.78
1801.56	4233.33
1800.15	4371.5
1798.75	4309.97
1797.35	4219.96
1795.94	4261.83
1794.54	4237.78
1793.14	4227.98
1791.73	4225.31
1790.33	4231.54
1788.92	4235.99
1787.52	4224.42
1786.11	4271.56
1784.71	4224.42
1783.3	4248.42
1781.9	4183.52
1780.49	4189.75
1779.08	4286.61
1777.68	4187.98
1776.27	4206.64
1774.86	4152.47
1773.45	4252.81
1772.05	4138.29
1770.64	4085.94
1769.23	4209.3
1767.82	4195.99
1766.41	4148.99
1765	4142.79
1763.59	4124.19
1762.18	4180.04
1760.77	4039.15
1759.36	4187.14
1757.95	4078.19
1756.54	4167.66
1755.12	4120.74
1753.71	4164.13
1752.3	4095.98
1750.89	4072.11
1749.47	4147.33
1748.06	3990.79
1746.65	4034.16
1745.23	4183.61
1743.82	4149.13
1742.4	4061.65
1740.99	4028.98
1739.58	4215.4
1738.16	4073.2
1736.74	4086.47
1735.33	4099.73
1733.91	4063.56
1732.5	4140.35
1731.08	4044.2
1729.66	4064.51
1728.24	4060.12
1726.83	3994.02
1725.41	3945.57
1723.99	3942.97
1722.57	3938.62
1721.15	3962.45
1719.73	4007.41
1718.31	3988.95
1716.89	3982.82
1715.47	3981.98
1714.05	4051.53
1712.63	4015.48
1711.21	3942.5
1709.79	3939.91
1708.37	3898.63
1706.95	3920.66
1705.52	3902.25
1704.1	3992.81
1702.68	4151.85
1701.26	3963.01
1699.83	3909.48
1698.41	3949.04
1696.98	3862.18
1695.56	3922.79
1694.14	3979.87
1692.71	3900.07
1691.28	3895.74
1689.86	3987.86
1688.43	3888.83
1687.01	3888
1685.58	3848.62
1684.15	3924.9
1682.73	3855.75
1681.3	3961.77
1679.87	3845.35
1678.44	3849.79
1677.02	3969.75
1675.59	3870.9
1674.16	3943.57
1672.73	3932.23
1671.3	3864.94
1669.87	3865.87
1668.44	3943.71
1667.01	3883.45
1665.58	3851.17
1664.15	3825.9
1662.72	3816.35
1661.28	3780.62
1659.85	3853.14
1658.42	3831.37
1656.99	3745.05
1655.55	3794.85
1654.12	3876.03
1652.69	3836.84
1651.25	3876.13
1649.82	3706.2
1648.39	3867.51
1646.95	3769.1
1645.52	3770.04
1644.08	3783.17
1642.64	3784.11
1641.21	3805.94
1639.77	3784.24
1638.34	3691.2
1636.9	3791.33
1635.46	3872.28
1634.02	3775.8
1632.59	3799.34
1631.15	3770.72
1629.71	3775.13
1628.27	3784.75
1626.83	3754.41
1625.39	3725.82
1623.95	3744.13
1622.51	3658.25
1621.07	3766.83
1619.63	3740
1618.19	3817.28
1616.75	3710.65
1615.31	3675.17
1613.87	3700.4
1612.43	3645.86
1610.98	3667.62
1609.54	3711.89
1608.1	3704.17
1606.66	3691.26
1605.21	3643.71
1603.77	3637.74
1602.32	3611
1600.88	3672.53
1599.43	3670.02
1597.99	3622.53
1596.54	3601
1595.1	3627.9
1593.65	3685.9
1592.21	3629.8
1590.76	3649.77
1589.31	3687
1587.86	3548.02
1586.42	3623.25
1584.97	3627.66
1583.52	3673.49
1582.07	3600.22
1580.62	3568.39
1579.17	3524.5
1577.72	3570.32
1576.28	3488.5
1574.83	3642.92
1573.37	3624.91
1571.92	3519.01
1570.47	3540.66
1569.02	3557.13
1567.57	3580.48
1566.12	3576.27
1564.67	3522.14
1563.21	3595.39
1561.76	3530.95
1560.31	3586.97
1558.85	3584.48
1557.4	3628.43
1555.95	3459.16
1554.49	3496.24
1553.04	3492.05
1551.58	3563.47
1550.13	3571.29
1548.67	3491.53
1547.21	3480.48
1545.76	3462.57
1544.3	3492.72
1542.84	3536.59
1541.39	3472.35
1539.93	3500.77
1538.47	3525.74
1537.01	3530.13
1535.56	3465.95
1534.1	3499.48
1532.64	3471.32
1531.18	3456.87
1529.72	3480.11
1528.26	3448.54
1526.8	3490.6
1525.34	3373.46
1523.88	3499.37
1522.42	3481.51
1520.95	3408.92
1519.49	3536.45
1518.03	3438.24
1516.57	3360.58
1515.1	3441.89
1513.64	3418.94
1512.18	3440.41
1510.71	3345.74
1509.25	3382.59
1507.79	3402.35
1506.32	3374.31
1504.86	3375.29
1503.39	3374.56
1501.92	3317.55
1500.46	3350.95
1498.99	3340
1497.53	3366.55
1496.06	3313
1494.59	3334.44
1493.12	3308.17
1491.66	3269.99
1490.19	3345.91
1488.72	3261.77
1487.25	3310.43
1485.78	3289.3
1484.31	3307.31
1482.84	3281.08
1481.37	3322.89
1479.9	3325.58
1478.43	3255.17
1476.96	3222.18
1475.49	3335.33
1474.02	3317.62
1472.54	3228.59
1471.07	3338.27
1469.6	3239.09
1468.13	3306.28
1466.65	3217.33
1465.18	3340.48
1463.71	3253.26
1462.23	3232.21
1460.76	3146.74
1459.28	3259.63
1457.81	3284.35
1456.33	3268.4
1454.86	3340.53
1453.38	3207.71
1451.9	3230.73
1450.43	3241.88
1448.95	3176.87
1447.47	3181.26
1445.99	3248.24
1444.52	3206.95
1443.04	3243.46
1441.56	3110.89
1440.08	3140.64
1438.6	3143.35
1437.12	3184.91
1435.64	3214.63
1434.16	3191.98
1432.68	3160.9
1431.2	3202.42
1429.72	3171.35
1428.24	3138.6
1426.75	3136.24
1425.27	3059.66
1423.79	3074.18
1422.31	3205.02
1420.82	3158.82
1419.34	3141.28
1417.86	3140.6
1416.37	3070.86
1414.89	3085.36
1413.4	3089.74
1411.92	3164.83
1410.43	3140.58
1408.95	3131.49
1407.46	3070.25
1405.97	3074.63
1404.49	3097.51
1403	3174.18
1401.51	3119.7
1400.03	3070.29
1398.54	3135.16
1397.05	3050.49
1395.56	3158.99
1394.07	3116.33
1392.58	3090.48
1391.09	3096.52
1389.6	3040.48
1388.11	3093.51
1386.62	3027.42
1385.13	3035.15
1383.64	3047.91
1382.15	2990.26
1380.66	3101.89
1379.17	3064.36
1377.67	3030.2
1376.18	3059.68
1374.69	3030.56
1373.19	2984.71
1371.7	2958.95
1370.21	3021.9
1368.71	3039.64
1367.22	3015.57
1365.72	3061.74
1364.23	3082.81
1362.73	3042.03
1361.23	3044.71
1359.74	3007.29
1358.24	2974.9
1356.74	3026.03
1355.25	2996.99
1353.75	2926.23
1352.25	2960.64
1350.75	3003.38
1349.25	2969.37
1347.76	3013.76
1346.26	2951.41
1344.76	3022.45
1343.26	2908.46
1341.76	2929.49
1340.26	2960.51
1338.75	3008.17
1337.25	2954.23
1335.75	2958.58
1334.25	2932.97
1332.75	2935.66
1331.25	2994.92
1329.74	2975.98
1328.24	2912.13
1326.74	2881.57
1325.23	2919.18
1323.73	2923.53
1322.22	2916.25
1320.72	2932.23
1319.21	2978.1
1317.71	2907.71
1316.2	2910.39
1314.7	2903.12
1313.19	2880.92
1311.68	2994.77
1310.18	3010.71
1308.67	2879.04
1307.16	2901.63
1305.65	2952.38
1304.14	2827.44
1302.63	2961.04
1301.13	2768.23
1299.62	2828.91
1298.11	2912.74
1296.6	2864.1
1295.09	2883.34
1293.58	2806.59
1292.06	2908.56
1290.55	2820.25
1289.04	2864.29
1287.53	2814.07
1286.02	2793.62
1284.5	2940.1
1282.99	2823.79
1281.48	2852.91
1279.96	2773.02
1278.45	2828.55
1276.94	2806.48
1275.42	2817.42
1273.91	2752.45
1272.39	2740.3
1270.87	2837.02
1269.36	2821.56
1267.84	2745.1
1266.33	2841.76
1264.81	2758.74
1263.29	2791.09
1261.77	2764.13
1260.26	2827.75
1258.74	2738.22
1257.22	2668.48
1255.7	2656.38
1254.18	2677.19
1252.66	2763.8
1251.14	2674.38
1249.62	2728.06
1248.1	2729.11
1246.58	2690.71
1245.06	2785.44
1243.54	2673.11
1242.01	2726.73
1240.49	2607.89
1238.97	2745.24
1237.45	2695.39
1235.92	2722.71
1234.4	2656.48
1232.88	2696.91
1231.35	2712.72
1229.83	2771.16
1228.3	2711.54
1226.78	2568.35
1225.25	2657.91
1223.72	2654.06
1222.2	2702.61
1220.67	2625.06
1219.14	2621.21
1217.62	2671.38
1216.09	2620.06
1214.56	2608.04
1213.03	2672.9
1211.5	2641.24
1209.98	2539.29
1208.45	2648.26
1206.92	2549.62
1205.39	2640.56
1203.86	2612.21
1202.33	2626.34
1200.79	2581.68
1199.26	2648.05
1197.73	2636.04
1196.2	2568.56
1194.67	2656.1
1193.13	2448.36
1191.6	2619.06
1190.07	2551.63
1188.53	2570.64
1187	2609.19
1185.47	2580.91
1183.93	2521.71
1182.4	2586.3
1180.86	2602.01
1179.33	2503.77
1177.79	2486.94
1176.25	2564.5
1174.72	2505.38
1173.18	2443.02
1171.64	2593.71
1170.1	2523.24
1168.57	2547.06
1167.03	2530.26
1165.49	2511.83
1163.95	2483.66
1162.41	2504.23
1160.87	2477.7
1159.33	2519.36
1157.79	2489.6
1156.25	2489.05
1154.71	2496.62
1153.17	2465.25
1151.63	2487.41
1150.08	2451.2
1148.54	2492.8
1147	2458.23
1145.46	2439.86
1143.91	2502.5
1142.37	2399.93
1140.82	2425.3
1139.28	2428.01
1137.73	2472.79
1136.19	2346.04
1134.64	2419.94
1133.1	2387.06
1131.55	2465.76
1130.01	2471.69
1128.46	2442.05
1126.91	2407.58
1125.36	2445.82
1123.82	2372.61
1122.27	2333.33
1120.72	2408.69
1119.17	2443.67
1117.62	2370.52
1116.07	2347.41
1114.52	2461.42
1112.97	2385.08
1111.42	2444.21
1109.87	2388.87
1108.32	2333.55
1106.77	2426.48
1105.22	2364.74
1103.66	2336.84
1102.11	2439.37
1100.56	2372.83
1099	2373.92
1097.45	2387.88
1095.9	2363.22
1094.34	2359.48
1092.79	2376.65
1091.23	2390.6
1089.68	2422.22
1088.12	2360.62
1086.56	2377.77
1085.01	2313
1083.45	2447.38
1081.89	2432.39
1080.34	2388.51
1078.78	2410.45
1077.22	2334.51
1075.66	2370.89
1074.1	2367.16
1072.54	2323.35
1070.98	2390.16
1069.43	2400.85
1067.86	2358.66
1066.3	2313.29
1064.74	2415.28
1063.18	2315.47
1061.62	2340.57
1060.06	2343.25
1058.5	2281.93
1056.93	2340.62
1055.37	2303.31
1053.81	2357.18
1052.24	2347.06
1050.68	2312.98
1049.12	2362.01
1047.55	2396.64
1045.99	2292.27
1044.42	2323.71
1042.85	2372.69
1041.29	2365.78
1039.72	2224.81
1038.16	2380.69
1036.59	2345.07
1035.02	2325.41
1033.45	2302.57
1031.88	2349.89
1030.32	2279.24
1028.75	2324.95
1027.18	2310.09
1025.61	2319.14
1024.04	2355.25
1022.47	2292.64
1020.9	2346.25
1019.33	2304.36
1017.76	2427.95
1016.18	2338.33
1014.61	2293.28
1013.04	2392.94
1011.47	2242.99
1009.89	2361.69
1008.32	2326.21
1006.75	2285.98
1005.17	2272.77
1003.6	2321.49
1002.02	2286.05
1000.45	2326.81
998.873	2246.95
997.297	2275.01
995.721	2318.91
994.145	2293.03
992.568	2286.18
990.991	2253.97
989.413	2288.33
987.835	2283.07
986.257	2298.4
984.678	2202.87
983.099	2303.72
981.52	2274.71
979.94	2250.47
978.36	2311.68
976.78	2317.49
975.199	2267.95
973.618	2152.02
972.037	2273.27
970.455	2237.99
968.873	2299.12
967.29	2255.95
965.707	2241.24
964.124	2177.57
962.541	2249.71
960.957	2269.73
959.373	2231.35
957.788	2237.17
956.203	2236.67
954.618	2223.56
953.032	2212.03
951.446	2194.2
949.86	2247.29
948.273	2215.28
946.686	2263.62
945.099	2297.76
943.511	2261.04
941.923	2213.31
940.334	2269.47
938.745	2228.06
937.156	2177.22
935.567	2263.24
933.977	2261.16
932.387	2193.06
930.796	2296.31
929.205	2176.37
927.614	2205.74
926.022	2302.63
924.43	2195.33
922.838	2241.94
921.245	2186.5
919.652	2212.7
918.058	2132.19
916.465	2274.45
914.87	2247.29
913.276	2253.06
911.681	2280.77
910.086	2223.84
908.49	2206.11
906.894	2229.12
905.298	2253.68
903.701	2206.2
902.104	2285.55
900.507	2202.09
898.909	2210.98
897.311	2172.95
895.713	2303.84
894.114	2248.6
892.515	2180.87
890.916	2210.08
889.316	2242.4
887.715	2326.27
886.115	2177.36
884.514	2159.7
882.913	2184.2
881.311	2246.14
879.709	2250.32
878.107	2302.87
876.504	2314.83
874.901	2295.6
873.298	2295.09
871.694	2191.69
870.09	2258.22
868.485	2299.78
866.88	2265
865.275	2244.24
863.669	2249.97
862.064	2288.39
860.457	2364.14
858.851	2250.02
857.244	2282.18
855.636	2252.12
854.028	2231.4
852.42	2269.77
850.812	2300.35
849.203	2187.95
847.594	2227.85
845.984	2306.57
844.375	2284.31
842.764	2271.38
841.154	2317.44
839.543	2292.09
837.931	2285.37
836.32	2336.05
834.708	2262.64
833.095	2325.7
831.482	2362.38
829.869	2333.95
828.256	2294.7
826.642	2300.38
825.028	2307.61
823.413	2345.8
821.798	2267.87
820.183	2302.96
818.567	2321.01
816.951	2354.52
815.335	2302.96
813.718	2350.38
812.101	2340.57
810.483	2326.14
808.865	2436.87
807.247	2315.82
805.629	2389.44
804.01	2368.83
802.39	2371.39
800.771	2360.05
799.151	2405.82
797.53	2314.25
795.91	2256.66
794.288	2339.43
792.667	2284.94
791.045	2343
789.423	2299.32
787.8	2329.62
786.177	2304.45
784.554	2288.53
782.93	2369.62
781.306	2227.47
779.682	2236.2
778.057	2295.71
776.432	2307.5
774.807	2240.85
773.181	2214.2
771.554	2264.44
769.928	2234.72
768.301	2255.73
766.674	2359.69
765.046	2305.4
763.418	2274.17
761.789	2279.8
760.161	2260.87
758.531	2304.86
756.902	2362.64
755.272	2248.61
753.642	2228.17
752.011	2272.13
750.38	2290.01
748.749	2317.08
747.117	2288.98
745.485	2302.25
743.852	2211.38
742.22	2278.24
740.586	2251.71
738.953	2217.53
737.319	2239.98
735.685	2213.47
734.05	2246.62
732.415	2244.59
730.779	2208.92
729.144	2269.55
727.507	2198.76
725.871	2262.42
724.234	2203.87
722.597	2290.41
720.959	2160.13
719.321	2161.17
717.683	2244.61
716.044	2183.08
714.405	2281.73
712.765	2198.87
711.126	2233.44
709.485	2193.3
707.845	2282.72
706.204	2201.46
704.563	2164.4
702.921	2163.91
701.279	2225.85
699.636	2225.34
697.993	2208.1
696.35	2146.75
694.707	2176.68
693.063	2217.25
691.419	2163.53
689.774	2264.89
688.129	2224.87
686.483	2184.86
684.838	2153.98
683.191	2233.99
681.545	2207.67
679.898	2198.06
678.251	2177.84
676.603	2116.65
674.955	2170.78
673.307	2190.01
671.658	2194.06
670.009	2231.46
668.359	2229.44
666.709	2253.18
665.059	2202.68
663.408	2227.93
661.757	2215.31
660.106	2140.63
658.454	2217.33
656.802	2304.6
655.15	2190.61
653.497	2217.34
651.844	2222.89
650.19	2155.86
648.536	2215.83
646.881	2215.33
645.227	2172.53
643.572	2159.95
641.916	2260.64
640.26	2210.3
638.604	2250.56
636.947	2239.48
635.29	2202.77
633.633	2255.06
631.975	2231.93
630.317	2254.04
628.659	2211.32
627	2155.06
625.34	2186.21
623.681	2212.83
622.021	2210.82
620.36	2124.49
618.7	2262.5
617.038	2173.19
615.377	2198.28
613.715	2160.17
612.053	2221.35
610.39	2174.23
608.727	2143.67
607.064	2167.23
605.4	2160.73
603.736	2169.25
602.071	2237.84
600.406	2130.72
598.741	2206.8
597.075	2135.76
595.409	2210.3
593.743	2247.3
592.076	2162.8
590.409	2150.31
588.741	2191.8
587.073	2141.84
585.405	2181.81
583.736	2142.36
582.067	2219.76
580.397	2136.9
578.728	2188.81
577.057	2165.86
575.387	2237.2
573.716	2251.65
572.044	2255.62
570.373	2193.8
568.7	2187.32
567.028	2179.34
565.355	2160.92
563.682	2217.2
562.008	2201.76
560.334	2162.43
558.66	2203.74
556.985	2155.47
555.31	2146.02
553.634	2197.76
551.958	2167.42
550.282	2217.63
548.605	2150.03
546.928	2267.3
545.25	2208.66
543.573	2249.88
541.894	2151.05
540.216	2232.47
538.537	2211.12
536.857	2265.69
535.178	2169.92
533.497	2178.36
531.817	2186.79
530.136	2239.83
528.455	2215.53
526.773	2241.78
525.091	2284.37
523.408	2254.13
521.725	2210.53
520.042	2196.66
518.359	2221.4
516.675	2250.59
514.99	2245.62
513.305	2249.56
511.62	2232.72
509.935	2244.08
508.249	2194.63
506.562	2271.22
504.876	2221.79
503.189	2221.28
501.501	2262.26
499.813	2203.97
498.125	2218.28
496.436	2177.8
494.747	2274.99
493.058	2173.84
491.368	2236.96
489.678	2193.55
487.987	2154.6
486.297	2220.64
484.605	2229
482.913	2232.93
481.221	2238.32
479.529	2274.74
477.836	2249.11
476.143	2188.06
474.449	2208.23
472.755	2277.08
471.061	2286.89
469.366	2190.49
467.67	2223.9
465.975	2173.26
464.279	2209.62
462.582	2200.27
460.886	2174.72
459.189	2300.9
457.491	2287.12
455.793	2220.34
454.095	2237.49
452.396	2259.05
450.697	2193.8
448.997	2244.78
447.298	2186.91
445.597	2220.22
443.897	2163.85
442.196	2173.65
440.494	2217.23
438.792	2257.85
437.09	2299.92
435.387	2176.06
433.684	2253.36
431.981	2197.07
430.277	2286.07
428.573	2215.13
426.868	2261.56
425.163	2196.52
423.458	2206.28
421.752	2170.59
420.046	2228.71
418.34	2286.79
416.633	2287.73
414.925	2262.31
413.218	2197.38
411.51	2251.03
409.801	2247.58
408.092	2241.22
406.383	2245.09
404.673	2175.85
402.963	2204.58
401.253	2264
399.542	2231.33
397.831	2239.59
396.119	2309.18
394.407	2261.92
392.694	2229.28
390.982	2231.69
389.268	2232.63
387.555	2246.71
385.841	2252.02
384.126	2321.5
382.411	2227.66
380.696	2237.35
378.981	2335.93
377.265	2169.3
375.548	2307.17
373.832	2305.19
372.114	2226.04
370.397	2292.48
368.679	2227.92
366.96	2340.89
365.242	2321.44
363.523	2256.92
361.803	2266.58
360.083	2293.67
358.363	2293.14
356.642	2283.9
354.921	2340.02
353.199	2308.98
351.477	2288.12
349.755	2312.27
348.032	2321.9
346.309	2287.99
344.586	2267.15
342.862	2324.64
341.137	2264.66
339.413	2323.56
337.688	2347.66
335.962	2297.86
334.236	2324.85
332.51	2275.08
330.783	2326.67
329.056	2330.48
327.328	2353.1
325.601	2349.66
323.872	2255.09
322.144	2389.06
320.414	2355.26
318.685	2403.86
316.955	2328.16
315.225	2311.72
313.494	2393.53
311.763	2366.98
310.031	2385.2
308.299	2350
306.567	2395.64
304.834	2307.07
303.101	2395.98
301.368	2346.39
299.634	2373.24
297.9	2359.72
296.165	2364.93
294.43	2357.18
292.694	2358.08
290.958	2439.62
289.222	2387.22
287.485	2380.91
285.748	2450.88
284.011	2402.83
282.273	2410.9
280.534	2403.15
278.795	2329.27
277.056	2353.17
275.317	2321
273.577	2406.67
271.836	2340.04
270.096	2355.29
268.355	2373.41
266.613	2400.14
264.871	2369.44
263.129	2370.33
261.386	2342.52
259.643	2366.36
257.899	2391.62
256.155	2392.5
254.411	2331.75
252.666	2381.36
250.921	2373.64
249.175	2381.68
247.429	2401.17
245.683	2307.57
243.936	2400.06
242.189	2383.76
240.441	2351.74
238.693	2331.17
236.944	2374.95
235.196	2475.9
233.446	2385.28
231.697	2416.16
229.947	2449.89
228.196	2365.05
226.445	2388.78
224.694	2388.22
222.942	2500.41
221.19	2442.76
219.437	2503.53
217.685	2421.66
215.931	2506.64
214.177	2460.44
212.423	2442.77
210.669	2486.37
208.914	2554.17
207.158	2459.58
205.403	2491.75
203.646	2521.07
201.89	2521.9
200.133	2532.7
