4501.29	9082.09
4500.4	9432.92
4499.52	9349.25
4498.64	9228.83
4497.75	9351.65
4496.87	9160.59
4495.98	8924.37
4495.1	9129.14
4494.22	9068.21
4493.33	9007.3
4492.45	8963.36
4491.56	8800.82
4490.68	9050.61
4489.79	9147.86
4488.9	8869.62
4488.02	8896.3
4487.13	8843.96
4486.25	8808.56
4485.36	8798.57
4484.47	8890.11
4483.59	8973.16
4482.7	8889.84
4481.81	8831.91
4480.93	8618.98
4480.04	8783.75
4479.15	8646.98
4478.26	8628.57
4477.38	8666.5
4476.49	8617.12
4475.6	8683.19
4474.71	8569.08
4473.83	8643.58
4472.94	8622.37
4472.05	8634.94
4471.16	8478.71
4470.27	8606.62
4469.38	8436.39
4468.49	8603.62
4467.6	8351.93
4466.71	8308.31
4465.82	8438.94
4464.93	8353.18
4464.04	8273.07
4463.15	8358.7
4462.26	8393.75
4461.37	8437.21
4460.48	8371.17
4459.59	8411.81
4458.7	8418.76
4457.81	8254.56
4456.92	8168.96
4456.03	8282.54
4455.14	8356.81
4454.24	8282.45
4453.35	8258.58
4452.46	8248.73
4451.57	8272.51
4450.68	8385.95
4449.78	8292.04
4448.89	8256.98
4448	8409.56
4447.11	8447.29
4446.21	8272.25
4445.32	8228.83
4444.43	8549.21
4443.53	8315.49
4442.64	8288.86
4441.75	8220.29
4440.85	8311.13
4439.96	8256.56
4439.06	8280.28
4438.17	8354.3
4437.27	8229.88
4436.38	8315.06
4435.48	8294.05
4434.59	8429.46
4433.69	8464.29
4432.8	8479.57
4431.9	8296.63
4431.01	8560.34
4430.11	8265.82
4429.22	8216.95
4428.32	8466.58
4427.42	8646.4
4426.53	8393.9
4425.63	8484.45
4424.73	8343.58
4423.84	8411.8
4422.94	8418.69
4422.04	8453.44
4421.14	8368.39
4420.25	8520.12
4419.35	8552.04
4418.45	8636.86
4417.55	8540.7
4416.65	8597.66
4415.76	8743.64
4414.86	8675.34
4413.96	8662.69
4413.06	8672.3
4412.16	8648.54
4411.26	8794.38
4410.36	8915.16
4409.46	8991.43
4408.56	8823.12
4407.66	9146.65
4406.76	8933.92
4405.86	8951.8
4404.96	8850.26
4404.06	8845.94
4403.16	8938.77
4402.26	9095.41
4401.36	8993.92
4400.46	9164.37
4399.56	9090.64
4398.66	9213.85
4397.76	9154.01
4396.85	9246.67
4395.95	9278.32
4395.05	9534.45
4394.15	9252.9
4393.25	9484.01
4392.34	9457.42
4391.44	9461.3
4390.54	9479.03
4389.64	9474.6
4388.73	9434.18
4387.83	9543.24
4386.93	9455.78
4386.02	9575.86
4385.12	9695.9
4384.21	9713.56
4383.31	9977.33
4382.41	9743.33
4381.5	9780.32
4380.6	10035.6
4379.69	9763.08
4378.79	9835.96
4377.88	9980.64
4376.98	9929.18
4376.07	9938.48
4375.17	9914.65
4374.26	9890.83
4373.36	9908.41
4372.45	9964.62
4371.54	10191.9
4370.64	10112.8
4369.73	10436.5
4368.82	10343.7
4367.92	10162.7
4367.01	10450.3
4366.1	10335.5
4365.2	10441.1
4364.29	10497.2
4363.38	10531.1
4362.47	10647.7
4361.57	10659.6
4360.66	10465
4359.75	10485.2
4358.84	10662.3
4357.93	10528.3
4357.02	10633.7
4356.11	10871.2
4355.21	10674
4354.3	10823.4
4353.39	10774.7
4352.48	10860.8
4351.57	10834.2
4350.66	10796.5
4349.75	10775.4
4348.84	10960.3
4347.93	11046.3
4347.02	11033.3
4346.11	11154.9
4345.2	11172.2
4344.29	11140
4343.37	11047.5
4342.46	11163.6
4341.55	11205.5
4340.64	11337.9
4339.73	11401.7
4338.82	11369.6
4337.9	11318.2
4336.99	11286.1
4336.08	11292.3
4335.17	11460.2
4334.26	11373.2
4333.34	11401.4
4332.43	11593.8
4331.52	11545.2
4330.6	11688.2
4329.69	11415.2
4328.78	11563.7
4327.86	11567.2
4326.95	11469.4
4326.03	11502.9
4325.12	11883.7
4324.21	11479.7
4323.29	11794.8
4322.38	11855.6
4321.46	11632.2
4320.55	11815.9
4319.63	11756.4
4318.72	11778.9
4317.8	11891.6
4316.88	11982.3
4315.97	11871
4315.05	12111.8
4314.14	12093.3
4313.22	12033.9
4312.3	12119
4311.39	11988.7
4310.47	12098.4
4309.55	11973.6
4308.63	12006.9
4307.72	11868.5
4306.8	12108.9
4305.88	12098.6
4304.96	12031.1
4304.05	12083.5
4303.13	12217.5
4302.21	12141.8
4301.29	12003.6
4300.37	12072.2
4299.45	12140.8
4298.54	12089.7
4297.62	12253.5
4296.7	12324.8
4295.78	12309
4294.86	12388.4
4293.94	12282.9
4293.02	12392.1
4292.1	12370.9
4291.18	12257.4
4290.26	12298.7
4289.34	12312.8
4288.42	12421.9
4287.5	12221.6
4286.57	12119
4285.65	12309.5
4284.73	12500
4283.81	12495.1
4282.89	12208.1
4281.97	12401.2
4281.04	12369.1
4280.12	12388.6
4279.2	12299.7
4278.28	12544.2
4277.35	12506.7
4276.43	12512.6
4275.51	12624.2
4274.59	12581.3
4273.66	12367.9
4272.74	12411.7
4271.81	12536.8
4270.89	12534.5
4269.97	12491.7
4269.04	12632.9
4268.12	12557.6
4267.19	12525.7
4266.27	12826.3
4265.34	12542.9
4264.42	12824.4
4263.49	12387.1
4262.57	12757.8
4261.64	12766.3
4260.72	12672.2
4259.79	12599.8
4258.87	12775.7
4257.94	12665.5
4257.01	12730.7
4256.09	12809.4
4255.16	12648
4254.23	12686.2
4253.31	12657
4252.38	12573.8
4251.45	12709.1
4250.52	12962.9
4249.6	12731.6
4248.67	12907.1
4247.74	12767.5
4246.81	12824.5
4245.88	12881.4
4244.96	12986.9
4244.03	12928
4243.1	12653.9
4242.17	12853.5
4241.24	12875.4
4240.31	12859.7
4239.38	12757.9
4238.45	12833.6
4237.52	12965.8
4236.59	12944.6
4235.66	13028.4
4234.73	13015.3
4233.8	13021.1
4232.87	12795.8
4231.94	12968.1
4231.01	12971.2
4230.08	12912.5
4229.15	13108.8
4228.22	12988.4
4227.28	12975.4
4226.35	12954.3
4225.42	13067.3
4224.49	13040.9
4223.56	12952.8
4222.62	12829.8
4221.69	13052.7
4220.76	12967.3
4219.83	13163.3
4218.89	13139.5
4217.96	13075.6
4217.03	13223.3
4216.09	13030.8
4215.16	13167.7
4214.23	12921.7
4213.29	13112.2
4212.36	12984.1
4211.42	13099.5
4210.49	13129.3
4209.55	13193.8
4208.62	13231.6
4207.68	13386.9
4206.75	13157.3
4205.81	13117.6
4204.88	13267.6
4203.94	13190.4
4203.01	13121.3
4202.07	13092.2
4201.13	13001.8
4200.2	13253.1
4199.26	13301.5
4198.32	13261.7
4197.39	13059.3
4196.45	13390.4
4195.51	13150.6
4194.58	13444.3
4193.64	13218
4192.7	13439.6
4191.76	13271.9
4190.82	13309.5
4189.89	13349.8
4188.95	13355.4
4188.01	13440.9
4187.07	13433.2
4186.13	13420.2
4185.19	13428.4
4184.25	13458
4183.31	13397
4182.37	13192.4
4181.43	13453.4
4180.49	13459
4179.55	13331.6
4178.61	13409
4177.67	13404
4176.73	13502.6
4175.79	13362
4174.85	13487.2
4173.91	13362.6
4172.97	13349.6
4172.03	13554.3
4171.09	13397.9
4170.14	13586.7
4169.2	13456.8
4168.26	13536.7
4167.32	13635.1
4166.38	13399.2
4165.43	13426
4164.49	13434.2
4163.55	13532.6
4162.6	13495.7
4161.66	13607.3
4160.72	13464.4
4159.77	13446.1
4158.83	13682.1
4157.89	13507.5
4156.94	13420.4
4156	13412.7
4155.05	13325.6
4154.11	13468.8
4153.16	13709.8
4152.22	13646.5
4151.27	13535.6
4150.33	13639
4149.38	13544
4148.44	13779.5
4147.49	13404.4
4146.55	13637.2
4145.6	13624.2
4144.65	13582.1
4143.71	13677.4
4142.76	13476.9
4141.81	13714.8
4140.87	13369.2
4139.92	13976.5
4138.97	13683.7
4138.03	13602.1
4137.08	13488.9
4136.13	13813.5
4135.18	13692.4
4134.23	13421
4133.29	13861.5
4132.34	13540.1
4131.39	13587.7
4130.44	13722.3
4129.49	13619.8
4128.54	13738.5
4127.59	13830.8
4126.64	13781
4125.69	13799.6
4124.74	13681.3
4123.79	13502.5
4122.84	13784.3
4121.89	13844.9
4120.94	13824.1
4119.99	13542.8
4119.04	13661.4
4118.09	13800.9
4117.14	13751.1
4116.19	14035.1
4115.24	13730.4
4114.28	13822.5
4113.33	13841
4112.38	13864.8
4111.43	13691.7
4110.48	14048.9
4109.52	13886.3
4108.57	13781.4
4107.62	13889.2
4106.66	13674.2
4105.71	13923.5
4104.76	13808.3
4103.8	13881.8
4102.85	13952.7
4101.9	14097
4100.94	13926.8
4099.99	13903.3
4099.03	13898.2
4098.08	13804.1
4097.12	14107.9
4096.17	13731
4095.21	13856.8
4094.26	14006.1
4093.3	13904.2
4092.35	14192.1
4091.39	13852.1
4090.44	13996.1
4089.48	14100.8
4088.52	14059.1
4087.57	13936.3
4086.61	14132.4
4085.65	13847.7
4084.7	13978.4
4083.74	14080.4
4082.78	13902.9
4081.82	14156.3
4080.87	14294.7
4079.91	14229.5
4078.95	13924.3
4077.99	14117.4
4077.03	14049.7
4076.08	14065.4
4075.12	14169.8
4074.16	14169.9
4073.2	14396.7
4072.24	14216.9
4071.28	14198.7
4070.32	14235.3
4069.36	14086.8
4068.4	14178.1
4067.44	14089.6
4066.48	14037.6
4065.52	14321.4
4064.56	14295.4
4063.6	14027.4
4062.64	14292.9
4061.68	14285.1
4060.72	14131.7
4059.75	14178.6
4058.79	14261.8
4057.83	14204.7
4056.87	14074.8
4055.91	14365.8
4054.94	14267.1
4053.98	14186.7
4053.02	14059.5
4052.06	14036.2
4051.09	14217.9
4050.13	14436
4049.17	14277.7
4048.2	14493.1
4047.24	14013.2
4046.27	14054.7
4045.31	14207.8
4044.35	14231.2
4043.38	14264.9
4042.42	14249.4
4041.45	14454.1
4040.49	14332.3
4039.52	14397.1
4038.56	14399.7
4037.59	14441.1
4036.63	14363.4
4035.66	14319.4
4034.69	14296.2
4033.73	14275.5
4032.76	14575.6
4031.8	14410
4030.83	14534.1
4029.86	14366
4028.89	14464.3
4027.93	14335
4026.96	14151.5
4025.99	14273
4025.02	14626.9
4024.06	14275.6
4023.09	14474.5
4022.12	14319.5
4021.15	14479.6
4020.18	14513.1
4019.21	14471.8
4018.25	14448.5
4017.28	14355.6
4016.31	14327.3
4015.34	14420.1
4014.37	14469
4013.4	14283.4
4012.43	14688.1
4011.46	14566.9
4010.49	14515.3
4009.52	14407.1
4008.55	14530.7
4007.58	14489.4
4006.6	14319.5
4005.63	14412.1
4004.66	14504.7
4003.69	14597.3
4002.72	14520.1
4001.75	14337.4
4000.77	14435.1
3999.8	14473.7
3998.83	14514.7
3997.86	14458.2
3996.88	14553.2
3995.91	14614.8
3994.94	14573.6
3993.96	14786.8
3992.99	14432.3
3992.02	14468.2
3991.04	14445
3990.07	14434.7
3989.1	14596.3
3988.12	14940.1
3987.15	14583.4
3986.17	14780.8
3985.2	14870.4
3984.22	14911.3
3983.25	14590.8
3982.27	15011
3981.3	14639.3
3980.32	14711
3979.34	14769.8
3978.37	14736.4
3977.39	14608.2
3976.41	14505.8
3975.44	14925.5
3974.46	14730.8
3973.48	14607.9
3972.51	14746
3971.53	14722.9
3970.55	14853.2
3969.57	14538.5
3968.6	14743
3967.62	14806.8
3966.64	14944.6
3965.66	15005.8
3964.68	14926.5
3963.7	14921.2
3962.73	14696.3
3961.75	14818.8
3960.77	14862.1
3959.79	14900.2
3958.81	14897.5
3957.83	14856.5
3956.85	15124.2
3955.87	14657.3
3954.89	15060.1
3953.91	15029.3
3952.93	14743.7
3951.94	14865.9
3950.96	14728.1
3949.98	14865.6
3949	14952.1
3948.02	14850
3947.04	15005.2
3946.06	14977
3945.07	15101.6
3944.09	14938.5
3943.11	15032.5
3942.13	15067.9
3941.14	15123.7
3940.16	14932.8
3939.18	14955.5
3938.19	15003.6
3937.21	14899.2
3936.23	15270.1
3935.24	15117.4
3934.26	15053.7
3933.27	14774.1
3932.29	15116.8
3931.3	14799.2
3930.32	14839.7
3929.33	15240.6
3928.35	15098.2
3927.36	15019.4
3926.38	15095.3
3925.39	15206.7
3924.41	15059.4
3923.42	15092.1
3922.43	15200.9
3921.45	15086.7
3920.46	15157.4
3919.47	15139.4
3918.49	15172.2
3917.5	15123.8
3916.51	15136.3
3915.52	14910.7
3914.54	15201.6
3913.55	15001.5
3912.56	15130.3
3911.57	15092.2
3910.58	15258.9
3909.6	15324.4
3908.61	15205.3
3907.62	15129.2
3906.63	15285.7
3905.64	15161.6
3904.65	15052.8
3903.66	15085.4
3902.67	15065
3901.68	15362.7
3900.69	15286.7
3899.7	14978.5
3898.71	15051.5
3897.72	15303.6
3896.73	15308.4
3895.74	15219.9
3894.74	15418.8
3893.75	15330.3
3892.76	15277.1
3891.77	15385.2
3890.78	15321.9
3889.79	15470.3
3888.79	15502.8
3887.8	15321.1
3886.81	15585.3
3885.81	15267.7
3884.82	15234.7
3883.83	15340.2
3882.83	15113.4
3881.84	15488.1
3880.85	15276.5
3879.85	15251
3878.86	15333.8
3877.86	15378.7
3876.87	15481.5
3875.88	15544
3874.88	15209.5
3873.89	15269.6
3872.89	15347.1
3871.89	15221.3
3870.9	15396.8
3869.9	15263.4
3868.91	15597
3867.91	15172.6
3866.91	15548.7
3865.92	15352.7
3864.92	15475.3
3863.92	15419.8
3862.93	15354.3
3861.93	15514.4
3860.93	15501.6
3859.93	15313.3
3858.94	15365.7
3857.94	15623.4
3856.94	15475.3
3855.94	15387.3
3854.94	15562.2
3853.94	15844.8
3852.95	15401.4
3851.95	15713.9
3850.95	15433.3
3849.95	15663.1
3848.95	15422.7
3847.95	15677.4
3846.95	15354.5
3845.95	15751.7
3844.95	15393.9
3843.95	15865.8
3842.95	15493.2
3841.95	15507.9
3840.94	15527.5
3839.94	15442.3
3838.94	15769
3837.94	15603.9
3836.94	15518.7
3835.94	15520.8
3834.93	15473.1
3833.93	15649.8
3832.93	15681.9
3831.93	15521.9
3830.92	15529.1
3829.92	15603.5
3828.92	15575.7
3827.91	15650.1
3826.91	15677.1
3825.91	15873.5
3824.9	15808.3
3823.9	15524.2
3822.89	15777.7
3821.89	15717.6
3820.88	15839.1
3819.88	15724.2
3818.87	15902.9
3817.87	15842.8
3816.86	15633.6
3815.86	15822.1
3814.85	15727.3
3813.84	15950.5
3812.84	16166.2
3811.83	15639.1
3810.83	15944.2
3809.82	15851.9
3808.81	15772.1
3807.8	15674.9
3806.8	15582.6
3805.79	15855.2
3804.78	15753.1
3803.77	16055.3
3802.77	16032.5
3801.76	15950.2
3800.75	15922.5
3799.74	15917.1
3798.73	16075.3
3797.72	16000.5
3796.71	15913.3
3795.7	15895.5
3794.69	16014
3793.68	16216.5
3792.67	15968.5
3791.66	15943.3
3790.65	16069
3789.64	15897.9
3788.63	15815.8
3787.62	16084.9
3786.61	15993
3785.6	15950.5
3784.59	16034.1
3783.58	16008.9
3782.56	16203.6
3781.55	16133.9
3780.54	15817.3
3779.53	16147.8
3778.52	16060.9
3777.5	15951.8
3776.49	16425.2
3775.48	15955.8
3774.46	16078.7
3773.45	16179.3
3772.44	16053.1
3771.42	16353.4
3770.41	16355.3
3769.39	16332.6
3768.38	15886
3767.36	16065.4
3766.35	16124.1
3765.34	16234.4
3764.32	16270.8
3763.3	16302.3
3762.29	16291.9
3761.27	16141.3
3760.26	16081.7
3759.24	16295.3
3758.23	16319.3
3757.21	16183.5
3756.19	16089.6
3755.18	16248.9
3754.16	16317.2
3753.14	16567.3
3752.12	16242.4
3751.11	16153.4
3750.09	16317.4
3749.07	16410.2
3748.05	16377.7
3747.03	16293.7
3746.02	16396.3
3745	16513.5
3743.98	16525.2
3742.96	16355.3
3741.94	16673.6
3740.92	16403.3
3739.9	16258
3738.88	16517.3
3737.86	16455.5
3736.84	16457.4
3735.82	16665
3734.8	16524.8
3733.78	16546.2
3732.76	16658.3
3731.74	16547.5
3730.71	16696.2
3729.69	16607.5
3728.67	16775.7
3727.65	16711.4
3726.63	16747.5
3725.61	16558.6
3724.58	16738.9
3723.56	16613.6
3722.54	16754.7
3721.51	16546.4
3720.49	16814.5
3719.47	16657.5
3718.44	16864.5
3717.42	16658.7
3716.4	17156.1
3715.37	16738
3714.35	16878.9
3713.32	16934.4
3712.3	17082.5
3711.27	17091.5
3710.25	17029.9
3709.22	17043.8
3708.2	16984.6
3707.17	17349.5
3706.15	16939.3
3705.12	17050.7
3704.09	17089
3703.07	17073.6
3702.04	17131.4
3701.01	17111.2
3699.99	17346.6
3698.96	17314.2
3697.93	17162.5
3696.9	17344.3
3695.88	17487
3694.85	17654
3693.82	17346.8
3692.79	17346
3691.76	17673.4
3690.74	17563.2
3689.71	17460.4
3688.68	17615
3687.65	17893.5
3686.62	17727.5
3685.59	17741.2
3684.56	17497.6
3683.53	18154.6
3682.5	18010.5
3681.47	18230.4
3680.44	18069.3
3679.41	18002.9
3678.38	18140.2
3677.34	18343
3676.31	18402.6
3675.28	18341
3674.25	18584.8
3673.22	18552.3
3672.19	18689.3
3671.15	18690.7
3670.12	18745.4
3669.09	19085.7
3668.06	19067.6
3667.02	19119.7
3665.99	19058.1
3664.96	19059.4
3663.92	19087.4
3662.89	19582
3661.85	19711.3
3660.82	19785
3659.79	19923.9
3658.75	20227.1
3657.72	20080.8
3656.68	20108.5
3655.65	20517.8
3654.61	20806.1
3653.57	20681.6
3652.54	21129.1
3651.5	21103.5
3650.47	21287.8
3649.43	21578.1
3648.39	21552.4
3647.36	21905.3
3646.32	22272.5
3645.28	22338.3
3644.25	22522.2
3643.21	22893.9
3642.17	23200.4
3641.13	23485.2
3640.09	23293
3639.06	23635.4
3638.02	24269
3636.98	24399.3
3635.94	24878.4
3634.9	25148.1
3633.86	25278.2
3632.82	25528.4
3631.78	26019.1
3630.74	26153.7
3629.7	26420.5
3628.66	26771.3
3627.62	27095.5
3626.58	27419.6
3625.54	27683.6
3624.5	27810.5
3623.46	28028.7
3622.42	28299.5
3621.38	28675.9
3620.33	28524.2
3619.29	28761.3
3618.25	28743.9
3617.21	28928.1
3616.17	29292
3615.12	29092.4
3614.08	29259.5
3613.04	29220.6
3611.99	29229.5
3610.95	29300.7
3609.91	28993.5
3608.86	29239.6
3607.82	29358.6
3606.77	29262.2
3605.73	28983.9
3604.69	28760.8
3603.64	29159.8
3602.6	29168.7
3601.55	28866.7
3600.5	28433.3
3599.46	28480.6
3598.41	28305.6
3597.37	28137.8
3596.32	27874.5
3595.27	27914.7
3594.23	28181.8
3593.18	27832.7
3592.13	27521.9
3591.09	27328.1
3590.04	27304
3588.99	27110.3
3587.94	27179.3
3586.9	26861.7
3585.85	27190.6
3584.8	26799.2
3583.75	26305.5
3582.7	26660.5
3581.65	26441.1
3580.6	26288.4
3579.56	26490.8
3578.51	26176.2
3577.46	26273.7
3576.41	25730.7
3575.36	26323.5
3574.31	25842.5
3573.26	26099.5
3572.2	26056.5
3571.15	25811.4
3570.1	25623.5
3569.05	25930.2
3568	25471.3
3566.95	25625.8
3565.9	25212.2
3564.84	25343
3563.79	25400
3562.74	25699.3
3561.69	25654.2
3560.63	25255.2
3559.58	25649.3
3558.53	25530.6
3557.47	25238.7
3556.42	25366.9
3555.37	24954.1
3554.31	25170
3553.26	25319.5
3552.2	25378.8
3551.15	25106.2
3550.09	25172.6
3549.04	24987.8
3547.98	25288.8
3546.93	24957.2
3545.87	25028.3
3544.82	25108.9
3543.76	24976.3
3542.71	25142.1
3541.65	24822.7
3540.59	25170.6
3539.54	25180.1
3538.48	25087.9
3537.42	25350.4
3536.36	24917.7
3535.31	24948.5
3534.25	24728.8
3533.19	24691.1
3532.13	24634.5
3531.07	24929.9
3530.02	24809.5
3528.96	25154.3
3527.9	24335.1
3526.84	24873.5
3525.78	24824
3524.72	24824.1
3523.66	24708.6
3522.6	24760.5
3521.54	24656.9
3520.48	25022.4
3519.42	25114.4
3518.36	24965.9
3517.3	24570.1
3516.24	24711.6
3515.17	24897.7
3514.11	24685.8
3513.05	24933.2
3511.99	24796.7
3510.93	24704.9
3509.87	24766.2
3508.8	25145.1
3507.74	24641.7
3506.68	25013.4
3505.61	24665.4
3504.55	24670.2
3503.49	24691.4
3502.42	24762
3501.36	24668.1
3500.3	24921.9
3499.23	25006.5
3498.17	24889.1
3497.1	24936
3496.04	25018.2
3494.97	25011.2
3493.91	24957.2
3492.84	24893.9
3491.77	24692.2
3490.71	25013.6
3489.64	24863.5
3488.58	24753.3
3487.51	24840.1
3486.44	25069.8
3485.38	25095.6
3484.31	24936.3
3483.24	24980.8
3482.17	25135.3
3481.11	25095.5
3480.04	24819.2
3478.97	25039.3
3477.9	24948
3476.83	24980.8
3475.77	25245.1
3474.7	24896.5
3473.63	25022.8
3472.56	24938.6
3471.49	24964.3
3470.42	25006.4
3469.35	25006.4
3468.28	24919.9
3467.21	25001.7
3466.14	24997
3465.07	25358.9
3464	24947.9
3462.92	24915.2
3461.85	25202.2
3460.78	24726.2
3459.71	25106.5
3458.64	25013.1
3457.57	25248.6
3456.49	24854.5
3455.42	24959.4
3454.35	25036.3
3453.28	24922.1
3452.2	25113.1
3451.13	25147.9
3450.06	25047.7
3448.98	25105.9
3447.91	25224.6
3446.83	25024.3
3445.76	25208.1
3444.68	25198.7
3443.61	25491.7
3442.53	25335.7
3441.46	25182.2
3440.38	25158.8
3439.31	25288.9
3438.23	24921.6
3437.16	25105.1
3436.08	25137.6
3435	25474.3
3433.93	25035.2
3432.85	24928.4
3431.77	25063
3430.7	25397.1
3429.62	25274
3428.54	25215.8
3427.46	25155.4
3426.39	25215.6
3425.31	25271.2
3424.23	25180.6
3423.15	25233.8
3422.07	25055.3
3420.99	25393.5
3419.91	25349.3
3418.83	25386.2
3417.75	25131.4
3416.68	25337.3
3415.6	25286.2
3414.51	25242.1
3413.43	25230.4
3412.35	25241.9
3411.27	25572.5
3410.19	25107.5
3409.11	25375.6
3408.03	25241.3
3406.95	25201.9
3405.87	24993.8
3404.78	25123.1
3403.7	25129.9
3402.62	25069.7
3401.54	25538.4
3400.45	25208
3399.37	25180.2
3398.29	25498.5
3397.2	25283.8
3396.12	25228.2
3395.04	25015.9
3393.95	25221
3392.87	24962.7
3391.78	25232.3
3390.7	25003.9
3389.61	25243.5
3388.53	25250.2
3387.44	25270.8
3386.36	25137.1
3385.27	25033.3
3384.19	25037.8
3383.1	25175.8
3382.01	25297.6
3380.93	25242.2
3379.84	25145.4
3378.75	25375.2
3377.67	24871.5
3376.58	25280.6
3375.49	24990.8
3374.4	24949.3
3373.31	25309.9
3372.23	24907.7
3371.14	25245.2
3370.05	24928.1
3368.96	25104.8
3367.87	25022
3366.78	24870.4
3365.69	25193.8
3364.6	24906.9
3363.51	24977.9
3362.42	24982.3
3361.33	25037.2
3360.24	24988.9
3359.15	25105.7
3358.06	24947.4
3356.97	25320.7
3355.88	25206
3354.79	25004.2
3353.69	24937.7
3352.6	24701.7
3351.51	24987.7
3350.42	25074.6
3349.33	24788.4
3348.23	24612.1
3347.14	24749.2
3346.05	24934.4
3344.95	24694.1
3343.86	24753.5
3342.77	24632.2
3341.67	25034.3
3340.58	24915.3
3339.48	24663.9
3338.39	24688.9
3337.29	24796.1
3336.2	24547.2
3335.1	24647.5
3334.01	24713.6
3332.91	24679.2
3331.82	24683.7
3330.72	24788.5
3329.62	24756.4
3328.53	24877.1
3327.43	24525.9
3326.33	24717.3
3325.24	24947.3
3324.14	24666.9
3323.04	24858.1
3321.94	24696.2
3320.85	24816.8
3319.75	24670.9
3318.65	24429.5
3317.55	24663.9
3316.45	24631.9
3315.35	24711.4
3314.25	24333.7
3313.16	24529.2
3312.06	24488.1
3310.96	24378.9
3309.86	24640.2
3308.76	24581
3307.66	24326.4
3306.55	24292.3
3305.45	24483
3304.35	24641.8
3303.25	24471.4
3302.15	24364.6
3301.05	24541.5
3299.95	24541.4
3298.84	24223.7
3297.74	24534.3
3296.64	24212.2
3295.54	24368.6
3294.43	24230.2
3293.33	24332.1
3292.23	24647
3291.12	24393.1
3290.02	24433.8
3288.92	24300.1
3287.81	24370.1
3286.71	24322.5
3285.6	24247.7
3284.5	24202.4
3283.39	24238.5
3282.29	24163.8
3281.18	24129.8
3280.08	24143.3
3278.97	24177.1
3277.86	24048.2
3276.76	24251.5
3275.65	24226.6
3274.54	24165.5
3273.44	23874.1
3272.33	23946.3
3271.22	24023
3270.12	24083.9
3269.01	23968.7
3267.9	24144.7
3266.79	24221.3
3265.68	23894.1
3264.57	24103.8
3263.47	24263.8
3262.36	23927.8
3261.25	24056.2
3260.14	24069.7
3259.03	24227.3
3257.92	24094.3
3256.81	23947.8
3255.7	23988.3
3254.59	23758.6
3253.48	23850.9
3252.37	24138.9
3251.25	23900.3
3250.14	23841.7
3249.03	23999.1
3247.92	23798.9
3246.81	23978.7
3245.69	24023.6
3244.58	24028
3243.47	23875.1
3242.36	23742.5
3241.24	23859.3
3240.13	23715.5
3239.02	23686.3
3237.9	23627.9
3236.79	23542.6
3235.68	23531.4
3234.56	23636.8
3233.45	23560.5
3232.33	23255.5
3231.22	23773.5
3230.1	23392.3
3228.99	23423.7
3227.87	23412.5
3226.75	23603
3225.64	23511.1
3224.52	23784.3
3223.41	23824.6
3222.29	23654.4
3221.17	23591.6
3220.05	23338.7
3218.94	23224.6
3217.82	23636.3
3216.7	23517.7
3215.58	23560.2
3214.47	23320.9
3213.35	23481.9
3212.23	23403.6
3211.11	23329.9
3209.99	23291.9
3208.87	23260.7
3207.75	23242.8
3206.63	23180.3
3205.51	23327.7
3204.39	23242.9
3203.27	22892.5
3202.15	23207.2
3201.03	23332.1
3199.91	23200.6
3198.79	23048.9
3197.67	23350
3196.55	23062.4
3195.42	23280.8
3194.3	23042.4
3193.18	22844.2
3192.06	23009.1
3190.93	23127.2
3189.81	22860.1
3188.69	23093.9
3187.56	23120.6
3186.44	22746.8
3185.32	22967.1
3184.19	22893.8
3183.07	22793.8
3181.94	22849.4
3180.82	23089.6
3179.7	22949.6
3178.57	22736.3
3177.44	22689.7
3176.32	22589.9
3175.19	22665.5
3174.07	22523.5
3172.94	22603.5
3171.82	22641.4
3170.69	22814.6
3169.56	22612.7
3168.43	22686
3167.31	22701.6
3166.18	22384.6
3165.05	22650.8
3163.92	22322.8
3162.8	22393.9
3161.67	22394
3160.54	22301.1
3159.41	22321.2
3158.28	22305.9
3157.15	22427.8
3156.02	22193.3
3154.89	22636.1
3153.76	22231.2
3152.63	22220.3
3151.5	22364.2
3150.37	22419.7
3149.24	22247.3
3148.11	22556.9
3146.98	22207.8
3145.85	22303
3144.72	22263.4
3143.59	22433.6
3142.45	22265.9
3141.32	22228.5
3140.19	22082.9
3139.06	22301.6
3137.92	22054.5
3136.79	22149.6
3135.66	22059.3
3134.52	22026.4
3133.39	22103.7
3132.26	22231.8
3131.12	21989.4
3129.99	22132.9
3128.85	21868.6
3127.72	21948.1
3126.58	21968.1
3125.45	21721.7
3124.31	21691.1
3123.18	21929
3122.04	21843.4
3120.9	21740.2
3119.77	21758
3118.63	21947.4
3117.49	21740.8
3116.36	21736.6
3115.22	21805
3114.08	21756.8
3112.95	21543.9
3111.81	21506.8
3110.67	21717.9
3109.53	21467.8
3108.39	21665.6
3107.25	21648.3
3106.11	21692.4
3104.98	21793.6
3103.84	21534.9
3102.7	21443
3101.56	21754.6
3100.42	21322.9
3099.28	21196
3098.14	21376
3096.99	21613
3095.85	21501.4
3094.71	21626.5
3093.57	21261
3092.43	21239.4
3091.29	21557.1
3090.15	21237.7
3089	21321.2
3087.86	21085.1
3086.72	21326.1
3085.57	21238.9
3084.43	21066.4
3083.29	21252.5
3082.14	21434.2
3081	21213.7
3079.86	21106.9
3078.71	20998
3077.57	21234.2
3076.42	21470.3
3075.28	21138.7
3074.13	20944.7
3072.99	20848.9
3071.84	20986.8
3070.7	20980.5
3069.55	21096.5
3068.4	21146.9
3067.26	21097
3066.11	20912
3064.96	20995.2
3063.82	20834.2
3062.67	20867.2
3061.52	21283.6
3060.37	21022.5
3059.23	20950.9
3058.08	20855.4
3056.93	20890.6
3055.78	20853.9
3054.63	20769.4
3053.48	20717.5
3052.33	20804.8
3051.18	20774.7
3050.03	20846.8
3048.88	20549.3
3047.73	20773.5
3046.58	20997.7
3045.43	20858.9
3044.28	20713.7
3043.13	20544.6
3041.98	20608
3040.83	20630
3039.68	20838.7
3038.52	20303
3037.37	20600.7
3036.22	20405.8
3035.07	20449.6
3033.91	20675.5
3032.76	20645.5
3031.61	20409.5
3030.45	20446.8
3029.3	20343.1
3028.14	20451.8
3026.99	20311.4
3025.84	20448.2
3024.68	20418.3
3023.53	20158.9
3022.37	20139.9
3021.22	20289.6
3020.06	20549.6
3018.9	20262.3
3017.75	20331.9
3016.59	20399.3
3015.44	20278.6
3014.28	20354.6
3013.12	20244.8
3011.96	20094
3010.81	20182.9
3009.65	20161.7
3008.49	19929
3007.33	20229.5
3006.18	20039.9
3005.02	20135.3
3003.86	20317
3002.7	19948.5
3001.54	20255.2
3000.38	20270.6
2999.22	20046.8
2998.06	19855.4
2996.9	20060.6
2995.74	20054.5
2994.58	20188.5
2993.42	20122.1
2992.26	19918
2991.1	19963.6
2989.94	19981.2
2988.77	19671.8
2987.61	19754
2986.45	19741.6
2985.29	19595.8
2984.12	19880.1
2982.96	19695.7
2981.8	19636
2980.64	19763.2
2979.47	19961.4
2978.31	19654.6
2977.14	19560.6
2975.98	19829.5
2974.82	19778.4
2973.65	19617.8
2972.49	19719.2
2971.32	19578
2970.16	19859.6
2968.99	19634.8
2967.82	19545.2
2966.66	19612.1
2965.49	19599.7
2964.33	19583.1
2963.16	19602.8
2961.99	19513.3
2960.83	19490.2
2959.66	19471.4
2958.49	19615.4
2957.32	19354.7
2956.15	19552.1
2954.99	19458.4
2953.82	19591.6
2952.65	19435.9
2951.48	19472.7
2950.31	19530.9
2949.14	19272.7
2947.97	19307.5
2946.8	19431.9
2945.63	19611.9
2944.46	19409.4
2943.29	19640.5
2942.12	19316.4
2940.95	19500.5
2939.78	19372.9
2938.61	19266.7
2937.44	19361.1
2936.26	19357.3
2935.09	19229.9
2933.92	19070.4
2932.75	19117.9
2931.57	19056.6
2930.4	19059.3
2929.23	19530.7
2928.05	19113.6
2926.88	19244.1
2925.71	19263.8
2924.53	19251.5
2923.36	18977.4
2922.18	19007.7
2921.01	19023.2
2919.83	19138.6
2918.66	19124.2
2917.48	19009.9
2916.31	19169.9
2915.13	18928.1
2913.95	18860.6
2912.78	18922.8
2911.6	18842.6
2910.42	19231.9
2909.25	19028.5
2908.07	18708.4
2906.89	19016.9
2905.71	18877.3
2904.54	18852.4
2903.36	18925.1
2902.18	18840.8
2901	18902.9
2899.82	18918.2
2898.64	18655.9
2897.46	18724.3
2896.28	18932.6
2895.1	18803.9
2893.92	19048
2892.74	18824.1
2891.56	18629.8
2890.38	18791.3
2889.2	18679.7
2888.02	18657
2886.84	18642.7
2885.65	18588.3
2884.47	18834.2
2883.29	18380.2
2882.11	18691.6
2880.92	18508.2
2879.74	18912.5
2878.56	18674.3
2877.38	18493.2
2876.19	18690.2
2875.01	18490.1
2873.82	18370.4
2872.64	18827
2871.45	18371.6
2870.27	18374.4
2869.08	18442.5
2867.9	18487.4
2866.71	18418.4
2865.53	18351.5
2864.34	18565.1
2863.16	18392.8
2861.97	18262.8
2860.78	18432
2859.6	18122.9
2858.41	18231
2857.22	18353.8
2856.03	18333.3
2854.85	18281.3
2853.66	18252.5
2852.47	18175.3
2851.28	18121.2
2850.09	18323.8
2848.9	18191.9
2847.71	18175.7
2846.52	18075.5
2845.34	18122.4
2844.15	18293.2
2842.96	18377.8
2841.76	17876.5
2840.57	17950.7
2839.38	17909.4
2838.19	17947.8
2837	17990.5
2835.81	17854.8
2834.62	17832.4
2833.43	18300.7
2832.23	17923.9
2831.04	18178.3
2829.85	18231.3
2828.65	18114.5
2827.46	18175.9
2826.27	18027.8
2825.07	17921.7
2823.88	17851.1
2822.69	17977.4
2821.49	17862.9
2820.3	18049.9
2819.1	17937.5
2817.91	17775
2816.71	17892.8
2815.52	17939.5
2814.32	17881.6
2813.13	17934.5
2811.93	17722
2810.73	17528.4
2809.54	17809.1
2808.34	17621.8
2807.14	17526.4
2805.94	17898.8
2804.75	17724.1
2803.55	17662.2
2802.35	17783.9
2801.15	17699
2799.95	17653.8
2798.75	17594
2797.56	17571.8
2796.36	17660.1
2795.16	17752.5
2793.96	17615.6
2792.76	17453.8
2791.56	17860.7
2790.36	17486.5
2789.16	17530.9
2787.95	17421.3
2786.75	17648.9
2785.55	17285.5
2784.35	17375.7
2783.15	17345.2
2781.95	17246.1
2780.74	17425.7
2779.54	17634.3
2778.34	17406.4
2777.13	17436.2
2775.93	17538.7
2774.73	17153
2773.52	17585.8
2772.32	17331.1
2771.12	17005.9
2769.91	17473.7
2768.71	17306.3
2767.5	17130.7
2766.3	17287
2765.09	17175.8
2763.89	17267.8
2762.68	17357.6
2761.47	17016.4
2760.27	17040
2759.06	17030.4
2757.85	17174.1
2756.65	17199.7
2755.44	17212.9
2754.23	16981.7
2753.02	16773.5
2751.81	17053.7
2750.61	17193.1
2749.4	17069.7
2748.19	16940.2
2746.98	16881
2745.77	16960.3
2744.56	16884.6
2743.35	16815.2
2742.14	16997.8
2740.93	16977.9
2739.72	16819.7
2738.51	16752.3
2737.3	16864.6
2736.09	16809.7
2734.88	16694.9
2733.66	16681.3
2732.45	17111.2
2731.24	16825.3
2730.03	16712.7
2728.82	16855.7
2727.6	16712.2
2726.39	16748.1
2725.18	16530.5
2723.96	16683.8
2722.75	16406.6
2721.53	16722.5
2720.32	16529.8
2719.11	16596.5
2717.89	16463.5
2716.68	16513.8
2715.46	16724.5
2714.25	16505.2
2713.03	16541
2711.81	16494.5
2710.6	16645.4
2709.38	16518.8
2708.16	16505.3
2706.95	16497.9
2705.73	16597.3
2704.51	16438
2703.29	16500.4
2702.08	16300.1
2700.86	16418
2699.64	16273.1
2698.42	16294.5
2697.2	16238
2695.98	16265.5
2694.76	16213.1
2693.54	16312.3
2692.32	16259.9
2691.1	16312
2689.88	16390.7
2688.66	16309.7
2687.44	16283.9
2686.22	16180.3
2685	16158.7
2683.78	16274.2
2682.56	16199.4
2681.33	16140.9
2680.11	16027.3
2678.89	16212.2
2677.67	15988.2
2676.44	16093.3
2675.22	16155.6
2674	15925.5
2672.77	15946.9
2671.55	16007
2670.33	16018.2
2669.1	16002.7
2667.88	16001.6
2666.65	15908.6
2665.43	16195.2
2664.2	15996.1
2662.97	15817.5
2661.75	15997.9
2660.52	16000.9
2659.3	16085.3
2658.07	15927.3
2656.84	15746.8
2655.62	15682.6
2654.39	15934.1
2653.16	15853.5
2651.93	15964.4
2650.7	15735.2
2649.48	15844
2648.25	15678.1
2647.02	16020.8
2645.79	15690.2
2644.56	15670.8
2643.33	15639.2
2642.1	15703.2
2640.87	15870.8
2639.64	15843.2
2638.41	15704
2637.18	15790.2
2635.95	15705.8
2634.72	15737.2
2633.48	15622.4
2632.25	15572.7
2631.02	15626.4
2629.79	15588.8
2628.56	15650.6
2627.32	15527.8
2626.09	15695
2624.86	15442.6
2623.62	15540.8
2622.39	15655.3
2621.16	15666.3
2619.92	15446.5
2618.69	15398.8
2617.45	15349.2
2616.22	15336
2614.98	15450.3
2613.75	15336
2612.51	15417.9
2611.27	15224.7
2610.04	15213.6
2608.8	15337.9
2607.57	15219.6
2606.33	15208.5
2605.09	15423.7
2603.85	15228.7
2602.62	15159
2601.38	15101.4
2600.14	15379.1
2598.9	15202.4
2597.66	15033.9
2596.42	15212.5
2595.18	15148.9
2593.94	15091.4
2592.71	15193.3
2591.47	15291.1
2590.23	15155
2588.98	14992.7
2587.74	14937.3
2586.5	14976.7
2585.26	15074.4
2584.02	14998.9
2582.78	15167
2581.54	15254.6
2580.29	15108.6
2579.05	14801.8
2577.81	14919.5
2576.57	14976.9
2575.32	15002
2574.08	14926.7
2572.84	14831.2
2571.59	14864.4
2570.35	14845.4
2569.1	15107.6
2567.86	15054.3
2566.61	14836.5
2565.37	14723.1
2564.12	14836.5
2562.88	14831.6
2561.63	14832.6
2560.39	14825.6
2559.14	14706.3
2557.89	14653.3
2556.65	14776.6
2555.4	14683.5
2554.15	14640.5
2552.9	14555.4
2551.66	14616.6
2550.41	14533.5
2549.16	14300.3
2547.91	14623.8
2546.66	14410.7
2545.41	14529.9
2544.16	14611
2542.91	14536.1
2541.66	14507.1
2540.41	14470.2
2539.16	14425.4
2537.91	14586.4
2536.66	14475.5
2535.41	14346.8
2534.16	14427.8
2532.91	14618.6
2531.66	14380.1
2530.4	14369.2
2529.15	14462.1
2527.9	14231.7
2526.65	14232.8
2525.39	14415.5
2524.14	14219.2
2522.89	14481.5
2521.63	14480.6
2520.38	14039.2
2519.12	14327.3
2517.87	14420.1
2516.61	14172.2
2515.36	14249
2514.1	14102.8
2512.85	14117.8
2511.59	14258.3
2510.33	14082.3
2509.08	14105.4
2507.82	14044.8
2506.56	14099.7
2505.31	13931.8
2504.05	13996.6
2502.79	14192.6
2501.53	14008.9
2500.28	14014
2499.02	14017.2
2497.76	14105.7
2496.5	13904.3
2495.24	13869.7
2493.98	13938.4
2492.72	13864.2
2491.46	13974.5
2490.2	14047
2488.94	13861.7
2487.68	14035.4
2486.42	13701.5
2485.16	13865.3
2483.9	13818.9
2482.63	13909.2
2481.37	13672.7
2480.11	13808.6
2478.85	13991.9
2477.59	13607
2476.32	13865.5
2475.06	13662.9
2473.8	13670
2472.53	13649.5
2471.27	13626.9
2470	13727
2468.74	13663
2467.47	13759
2466.21	13598.2
2464.94	13654.7
2463.68	13657.9
2462.41	13512.9
2461.15	13601.1
2459.88	13533.2
2458.61	13627.2
2457.35	13563.2
2456.08	13680.9
2454.81	13524.2
2453.54	13271
2452.28	13503
2451.01	13387.9
2449.74	13533
2448.47	13433.7
2447.2	13375.9
2445.93	13434.2
2444.66	13618.6
2443.39	13491.8
2442.12	13418.2
2440.85	13305.3
2439.58	13343.9
2438.31	13453.4
2437.04	13322.8
2435.77	13090
2434.5	13201.4
2433.23	13259.7
2431.96	13329.8
2430.68	13187.6
2429.41	13171.1
2428.14	13370.8
2426.87	13142.3
2425.59	13190.6
2424.32	13085.9
2423.04	13281.5
2421.77	13108.1
2420.5	13083.9
2419.22	12932.1
2417.95	13131.5
2416.67	13103.4
2415.4	13008.6
2414.12	13207.8
2412.85	13160.1
2411.57	12916.5
2410.29	13111.7
2409.02	12883.8
2407.74	13061.4
2406.46	13095.9
2405.18	12903.4
2403.91	12914.5
2402.63	12992.1
2401.35	12917.1
2400.07	12928.2
2398.79	12755.5
2397.52	12901.4
2396.24	12951.6
2394.96	12949
2393.68	12922.9
2392.4	12894.9
2391.12	12714.6
2389.84	12956.1
2388.56	12990.5
2387.27	12783
2385.99	12638
2384.71	12666.6
2383.43	12703.1
2382.15	12891.6
2380.87	12619.9
2379.58	12611.5
2378.3	12568
2377.02	12662.9
2375.73	12709.1
2374.45	12644.2
2373.17	12758.4
2371.88	12473.5
2370.6	12591.7
2369.31	12639.7
2368.03	12615.8
2366.74	12492.6
2365.46	12597
2364.17	12543.9
2362.89	12457.8
2361.6	12573.8
2360.31	12571.3
2359.03	12572.6
2357.74	12599.2
2356.45	12606.4
2355.17	12617.4
2353.88	12506.1
2352.59	12427.9
2351.3	12648.5
2350.01	12545.1
2348.72	12563.9
2347.43	12592.3
2346.15	12516.1
2344.86	12422.4
2343.57	12464.5
2342.28	12444.5
2340.99	12350.9
2339.69	12437.5
2338.4	12460.2
2337.11	12138.2
2335.82	12327.4
2334.53	12253.2
2333.24	12285.6
2331.95	12461.1
2330.65	12234.2
2329.36	12316.8
2328.07	12248.5
2326.77	12327.2
2325.48	12249.3
2324.19	12283.6
2322.89	12281.1
2321.6	12218.7
2320.3	12102.3
2319.01	12097.9
2317.71	11983.5
2316.42	12112.3
2315.12	12150.3
2313.83	12271.3
2312.53	12070.2
2311.23	11984.8
2309.94	12082.6
2308.64	12132.2
2307.34	11915.8
2306.05	12025.1
2304.75	12176.8
2303.45	12143.5
2302.15	12077.5
2300.85	12026.9
2299.55	12139.9
2298.25	11960.4
2296.96	11934.9
2295.66	11994
2294.36	11964.6
2293.06	12039.1
2291.76	11986.7
2290.45	11861.2
2289.15	11910.7
2287.85	12019.7
2286.55	11696.4
2285.25	11891.9
2283.95	11743.5
2282.65	11852.5
2281.34	11761.8
2280.04	11567.5
2278.74	11655.3
2277.43	11716.2
2276.13	11694.6
2274.83	11784.3
2273.52	11808.7
2272.22	11837
2270.91	11800.1
2269.61	11682.7
2268.3	11649.7
2267	11875.2
2265.69	11644.9
2264.39	11782.3
2263.08	11672.7
2261.77	11846.3
2260.47	11551.2
2259.16	11503
2257.85	11626.8
2256.54	11808
2255.24	11784.6
2253.93	11581.5
2252.62	11785.5
2251.31	11637.9
2250	11637.4
2248.69	11430.7
2247.38	11468.5
2246.07	11399.3
2244.76	11601.2
2243.45	11595
2242.14	11705.2
2240.83	11588.3
2239.52	11500.2
2238.21	11393
2236.9	11457.3
2235.59	11331.1
2234.27	11285
2232.96	11497.9
2231.65	11488
2230.34	11377.1
2229.02	11365.2
2227.71	11423.8
2226.4	11198.8
2225.08	11341.1
2223.77	11342.6
2222.45	11443
2221.14	11284.7
2219.82	11303.3
2218.51	11280.1
2217.19	11175.2
2215.88	11279.3
2214.56	11166.8
2213.24	11286.1
2211.93	11101.5
2210.61	11230.2
2209.29	11368.3
2207.97	11159.2
2206.66	11082.9
2205.34	11200.1
2204.02	11228.2
2202.7	11150
2201.38	11064.3
2200.06	11208
2198.74	11016.2
2197.42	11080.3
2196.1	11078
2194.78	11066.2
2193.46	11065.9
2192.14	10989.8
2190.82	11080.2
2189.5	11047.7
2188.18	11036
2186.86	11082.9
2185.54	11103.3
2184.21	10864.7
2182.89	11060.9
2181.57	11020.9
2180.24	10914.7
2178.92	10925.7
2177.6	10757.2
2176.27	10909.9
2174.95	11051.1
2173.62	10880.8
2172.3	10788
2170.97	10819.8
2169.65	10744
2168.32	10798.4
2167	10903.6
2165.67	10809
2164.34	10914.2
2163.02	10979.8
2161.69	10841.9
2160.36	10952.7
2159.04	10703.7
2157.71	10758
2156.38	10895.1
2155.05	10708.4
2153.72	10725
2152.39	10741.6
2151.06	10867.3
2149.74	10701.5
2148.41	10659.8
2147.08	10633.2
2145.75	10557.7
2144.41	10720.9
2143.08	10485.7
2141.75	10628.2
2140.42	10618.5
2139.09	10571.2
2137.76	10677.9
2136.43	10591.3
2135.09	10536.6
2133.76	10735.1
2132.43	10539.7
2131.09	10629.4
2129.76	10608.5
2128.43	10572.6
2127.09	10502.9
2125.76	10365.9
2124.42	10506.1
2123.09	10292.3
2121.75	10432.5
2120.42	10404.1
2119.08	10484.3
2117.75	10585.1
2116.41	10564.2
2115.07	10449.8
2113.74	10389.7
2112.4	10357.6
2111.06	10411.6
2109.72	10202
2108.38	10435.3
2107.05	10296.8
2105.71	10184.4
2104.37	10206.6
2103.03	10402.4
2101.69	10340.5
2100.35	10316
2099.01	10338.1
2097.67	10365.8
2096.33	10268.6
2094.99	10374.6
2093.65	10146.9
2092.31	10193.3
2090.97	10232.2
2089.62	10159.2
2088.28	10017.4
2086.94	10246.3
2085.6	10246
2084.25	10299.8
2082.91	10243.7
2081.57	10245.3
2080.22	10232
2078.88	10153.6
2077.53	10227.8
2076.19	10047.2
2074.84	10147.3
2073.5	10054.2
2072.15	10018.6
2070.81	10098.3
2069.46	10164.9
2068.12	10032.8
2066.77	9997.35
2065.42	10015.7
2064.08	9985.79
2062.73	10006
2061.38	9874.07
2060.03	9942.5
2058.68	10031.3
2057.34	9882.77
2055.99	9889.99
2054.64	9880.53
2053.29	9985.94
2051.94	10013.5
2050.59	9874.39
2049.24	9920.48
2047.89	10022.1
2046.54	9927.48
2045.19	9670.07
2043.83	9780.92
2042.48	9823.28
2041.13	9839.74
2039.78	9760.04
2038.43	9953.96
2037.07	9837.31
2035.72	9737.35
2034.37	9801.83
2033.01	9640.96
2031.66	9927.02
2030.31	9793.89
2028.95	9688.49
2027.6	9915.31
2026.24	9682.63
2024.89	9660.33
2023.53	9763.44
2022.17	9591.78
2020.82	9654.31
2019.46	9676.27
2018.11	9663.21
2016.75	9648.3
2015.39	9758.66
2014.03	9684.81
2012.68	9712.26
2011.32	9601.64
2009.96	9507.62
2008.6	9560.85
2007.24	9722.59
2005.88	9722.41
2004.52	9542.02
2003.16	9534.52
2001.8	9493.94
2000.44	9694.12
1999.08	9409.15
1997.72	9513.74
1996.36	9467.68
1995	9583.23
1993.64	9439.88
1992.27	9340.64
1990.91	9468.98
1989.55	9386.29
1988.19	9529.25
1986.82	9497.92
1985.46	9437.27
1984.1	9376.65
1982.73	9380.19
1981.37	9532.16
1980	9447.74
1978.64	9491.56
1977.27	9489.59
1975.91	9357.62
1974.54	9339.2
1973.18	9159.73
1971.81	9441.43
1970.44	9254.7
1969.08	9371.66
1967.71	9249.02
1966.34	9391.52
1964.97	9305.49
1963.61	9192.07
1962.24	9352.77
1960.87	9111.52
1959.5	9169.89
1958.13	9135.11
1956.76	9010.9
1955.39	9313.82
1954.02	9248.01
1952.65	9242.44
1951.28	9120.12
1949.91	9200.29
1948.54	9116.32
1947.17	9127.18
1945.8	9331.22
1944.42	9137.95
1943.05	9205.27
1941.68	8959.29
1940.31	9223.28
1938.93	9174.02
1937.56	9046.51
1936.19	9015.5
1934.81	8969.96
1933.44	9073.59
1932.06	9086.25
1930.69	8993.43
1929.31	9113.36
1927.94	8978.77
1926.56	8967.81
1925.18	9047.69
1923.81	9062.15
1922.43	9083.87
1921.05	8860.46
1919.68	8900.36
1918.3	9049.14
1916.92	8874.86
1915.54	8931.06
1914.17	9007.19
1912.79	8865.67
1911.41	8823.93
1910.03	8793.09
1908.65	8878.24
1907.27	8711.5
1905.89	9119.08
1904.51	8890.78
1903.13	8972.21
1901.75	8968.53
1900.37	8821.85
1898.99	8753.05
1897.6	8859.77
1896.22	8821.74
1894.84	8848.83
1893.46	8937.38
1892.07	8776.43
1890.69	8848.7
1889.31	8658.92
1887.92	8729.37
1886.54	8754.64
1885.15	8698.63
1883.77	8673.34
1882.38	8709.43
1881	8750.91
1879.61	8687.73
1878.23	8783.33
1876.84	8698.52
1875.46	8734.57
1874.07	8777.81
1872.68	8812.01
1871.29	8561.49
1869.91	8795.71
1868.52	8703.8
1867.13	8635.34
1865.74	8754.17
1864.35	8696.53
1862.96	8505.73
1861.57	8736.06
1860.19	8662.27
1858.8	8502.17
1857.4	8664.03
1856.01	8574.12
1854.62	8547.15
1853.23	8771.8
1851.84	8522
1850.45	8428.6
1849.06	8554.35
1847.67	8491.5
1846.27	8688.99
1844.88	8539.99
1843.49	8419.76
1842.09	8453.87
1840.7	8532.81
1839.31	8532.81
1837.91	8606.33
1836.52	8543.57
1835.12	8391.23
1833.73	8502.35
1832.33	8538.19
1830.93	8516.69
1829.54	8505.95
1828.14	8484.46
1826.75	8364.54
1825.35	8441.53
1823.95	8319.87
1822.55	8463.02
1821.16	8420.1
1819.76	8379
1818.36	8191.31
1816.96	8445.18
1815.56	8371.92
1814.16	8359.44
1812.76	8180.85
1811.36	8455.93
1809.96	8370.23
1808.56	8295.28
1807.16	8366.71
1805.76	8254.32
1804.36	8265.07
1802.96	8256.2
1801.56	8258.02
1800.15	8199.23
1798.75	8078.08
1797.35	8416.76
1795.94	8384.7
1794.54	8121.08
1793.14	8195.95
1791.73	8142.58
1790.33	8139.09
1788.92	8249.5
1787.52	8228.19
1786.11	8030.75
1784.71	8253.18
1783.3	8374.14
1781.9	8208.8
1780.49	8199.96
1779.08	8086.27
1777.68	8253.36
1776.27	8127.27
1774.86	8084.71
1773.45	8187.77
1772.05	8255.28
1770.64	8141.71
1769.23	8179.04
1767.82	7937.79
1766.41	8134.79
1765	8195.14
1763.59	8053.34
1762.18	8085.32
1760.77	8205.9
1759.36	8062.41
1757.95	8087.28
1756.54	8151.11
1755.12	8064.39
1753.71	8152.98
1752.3	8191.97
1750.89	8133.61
1749.47	8027.5
1748.06	7972.73
1746.65	7972.82
1745.23	8147.95
1743.82	7999.5
1742.4	8052.6
1740.99	8174.59
1739.58	8006.79
1738.16	7989.2
1736.74	8021.07
1735.33	8169.45
1733.91	8058.28
1732.5	8072.45
1731.08	8033.69
1729.66	7947.32
1728.24	7936.82
1726.83	8152.03
1725.41	8136.2
1723.99	8021.67
1722.57	7961.82
1721.15	7946.04
1719.73	7923.22
1718.31	7990.22
1716.89	8000.86
1715.47	7971
1714.05	7955.23
1712.63	7913.07
1711.21	7890.29
1709.79	8008.22
1708.37	7960.8
1706.95	8031.2
1705.52	7913.48
1704.1	7922.35
1702.68	7989.19
1701.26	8075.33
1699.83	7980.54
1698.41	8019.23
1696.98	7996.47
1695.56	7896.48
1694.14	7922.88
1692.71	8059.8
1691.28	7994.95
1689.86	7996.76
1688.43	7930.19
1687.01	7902.21
1685.58	7844.46
1684.15	7834.03
1682.73	7869.16
1681.3	7890.25
1679.87	7813.28
1678.44	7843.14
1677.02	7946.49
1675.59	7969.3
1674.16	7883.63
1672.73	7936.18
1671.3	7941.49
1669.87	7866.37
1668.44	7901.41
1667.01	7712.72
1665.58	7887.57
1664.15	7913.84
1662.72	7777.67
1661.28	7730.62
1659.85	7742.94
1658.42	7762.24
1656.99	7823.42
1655.55	7835.71
1654.12	7689.26
1652.69	7748.67
1651.25	7790.61
1649.82	7801.16
1648.39	7696.67
1646.95	7874.51
1645.52	7728.24
1644.08	7599.44
1642.64	7717.98
1641.21	7681.52
1639.77	7766.92
1638.34	7732.2
1636.9	7723.59
1635.46	7753.26
1634.02	7682.04
1632.59	7636.94
1631.15	7727.45
1629.71	7777.95
1628.27	7633.8
1626.83	7713.83
1625.39	7574.96
1623.95	7561.19
1622.51	7561.32
1621.07	7599.63
1619.63	7518.18
1618.19	7688.35
1616.75	7584.36
1615.31	7613.97
1613.87	7534.31
1612.43	7598.58
1610.98	7560.57
1609.54	7484.44
1608.1	7425.67
1606.66	7508.96
1605.21	7405.18
1603.77	7469.4
1602.32	7550.9
1600.88	7358.91
1599.43	7397.14
1597.99	7412.86
1596.54	7452.78
1595.1	7639.68
1593.65	7408.11
1592.21	7250.97
1590.76	7415.32
1589.31	7301.43
1587.86	7339.6
1586.42	7455.47
1584.97	7376.18
1583.52	7321.09
1582.07	7307.44
1580.62	7259.29
1579.17	7419.91
1577.72	7433.85
1576.28	7318.44
1574.83	7280.68
1573.37	7448.04
1571.92	7467.13
1570.47	7177.8
1569.02	7314.07
1567.57	7310.79
1566.12	7350.55
1564.67	7297.33
1563.21	7302.65
1561.76	7194.41
1560.31	7366.62
1558.85	7239.49
1557.4	7262.01
1555.95	7236.39
1554.49	7353.45
1553.04	7324.38
1551.58	7178.48
1550.13	7343.57
1548.67	7206.32
1547.21	7122.36
1545.76	7060.75
1544.3	7290.94
1542.84	7201.87
1541.39	7119.69
1539.93	7102.73
1538.47	7147.51
1537.01	7154.55
1535.56	7122.16
1534.1	7223.46
1532.64	7187.65
1531.18	7103.88
1529.72	7097.22
1528.26	7176.18
1526.8	7251.68
1525.34	7149.14
1523.88	7067.18
1522.42	7075.93
1520.95	6992.31
1519.49	6977.13
1518.03	6980.76
1516.57	7109.18
1515.1	6888.9
1513.64	6993.36
1512.18	7046.52
1510.71	7086
1509.25	6937.63
1507.79	6966.87
1506.32	7098.5
1504.86	6987.77
1503.39	7110.81
1501.92	6884.13
1500.46	6967.92
1498.99	7121.58
1497.53	6981.97
1496.06	6985.59
1494.59	7055.65
1493.12	6938.3
1491.66	6923.18
1490.19	6976.18
1488.72	6961.06
1487.25	6842.13
1485.78	6735.15
1484.31	6890.22
1482.84	6902.35
1481.37	6953.58
1479.9	6814.37
1478.43	6886
1476.96	6870.92
1475.49	7037.65
1474.02	6879.86
1472.54	6925.93
1471.07	6820.86
1469.6	6978.97
1468.13	6894.31
1466.65	6780.83
1465.18	6833.66
1463.71	6730.41
1462.23	6851.06
1460.76	6878.41
1459.28	6858.28
1457.81	6758.51
1456.33	6899.38
1454.86	6972.43
1453.38	6804.96
1451.9	6730.68
1450.43	6793.56
1448.95	6900.42
1447.47	6719.56
1445.99	6757.03
1444.52	6709.9
1443.04	6830.21
1441.56	6813.52
1440.08	6742.75
1438.6	6672.01
1437.12	6773.63
1435.64	6768.8
1434.16	6601.83
1432.68	6705.09
1431.2	6793.12
1429.72	6749.46
1428.24	6773.31
1426.75	6731.36
1425.27	6682.68
1423.79	6773.99
1422.31	6824.79
1420.82	6728.92
1419.34	6700.5
1417.86	6629.98
1416.37	6665.61
1414.89	6672.59
1413.4	6676.2
1411.92	6575.43
1410.43	6735.59
1408.95	6717.31
1407.46	6692.3
1405.97	6667.31
1404.49	6605.33
1403	6613.99
1401.51	6649.54
1400.03	6612.81
1398.54	6628.18
1397.05	6567.96
1395.56	6623.64
1394.07	6612.13
1392.58	6667.78
1391.09	6615.99
1389.6	6711.88
1388.11	6549.38
1386.62	6573.12
1385.13	6622
1383.64	6593.74
1382.15	6672.77
1380.66	6614.35
1379.17	6715.12
1377.67	6502.61
1376.18	6633.5
1374.69	6526.58
1373.19	6677.5
1371.7	6525.43
1370.21	6714.77
1368.71	6619.63
1367.22	6578.06
1365.72	6598.37
1364.23	6707.28
1362.73	6608.89
1361.23	6632.52
1359.74	6697.91
1358.24	6684.77
1356.74	6517.99
1355.25	6615.08
1353.75	6525.18
1352.25	6572.16
1350.75	6433.92
1349.25	6589.33
1347.76	6561.22
1346.26	6524.78
1344.76	6635.06
1343.26	6681.95
1341.76	6600.52
1340.26	6562.43
1338.75	6704.26
1337.25	6662.83
1335.75	6653.06
1334.25	6728.19
1332.75	6555.31
1331.25	6590.5
1329.74	6446.01
1328.24	6695.74
1326.74	6579.55
1325.23	6564.82
1323.73	6639.85
1322.22	6588.56
1320.72	6600.42
1319.21	6662.1
1317.71	6720.44
1316.2	6612.72
1314.7	6646.14
1313.19	6721.03
1311.68	6819.12
1310.18	6666.69
1308.67	6647
1307.16	6562.65
1305.65	6544.64
1304.14	6460.35
1302.63	6627.96
1301.13	6522.15
1299.62	6540.61
1298.11	6519.31
1296.6	6582.46
1295.09	6604.2
1293.58	6475.34
1292.06	6502.06
1290.55	6513.88
1289.04	6565.38
1287.53	6514.35
1286.02	6417.05
1284.5	6503.25
1282.99	6518.36
1281.48	6437.64
1279.96	6459.36
1278.45	6457.96
1276.94	6469.76
1275.42	6407.28
1273.91	6387.73
1272.39	6444.08
1270.87	6449.27
1269.36	6330.78
1267.84	6429.98
1266.33	6520.88
1264.81	6509.57
1263.29	6430.71
1261.77	6411.19
1260.26	6398.26
1258.74	6457.79
1257.22	6355.97
1255.7	6489.54
1254.18	6471.67
1252.66	6448.87
1251.14	6389.89
1249.62	6414.81
1248.1	6336.14
1246.58	6338.04
1245.06	6441.83
1243.54	6448.64
1242.01	6350.32
1240.49	6440.9
1238.97	6446.06
1237.45	6365.86
1235.92	6461.3
1234.4	6433.63
1232.88	6376.45
1231.35	6393.1
1229.83	6516.32
1228.3	6465.72
1226.78	6385.63
1225.25	6272.81
1223.72	6348.44
1222.2	6368.34
1220.67	6365.31
1219.14	6264.05
1217.62	6421.46
1216.09	6439.69
1214.56	6340.11
1213.03	6240.58
1211.5	6317.71
1209.98	6422.61
1208.45	6316.58
1206.92	6434.51
1205.39	6166.76
1203.86	6364.71
1202.33	6320.86
1200.79	6293.35
1199.26	6272.38
1197.73	6373.83
1196.2	6357.75
1194.67	6318.83
1193.13	6327.24
1191.6	6260.62
1190.07	6255.99
1188.53	6266.03
1187	6179.91
1185.47	6290.98
1183.93	6276.57
1182.4	6328.94
1180.86	6316.15
1179.33	6274.07
1177.79	6209.22
1176.25	6191.59
1174.72	6178.84
1173.18	6310.86
1171.64	6236.3
1170.1	6247.94
1168.57	6110.03
1167.03	6267.95
1165.49	6183.71
1163.95	6206.72
1162.41	6267.07
1160.87	6264.07
1159.33	6324.38
1157.79	6279.17
1156.25	6094.44
1154.71	6286.15
1153.17	6237.74
1151.63	6275.28
1150.08	6215.54
1148.54	6066.68
1147	6147.99
1145.46	6234.13
1143.91	6218.18
1142.37	6108.32
1140.82	6155.55
1139.28	6159.05
1137.73	6262.89
1136.19	6164.43
1134.64	6150.14
1133.1	6139.08
1131.55	6137.73
1130.01	6217.21
1128.46	6330.59
1126.91	6196.7
1125.36	6190.49
1123.82	6161.67
1122.27	6166.77
1120.72	6165.42
1119.17	6170.52
1117.62	6285.35
1116.07	6212.97
1114.52	6105.15
1112.97	6192.5
1111.42	6050.87
1109.87	6233.3
1108.32	6193.25
1106.77	6209.61
1105.22	6147.03
1103.66	6218.14
1102.11	6219.99
1100.56	6067.3
1099	6239.79
1097.45	6227.15
1095.9	6249.91
1094.34	6271.05
1092.79	6190.87
1091.23	6184.68
1089.68	6082.06
1088.12	6157.85
1086.56	6264.14
1085.01	6259.54
1083.45	6218.02
1081.89	6268.02
1080.34	6196.01
1078.78	6302.17
1077.22	6289.55
1075.66	6223.99
1074.1	6257.9
1072.54	6240.49
1070.98	6306.44
1069.43	6231.32
1067.86	6186.68
1066.3	6348.72
1064.74	6347.32
1063.18	6225.82
1061.62	6272.47
1060.06	6303.1
1058.5	6244.1
1056.93	6271.52
1055.37	6329.31
1053.81	6268.75
1052.24	6224.19
1050.68	6299.54
1049.12	6184.69
1047.55	6301.55
1045.99	6233.07
1044.42	6276.41
1042.85	6306.95
1041.29	6369.41
1039.72	6331.3
1038.16	6320.32
1036.59	6251.92
1035.02	6148.46
1033.45	6421.37
1031.88	6294.01
1030.32	6157.14
1028.75	6345.4
1027.18	6358.34
1025.61	6347.37
1024.04	6312.52
1022.47	6239.48
1020.9	6306.55
1019.33	6238.31
1017.76	6208.29
1016.18	6338.94
1014.61	6262.79
1013.04	6350.45
1011.47	6361.76
1009.89	6317.44
1008.32	6287.43
1006.75	6314.64
1005.17	6235.41
1003.6	6322.95
1002.02	6318.38
1000.45	6228.09
998.873	6282.25
997.297	6355.42
995.721	6254.09
994.145	6289.17
992.568	6325.83
990.991	6322.84
989.413	6240.62
987.835	6356.47
986.257	6150.73
984.678	6293.47
983.099	6358.58
981.52	6369.83
979.94	6233.89
978.36	6200.86
976.78	6289.66
975.199	6353.1
973.618	6256.82
972.037	6293.37
970.455	6187.66
968.873	6211.57
967.29	6044.31
965.707	6268.83
964.124	6226.38
962.541	6329.19
960.957	6323.05
959.373	6247.48
957.788	6220.84
956.203	6367.73
954.618	6386.82
953.032	6386.97
951.446	6297.28
949.86	6196.6
948.273	6291.33
946.686	6401.77
945.099	6379.87
943.511	6252.49
941.923	6262.12
940.334	6329.97
938.745	6300.24
937.156	6328.73
935.567	6346.2
933.977	6395.1
932.387	6277.34
930.796	6422.12
929.205	6320.12
927.614	6314
926.022	6417.83
924.43	6339.45
922.838	6262.68
921.245	6346.04
919.652	6297.55
918.058	6409.11
916.465	6424.94
914.87	6293.34
913.276	6429.91
911.681	6417.51
910.086	6436.45
908.49	6348.84
906.894	6334.89
905.298	6270.83
903.701	6325.8
902.104	6415.19
900.507	6465.4
898.909	6381.03
897.311	6348.32
895.713	6362.54
894.114	6437.74
892.515	6369.08
890.916	6423.93
889.316	6430.31
887.715	6492.93
886.115	6519.59
884.514	6440.05
882.913	6472.96
881.311	6420.01
879.709	6440.42
878.107	6406.22
876.504	6456.26
874.901	6553.07
873.298	6445.58
871.694	6620.29
870.09	6406.86
868.485	6519.17
866.88	6449.17
865.275	6432.15
863.669	6586.42
862.064	6547.59
860.457	6530.56
858.851	6553.99
857.244	6642.76
855.636	6515.29
854.028	6613.35
852.42	6652.29
850.812	6543.56
849.203	6779.85
847.594	6581.02
845.984	6610.61
844.375	6663.49
842.764	6694.6
841.154	6562.71
839.543	6641.94
837.931	6687
836.32	6680.85
834.708	6676.25
833.095	6732.12
831.482	6825.17
829.869	6696.56
828.256	6749.29
826.642	6716.79
825.028	6761.75
823.413	6729.27
821.798	6771.1
820.183	6874.83
818.567	6692.25
816.951	6797.49
815.335	6795.96
813.718	6772.79
812.101	6901.13
810.483	6766.66
808.865	6749.69
807.247	6765.17
805.629	6721.95
804.01	6701.91
802.39	6786.86
800.771	6907.28
799.151	6919.62
797.53	6885.66
795.91	6683.59
794.288	6816.26
792.667	6919.57
791.045	6799.32
789.423	6837.87
787.8	6799.35
786.177	6931.84
784.554	7004.2
782.93	6782.45
781.306	6904.08
779.682	6854.81
778.057	6740.95
776.432	6842.5
774.807	6793.29
773.181	6768.69
771.554	6822.52
769.928	6784.09
768.301	6911.64
766.674	6890.12
765.046	6833.27
763.418	6736.53
761.789	6810.24
760.161	6678.24
758.531	6917.66
756.902	6842.46
755.272	6830.19
753.642	6730.51
752.011	6833.24
750.38	6822.51
748.749	6902.19
747.117	6730.57
745.485	6848.54
743.852	6856.18
742.22	6824.02
740.586	6811.76
738.953	6814.82
737.319	6946.4
735.685	6808.69
734.05	6822.45
732.415	6866.78
730.779	6794.91
729.144	6856.04
727.507	6846.86
725.871	6877.39
724.234	6848.35
722.597	6855.97
720.959	6930.75
719.321	6881.87
717.683	6816.23
716.044	6894.02
714.405	6805.53
712.765	6776.55
711.126	6903.08
709.485	6829.88
707.845	6895.39
706.204	6796.33
704.563	6867.9
702.921	6781.08
701.279	6851.1
699.636	6753.66
697.993	7004.75
696.35	6934.7
694.707	6951.39
693.063	6835.76
691.419	7042.51
689.774	6782.51
688.129	6732.35
686.483	6911.63
684.838	6832.6
683.191	6809.79
681.545	6799.14
679.898	6865.91
678.251	6835.52
676.603	6862.81
674.955	6836.98
673.307	6926.43
671.658	6999.16
670.009	7003.64
668.359	6915.67
666.709	6882.28
665.059	6918.6
663.408	6888.25
661.757	6976.03
660.106	6897.25
658.454	6872.98
656.802	7033.34
655.15	6872.89
653.497	7045.28
651.844	6836.51
650.19	6966.49
648.536	6967.94
646.881	6963.34
645.227	6904.35
643.572	7047.79
641.916	6884.61
640.26	6784.91
638.604	6993.18
636.947	6981.03
635.29	7036.78
633.633	7083.46
631.975	6944.62
630.317	6955.1
628.659	7000.25
627	7137.31
625.34	7067.89
623.681	7057.25
622.021	6951.73
620.36	7058.56
618.7	6986.21
617.038	7010.21
615.377	6916.83
613.715	6960.39
612.053	6949.79
610.39	6937.68
608.727	7056.37
607.064	7006.67
605.4	6931.45
603.736	7036.54
602.071	7012.41
600.406	7055.86
598.741	7013.73
597.075	6988.12
595.409	7019.54
593.743	7022.45
592.076	7064.35
590.409	6956.27
588.741	6929.21
587.073	6980.09
585.405	6978.5
583.736	6985.9
582.067	7006.78
580.397	6984.22
578.728	7039.52
577.057	7030.44
575.387	7118.62
573.716	7016.76
572.044	6977.77
570.373	7040.49
568.7	6967.12
567.028	7074.65
565.355	7016.25
563.682	7065.45
562.008	6930.9
560.334	6968.15
558.66	7008.37
556.985	7054.54
555.31	7111.13
553.634	7137.86
551.958	7042.25
550.282	7140.57
548.605	7119.56
546.928	6998.68
545.25	7077.56
543.573	6982.08
541.894	7138.39
540.216	7227.61
538.537	6937.1
536.857	7100.76
535.178	7029.19
533.497	7177.86
531.817	7174.74
530.136	7165.67
528.455	7137.26
526.773	7061.31
525.091	7126.57
523.408	7133.86
521.725	7161.95
520.042	7075.65
518.359	7084.43
516.675	7113.99
514.99	7039.63
513.305	7113.7
511.62	7195.16
509.935	7135.67
508.249	7125.14
506.562	7098.31
504.876	7154.49
503.189	7141
501.501	7124.55
499.813	7096.26
498.125	7007.27
496.436	7076.73
494.747	7155.04
493.058	7063.14
491.368	7058.56
489.678	7052.51
487.987	7092.3
486.297	7163.12
484.605	7089.05
482.913	7069.7
481.221	7025.23
479.529	6954.2
477.836	7097.33
476.143	7202.01
474.449	7126.56
472.755	7116.07
471.061	7098.21
469.366	7027.25
467.67	6991.73
465.975	7056.47
464.279	7076.97
462.582	6932.39
460.886	7051.62
459.189	7095.67
457.491	7173.57
455.793	7179.29
454.095	7012.77
452.396	7142.14
450.697	7114.02
448.997	7115.33
447.298	7068.11
445.597	7070.9
443.897	7039.88
442.196	7052.96
440.494	7019.01
438.792	7076.16
437.09	7149.44
435.387	7093.47
433.684	7226.9
431.981	7181.21
430.277	7072.44
428.573	7123.63
426.868	7099.99
425.163	7186.34
423.458	7093.8
421.752	7149.33
420.046	7241.47
418.34	7233.94
416.633	7079.96
414.925	7195.48
413.218	7152.83
411.51	7205.34
409.801	7110.03
408.092	7175.69
406.383	7147.72
404.673	7213.34
402.963	7227.76
401.253	7103.32
399.542	7132.37
397.831	7180.4
396.119	7117.41
394.407	7184.4
392.694	7222.17
390.982	7275.97
389.268	7169.23
387.555	7195.3
385.841	7230.1
384.126	7229.9
382.411	7118.89
380.696	7279.04
378.981	7286.1
377.265	7199.93
375.548	7212.83
373.832	7300
372.114	7194.95
370.397	7236.96
368.679	7277.49
366.96	7275.81
365.242	7298.86
363.523	7333.54
361.803	7259.15
360.083	7351.96
358.363	7507.21
356.642	7520
354.921	7436.93
353.199	7449.73
351.477	7453.82
349.755	7491.29
348.032	7524.39
346.309	7397.88
344.586	7544.13
342.862	7577.19
341.137	7649.38
339.413	7596.88
337.688	7529.92
335.962	7633.94
334.236	7653.91
332.51	7794.06
330.783	7890.71
329.056	7854.15
327.328	7904.43
325.601	7963.37
323.872	7816.88
322.144	7971.26
320.414	7944.84
318.685	7940.11
316.955	8134.82
315.225	8206.62
313.494	8061.72
311.763	8097.4
310.031	8153.28
308.299	8174.49
306.567	8188.48
304.834	8208.22
303.101	8220.75
301.368	8239.04
299.634	8317.87
297.9	8232.34
296.165	8240.52
294.43	8274.63
292.694	8279.92
290.958	8344.25
289.222	8345.2
287.485	8285.68
285.748	8231.96
284.011	8214.22
282.273	8371.99
280.534	8234.86
278.795	8342.23
277.056	8348.92
275.317	8263.63
273.577	8228.67
271.836	8282.78
270.096	8356.98
268.355	8425.4
266.613	8394.73
264.871	8398.53
263.129	8522.84
261.386	8340.12
259.643	8427.1
257.899	8370.66
256.155	8527.84
254.411	8530.16
252.666	8476.59
250.921	8541.95
249.175	8550
247.429	8460.67
245.683	8680.59
243.936	8684.29
242.189	8818.21
240.441	8707.44
238.693	8841.28
236.944	8774.89
235.196	8695.65
233.446	8886.57
231.697	8924.51
229.947	8921.01
228.196	8921.79
226.445	8975.4
224.694	8911.93
222.942	8914.14
221.19	8914.92
219.437	9131.11
217.685	9206
215.931	9189.6
214.177	9196.01
212.423	9276.53
210.669	9381.24
208.914	9428.91
207.158	9556.32
205.403	9512.8
203.646	9513.44
201.89	9603.73
200.133	9638.49
