4501.29	9229.21
4500.4	8949.11
4499.52	8981.5
4498.64	9073.27
4497.75	8862.44
4496.87	8863.72
4495.98	8898.93
4495.1	8993.48
4494.22	8788.45
4493.33	8625.88
4492.45	8776.92
4491.56	8891.2
4490.68	8612.91
4489.79	8738.46
4488.9	8725.65
4488.02	8701.55
4487.13	8702.86
4486.25	8520.77
4485.36	8364.14
4484.47	8577.04
4483.59	8541.71
4482.7	8571.24
4481.81	8482.35
4480.93	8339.95
4480.04	8332.87
4479.15	8463.84
4478.26	8473.63
4477.38	8410.19
4476.49	8304.54
4475.6	8376.29
4474.71	8442.4
4473.83	8198.87
4472.94	8219.96
4472.05	8435.17
4471.16	8205.84
4470.27	8224.1
4469.38	8149.55
4468.49	8226.86
4467.6	8228.24
4466.71	8072.22
4465.82	8208.51
4464.93	8153.69
4464.04	8118.56
4463.15	8125.57
4462.26	8155.05
4461.37	8235.05
4460.48	8171.86
4459.59	8167.62
4458.7	8031.5
4457.81	7951.54
4456.92	8101.64
4456.03	8352.66
4455.14	8098.81
4454.24	8192.73
4453.35	7860.51
4452.46	8117
4451.57	8025.91
4450.68	8035.71
4449.78	8011.9
4448.89	8002.1
4448	8168.73
4447.11	7957.31
4446.21	8011.91
4445.32	8192.44
4444.43	8157.43
4443.53	8055.28
4442.64	7936.38
4441.75	8130.78
4440.85	7944.8
4439.96	8172.68
4439.06	7958.79
4438.17	8211.75
4437.27	8056.62
4436.38	8094.33
4435.48	8042.63
4434.59	8130.6
4433.69	8151.52
4432.8	8088.67
4431.9	8157.05
4431.01	8147.25
4430.11	7958.86
4429.22	8250.43
4428.32	8304.78
4427.42	8155.5
4426.53	8265.63
4425.63	8244.66
4424.73	8134.5
4423.84	8308.67
4422.94	8374.1
4422.04	8266.76
4421.14	8075.89
4420.25	8236.02
4419.35	8348.75
4418.45	8191.37
4417.55	8312.43
4416.65	8363.86
4415.76	8429.18
4414.86	8347.02
4413.96	8429.02
4413.06	8561.05
4412.16	8559.55
4411.26	8471.86
4410.36	8537.09
4409.46	8574.51
4408.56	8492.42
4407.66	8571.51
4406.76	8895.03
4405.86	8726.83
4404.96	8575.34
4404.06	8929.23
4403.16	8899.91
4402.26	8873.37
4401.36	8810.77
4400.46	8706.56
4399.56	8965.8
4398.66	8864.38
4397.76	8940.48
4396.85	9022.09
4395.95	9111.99
4395.05	9104.85
4394.15	9097.71
4393.25	9259.59
4392.34	9014.19
4391.44	9198.18
4390.54	9332.26
4389.64	9289.09
4388.73	9287.46
4387.83	9659.48
4386.93	9270.37
4386.02	9562.03
4385.12	9560.35
4384.21	9401.02
4383.31	9297.06
4382.41	9599.56
4381.5	9531.53
4380.6	9452.47
4379.69	9519.9
4378.79	9479.55
4377.88	9527.61
4376.98	9702.7
4376.07	9601.58
4375.17	9917.41
4374.26	9653.43
4373.36	9949.81
4372.45	9721.79
4371.54	10020.8
4370.64	10030.1
4369.73	10100
4368.82	10032.1
4367.92	10102
4367.01	10227
4366.1	10092.9
4365.2	10273
4364.29	10279.5
4363.38	10178.5
4362.47	10454.9
4361.57	10169.5
4360.66	10500.8
4359.75	10278.7
4358.84	10307.2
4357.93	10566.8
4357.02	10383.4
4356.11	10538.3
4355.21	10319.2
4354.3	10441.2
4353.39	10741.7
4352.48	10910.3
4351.57	10751.7
4350.66	10697.6
4349.75	10753.4
4348.84	10707.6
4347.93	10812.8
4347.02	10918
4346.11	10971
4345.2	10982.8
4344.29	10849.1
4343.37	10899.4
4342.46	11031.9
4341.55	11158.9
4340.64	10970.4
4339.73	10930.1
4338.82	11276.3
4337.9	11151
4336.99	11288.8
4336.08	11158
4335.17	11227.3
4334.26	11178.8
4333.34	11078.2
4332.43	11366.5
4331.52	11192
4330.6	11288.6
4329.69	11398.8
4328.78	11287.4
4327.86	11307.3
4326.95	11253.3
4326.03	11467.4
4325.12	11481.8
4324.21	11329.4
4323.29	11554.2
4322.38	11612.3
4321.46	11525.6
4320.55	11747.6
4319.63	11469.6
4318.72	11448.5
4317.8	11591.2
4316.88	11605.5
4315.97	11527.1
4315.05	11636.9
4314.14	11659.4
4313.22	11782.9
4312.3	11772.6
4311.39	11530.5
4310.47	11784.8
4309.55	11769.1
4308.63	11802.5
4307.72	11754
4306.8	11656.6
4305.88	11722.7
4304.96	11723.3
4304.05	11726.7
4303.13	11626.6
4302.21	11891.3
4301.29	11698.7
4300.37	11726.6
4299.45	11898.7
4298.54	11964.6
4297.62	11731.3
4296.7	11862.4
4295.78	11922.9
4294.86	11923.5
4293.94	12163.3
4293.02	12052.5
4292.1	12017.7
4291.18	11852.6
4290.26	12027.1
4289.34	12038.5
4288.42	11984.8
4287.5	11977.2
4286.57	12311.7
4285.65	12089.7
4284.73	12215.1
4283.81	12109.9
4282.89	12151.1
4281.97	12167.9
4281.04	12342
4280.12	11973.9
4279.2	12196.7
4278.28	12297.5
4277.35	12070.5
4276.43	12312.2
4275.51	12104.1
4274.59	12096.6
4273.66	12330
4272.74	12295.3
4271.81	12317.5
4270.89	12361.3
4269.97	12083.2
4269.04	12181.1
4268.12	12362.9
4267.19	12482.4
4266.27	12155.8
4265.34	12415.8
4264.42	12186.6
4263.49	12379
4262.57	12282.2
4261.64	12361.1
4260.72	12423.7
4259.79	12510.6
4258.87	12368
4257.94	12406.3
4257.01	12414.9
4256.09	12334.5
4255.16	12464.5
4254.23	12548.6
4253.31	12592.2
4252.38	12538.8
4251.45	12310.1
4250.52	12555.9
4249.6	12599.5
4248.67	12376.3
4247.74	12557.3
4246.81	12813.7
4245.88	12563.6
4244.96	12472.6
4244.03	12500
4243.1	12476.2
4242.17	12587
4241.24	12342.6
4240.31	12413.1
4239.38	12585.7
4238.45	12715.3
4237.52	12597.4
4236.59	12898.9
4235.66	12778.4
4234.73	12665.9
4233.8	12698.6
4232.87	12645.3
4231.94	12608.2
4231.01	12681.1
4230.08	12783.6
4229.15	12730.3
4228.22	12709.3
4227.28	12580.9
4226.35	12804
4225.42	12764.2
4224.49	12665.4
4223.56	12719.4
4222.62	12813.7
4221.69	12937.4
4220.76	12903
4219.83	12780.1
4218.89	12788.5
4217.96	12845.2
4217.03	12623.3
4216.09	12623.7
4215.16	12862.5
4214.23	12667.4
4213.29	13093.4
4212.36	12697.7
4211.42	12955
4210.49	12837.7
4209.55	12848.8
4208.62	12870.5
4207.68	12860.2
4206.75	12876.7
4205.81	12730
4204.88	12882.8
4203.94	12795
4203.01	13019.8
4202.07	13052.2
4201.13	12972.4
4200.2	13090.3
4199.26	12901.1
4198.32	12928.1
4197.39	12976.5
4196.45	13145
4195.51	12939.9
4194.58	12964.3
4193.64	12978
4192.7	12991.7
4191.76	12784.1
4190.82	13016.4
4189.89	13088.6
4188.95	13091.6
4188.01	13278.4
4187.07	13103
4186.13	13137.9
4185.19	13077
4184.25	13008.1
4183.31	13109.6
4182.37	13243
4181.43	13150.2
4180.49	13238.3
4179.55	13164.1
4178.61	12965
4177.67	13154.1
4176.73	13226.2
4175.79	13083
4174.85	13234.7
4173.91	13362.6
4172.97	13192.8
4172.03	13225
4171.09	13161.6
4170.14	13167.2
4169.2	13284.3
4168.26	13016.6
4167.32	13253
4166.38	13067.6
4165.43	13314.6
4164.49	13306.9
4163.55	13264.8
4162.6	13302.2
4161.66	13212.4
4160.72	13366.4
4159.77	13152
4158.83	13300.7
4157.89	13406.9
4156.94	13404.5
4156	13195.6
4155.05	13264.7
4154.11	13238.5
4153.16	13140.9
4152.22	13180.9
4151.27	13279
4150.33	13205.3
4149.38	13303.4
4148.44	13433.2
4147.49	13415
4146.55	13653.1
4145.6	13095.7
4144.65	13288.9
4143.71	13376.3
4142.76	13189.1
4141.81	13445.5
4140.87	13374.4
4139.92	13593.8
4138.97	13298.4
4138.03	13625.9
4137.08	13214.5
4136.13	13584.1
4135.18	13391.7
4134.23	13576.6
4133.29	13429.1
4132.34	13484.7
4131.39	13458.6
4130.44	13677.5
4129.49	13632.9
4128.54	13562
4127.59	13599.1
4126.64	13409.7
4125.69	13536.3
4124.74	13473.4
4123.79	13573.6
4122.84	13494.8
4121.89	13547.7
4120.94	13555.8
4119.99	13729.5
4119.04	13490.5
4118.09	13593.2
4117.14	13722.2
4116.19	13483.2
4115.24	13480.8
4114.28	13630.7
4113.33	13880.4
4112.38	13660
4111.43	13710.1
4110.48	13558
4109.52	13552.9
4108.57	13642.4
4107.62	13634.7
4106.66	13637.5
4105.71	13795
4104.76	13580.1
4103.8	13601.3
4102.85	13609.4
4101.9	13625.3
4100.94	13730.3
4099.99	13709.5
4099.03	13507.9
4098.08	13709.8
4097.12	13717.8
4096.17	13812.2
4095.21	13623.9
4094.26	13843.9
4093.3	13736.7
4092.35	13831.1
4091.39	13799.8
4090.44	14001.3
4089.48	14009.3
4088.52	13740.1
4087.57	14033
4086.61	13711.7
4085.65	13743.2
4084.7	13725
4083.74	13918.5
4082.78	13889.9
4081.82	13822.1
4080.87	13994.5
4079.91	13981.6
4078.95	13848.6
4077.99	13762.6
4077.03	13979.3
4076.08	13783.8
4075.12	13974.2
4074.16	14026.5
4073.2	13818
4072.24	14089.2
4071.28	14000.7
4070.32	13675.1
4069.36	14060.8
4068.4	13961.9
4067.44	14068.8
4066.48	13959.5
4065.52	14009
4064.56	13881.6
4063.6	13884.3
4062.64	14014.5
4061.68	14066.6
4060.72	13713
4059.75	14144.8
4058.79	14170.8
4057.83	14027.9
4056.87	14033.2
4055.91	13944.9
4054.94	14165.8
4053.98	14176.3
4053.02	14155.5
4052.06	13919.3
4051.09	14044
4050.13	13859.8
4049.17	14033.8
4048.2	14054.6
4047.24	14132.5
4046.27	13904.3
4045.31	14062.6
4044.35	14236.3
4043.38	13961.6
4042.42	14311.6
4041.45	14013.6
4040.49	14119.9
4039.52	13936
4038.56	14303.9
4037.59	14218.4
4036.63	14125.3
4035.66	14047.6
4034.69	14223.7
4033.73	14197.8
4032.76	14156.5
4031.8	14022
4030.83	14311.7
4029.86	14402.2
4028.89	14257.4
4027.93	14182.5
4026.96	14306.6
4025.99	14278.2
4025.02	13965.6
4024.06	14081.9
4023.09	14120.7
4022.12	14221.4
4021.15	14404.7
4020.18	14167.2
4019.21	14363.4
4018.25	14193.1
4017.28	14167.3
4016.31	14273.1
4015.34	14262.8
4014.37	14311.8
4013.4	14144.2
4012.43	14180.3
4011.46	14412.3
4010.49	14229.3
4009.52	14237.1
4008.55	14144.3
4007.58	14280.8
4006.6	14370.9
4005.63	14391.5
4004.66	14244.8
4003.69	14216.5
4002.72	14491.8
4001.75	14538
4000.77	14473.7
3999.8	14381.1
3998.83	14445.3
3997.86	14378.5
3996.88	14414.4
3995.91	14473.5
3994.94	14306.5
3993.96	14568.4
3992.99	14347.5
3992.02	14481
3991.04	14568.2
3990.07	14514.3
3989.1	14360.3
3988.12	14632.2
3987.15	14752.7
3986.17	14593.6
3985.2	14447.3
3984.22	14521.6
3983.25	14319.1
3982.27	14572.8
3981.3	14626.5
3980.32	14521.4
3979.34	14644.3
3978.37	14590.4
3977.39	14723.5
3976.41	14667
3975.44	14439.1
3974.46	14751.3
3973.48	14451.8
3972.51	14630.9
3971.53	14464.5
3970.55	14525.8
3969.57	14523.2
3968.6	14620.3
3967.62	14668.8
3966.64	14617.5
3965.66	14612.3
3964.68	14571.4
3963.7	14627.5
3962.73	14594.2
3961.75	14803.5
3960.77	14765.1
3959.79	14887.4
3958.81	14598.9
3957.83	14601.4
3956.85	14705.9
3955.87	14675.2
3954.89	14851
3953.91	14833
3952.93	14817.6
3951.94	14827.7
3950.96	14733.2
3949.98	14850.3
3949	14776.3
3948.02	14750.7
3947.04	14755.7
3946.06	14707.2
3945.07	14783.4
3944.09	14992
3943.11	14963.8
3942.13	14808.4
3941.14	15009.2
3940.16	14726.8
3939.18	15036.9
3938.19	15171.4
3937.21	15028.9
3936.23	14944.8
3935.24	14751.5
3934.26	14962.3
3933.27	14984.9
3932.29	14880.6
3931.3	14989.7
3930.32	14771.2
3929.33	14951.2
3928.35	15192.1
3927.36	14859.5
3926.38	14788.4
3925.39	14737.5
3924.41	15029
3923.42	14886.8
3922.43	14957.6
3921.45	15213.4
3920.46	14964.8
3919.47	14764.5
3918.49	14885.9
3917.5	15113.7
3916.51	15088.2
3915.52	15070.2
3914.54	15070
3913.55	15029.3
3912.56	15019
3911.57	14879.7
3910.58	14978.1
3909.6	15079.1
3908.61	15091.5
3907.62	15177.3
3906.63	15124
3905.64	14972.1
3904.65	14827.9
3903.66	15133.4
3902.67	15105.4
3901.68	15034.5
3900.69	15054.4
3899.7	15155.2
3898.71	15225.6
3897.72	15041.2
3896.73	15217.6
3895.74	15386.3
3894.74	15166.6
3893.75	15148.8
3892.76	15221.6
3891.77	14989.5
3890.78	15216.1
3889.79	15195.7
3888.79	15119.9
3887.8	15306
3886.81	15124.4
3885.81	15224.9
3884.82	15159.2
3883.83	15141.3
3882.83	15412.9
3881.84	15133.3
3880.85	15004.8
3879.85	15313.9
3878.86	15233.2
3877.86	15278.2
3876.87	15330.7
3875.88	15149.5
3874.88	15420.6
3873.89	15257
3872.89	15417.5
3871.89	15090.7
3870.9	14967.4
3869.9	15361.4
3868.91	15494.1
3867.91	15619.3
3866.91	15400.6
3865.92	15422.9
3864.92	15635.8
3863.92	15495
3862.93	15519.8
3861.93	15246.2
3860.93	15431.4
3859.93	15381
3858.94	15723.9
3857.94	15235.1
3856.94	15427.7
3855.94	15535
3854.94	15449.6
3853.94	15276.5
3852.95	15499
3851.95	15633.8
3850.95	15405.8
3849.95	15072.8
3848.95	15542.7
3847.95	15549.9
3846.95	15682
3845.95	15446.7
3844.95	15453.9
3843.95	15551
3842.95	15490.7
3841.95	15228.1
3840.94	15757.3
3839.94	15559.6
3838.94	15576.8
3837.94	15618.8
3836.94	15561.1
3835.94	15446
3834.93	15500.5
3833.93	15684.7
3832.93	15430
3831.93	15656.6
3830.92	15556.5
3829.92	15825.3
3828.92	15658
3827.91	15562.9
3826.91	15587.5
3825.91	15519.9
3824.9	15477.2
3823.9	15793
3822.89	15919.5
3821.89	15496.1
3820.88	15610.2
3819.88	15607.3
3818.87	15395.5
3817.87	15589.2
3816.86	15743
3815.86	15595.9
3814.85	15665.1
3813.84	15943.1
3812.84	15614.7
3811.83	15688.8
3810.83	15758
3809.82	15710.4
3808.81	15923.5
3807.8	15682.3
3806.8	15701.8
3805.79	15746
3804.78	15594.3
3803.77	15817.2
3802.77	15690.3
3801.76	15603.1
3800.75	15622.5
3799.74	15837.8
3798.73	15758.1
3797.72	15757.7
3796.71	15702.8
3795.7	15650.3
3794.69	16006.5
3793.68	15768.4
3792.67	15817.5
3791.66	15943.3
3790.65	15821.6
3789.64	15751.9
3788.63	16065.6
3787.62	15607.6
3786.61	16072.1
3785.6	15955.4
3784.59	15623.8
3783.58	15779.1
3782.56	16072.7
3781.55	16012.9
3780.54	15938.3
3779.53	16108.3
3778.52	16009
3777.5	16080.1
3776.49	15825.4
3775.48	16069.3
3774.46	15967.7
3773.45	16068.3
3772.44	15781.8
3771.42	15909.6
3770.41	15911.6
3769.39	15849.5
3768.38	16031.4
3767.36	15888
3766.35	15976.3
3765.34	15832.9
3764.32	16076.3
3763.3	16041.3
3762.29	16149.2
3761.27	16072.3
3760.26	15968.5
3759.24	15977.9
3758.23	15997.1
3757.21	16122
3756.19	16264.1
3755.18	16236.6
3754.16	16142.6
3753.14	16090.5
3752.12	16136.7
3751.11	15676.8
3750.09	15985.8
3749.07	16071.3
3748.05	15992.2
3747.03	16190.6
3746.02	15863.6
3745	15922.1
3743.98	16095.8
3742.96	15977.5
3741.94	15974.6
3740.92	16167.8
3739.9	16336.5
3738.88	16164.3
3737.86	15965.3
3736.84	15881.5
3735.82	16194.6
3734.8	16272.5
3733.78	16098
3732.76	16251.8
3731.74	16133.7
3730.71	16052.4
3729.69	16237.9
3728.67	16217.8
3727.65	16508.4
3726.63	15918.3
3725.61	16191.7
3724.58	16127.6
3723.56	16078.2
3722.54	16202.3
3721.51	16433.9
3720.49	16057.1
3719.47	16171.4
3718.44	16053.6
3717.42	16341.3
3716.4	16269.9
3715.37	16264.4
3714.35	15953.9
3713.32	16407.3
3712.3	16245.7
3711.27	16332.9
3710.25	16264.1
3709.22	16419.6
3708.2	16065.5
3707.17	16201.5
3706.15	16249.7
3705.12	16378.2
3704.09	16365.5
3703.07	16223.6
3702.04	16091.6
3701.01	16380.8
3699.99	16148.9
3698.96	16080.2
3697.93	16196.5
3696.9	16135.1
3695.88	16292.7
3694.85	16182.7
3693.82	16437.4
3692.79	16383.3
3691.76	16334.1
3690.74	16503.6
3689.71	16473.9
3688.68	16417.4
3687.65	16251.6
3686.62	16503.6
3685.59	16466.6
3684.56	16427.1
3683.53	16246.9
3682.5	16285.1
3681.47	16359.8
3680.44	16376.2
3679.41	16635.1
3678.38	16375
3677.34	16527.1
3676.31	16424.6
3675.28	16504
3674.25	16406.5
3673.22	16403.4
3672.19	16528.8
3671.15	16726.7
3670.12	16433.1
3669.09	16621.3
3668.06	16390.7
3667.02	16438.5
3665.99	16396.7
3664.96	16451.7
3663.92	16257.6
3662.89	16382.8
3661.85	16486.1
3660.82	16582.2
3659.79	16402.7
3658.75	16271.6
3657.72	16531.9
3656.68	16342.9
3655.65	16356.7
3654.61	16609.7
3653.57	16736.9
3652.54	16388.7
3651.5	16494.2
3650.47	16450.2
3649.43	16717.3
3648.39	16448.9
3647.36	16544.7
3646.32	16479
3645.28	16427.7
3644.25	16480.1
3643.21	16643.3
3642.17	16575.2
3641.13	16355.3
3640.09	16439
3639.06	16573.2
3638.02	16560.5
3636.98	16540.6
3635.94	16535.1
3634.9	16534.4
3633.86	16550.6
3632.82	16672.6
3631.78	16633.4
3630.74	16738.6
3629.7	16463.8
3628.66	16734.8
3627.62	16416.9
3626.58	16795.8
3625.54	16725.4
3624.5	16669.5
3623.46	16471.9
3622.42	16416
3621.38	16689
3620.33	16436.3
3619.29	16783.6
3618.25	16567
3617.21	16643.1
3616.17	16551.2
3615.12	16747.2
3614.08	16327
3613.04	16673.8
3611.99	16661.2
3610.95	16466.4
3609.91	16762.8
3608.86	16786
3607.82	16802
3606.77	16564.3
3605.73	16630.6
3604.69	16720.9
3603.64	16705.8
3602.6	16642.9
3601.55	16455.6
3600.5	16718
3599.46	16538
3598.41	16628.1
3597.37	16675.2
3596.32	16514.4
3595.27	16726.4
3594.23	16596.7
3593.18	16660.4
3592.13	16657.3
3591.09	16585
3590.04	16622.5
3588.99	16781.7
3587.94	16766.6
3586.9	16749.2
3585.85	16712.7
3584.8	16876.5
3583.75	16809
3582.7	16679.5
3581.65	16790.8
3580.6	16842.5
3579.56	16698.8
3578.51	16648
3577.46	16766.4
3576.41	16663.3
3575.36	16776.8
3574.31	16573.8
3573.26	16901.5
3572.2	16879.3
3571.15	16835.7
3570.1	16811.2
3569.05	16743.8
3568	16716.9
3566.95	16763.7
3565.9	16601.4
3564.84	16897.7
3563.79	17103.6
3562.74	16739.4
3561.69	16650.7
3560.63	16991.9
3559.58	16884.3
3558.53	16755.4
3557.47	16832.9
3556.42	16571.2
3555.37	16864.6
3554.31	17018
3553.26	16699.4
3552.2	16810.1
3551.15	16541.5
3550.09	16910.5
3549.04	16869.4
3547.98	16700.4
3546.93	16555.2
3545.87	16703.7
3544.82	16643.7
3543.76	16908.2
3542.71	16883.7
3541.65	16698.3
3540.59	16865.6
3539.54	16796.2
3538.48	16838
3537.42	16811.2
3536.36	16886.1
3535.31	16743.4
3534.25	16747.4
3533.19	16817.5
3532.13	16748.2
3531.07	16593.9
3530.02	16796.3
3528.96	16814.4
3527.9	16967.1
3526.84	16822.3
3525.78	16672.8
3524.72	16808.9
3523.66	16742.1
3522.6	16753.1
3521.54	16695.7
3520.48	16900.1
3519.42	16663.6
3518.36	16950.3
3517.3	16751.6
3516.24	16786.2
3515.17	16886.7
3514.11	16933
3513.05	16616.6
3511.99	16728.9
3510.93	16803.4
3509.87	16689.7
3508.8	16698.3
3507.74	16866.9
3506.68	16779.1
3505.61	16895.9
3504.55	16838.6
3503.49	16957.7
3502.42	16898.1
3501.36	16812.7
3500.3	17159.6
3499.23	16764.1
3498.17	16967.7
3497.1	16952.8
3496.04	16944.9
3494.97	16894.8
3493.91	16553.7
3492.84	16738.3
3491.77	16878.2
3490.71	16786
3489.64	16785.1
3488.58	16683.5
3487.51	16692.1
3486.44	16742.9
3485.38	16941.3
3484.31	16471.9
3483.24	16700.7
3482.17	16702.2
3481.11	17247
3480.04	16770.9
3478.97	16681.2
3477.9	16879.3
3476.83	16630.4
3475.77	16938.4
3474.7	16649.9
3473.63	16883
3472.56	16847.1
3471.49	16628.9
3470.42	16737.9
3469.35	16767.5
3468.28	16948.9
3467.21	16817.3
3466.14	16891.2
3465.07	16759.6
3464	16922.2
3462.92	16788.3
3461.85	16729.1
3460.78	16812.3
3459.71	16820.8
3458.64	16796.7
3457.57	16896.1
3456.49	17009.5
3455.42	17139.2
3454.35	16956.5
3453.28	16878.8
3452.2	16910.6
3451.13	16837.5
3450.06	16832
3448.98	16719.4
3447.91	17200.5
3446.83	16829.5
3445.76	16879.9
3444.68	16802.2
3443.61	16966.6
3442.53	16779.6
3441.46	16860.2
3440.38	16933.7
3439.31	16802.7
3438.23	16860
3437.16	16854.5
3436.08	16997.7
3435	16931.8
3433.93	16796.2
3432.85	16844.1
3431.77	16943.1
3430.7	16714.8
3429.62	16911.2
3428.54	16645.8
3427.46	16665.9
3426.39	16820.5
3425.31	16824.3
3424.23	16728.4
3423.15	16878.2
3422.07	16481.1
3420.99	16915.9
3419.91	16782.9
3418.83	16860.8
3417.75	17038.3
3416.68	16648.4
3415.6	16726.3
3414.51	16730.1
3413.43	16708.4
3412.35	16816.3
3411.27	16857.1
3410.19	16724.4
3409.11	16945.6
3408.03	16912.3
3406.95	16691.9
3405.87	16873.6
3404.78	16958.2
3403.7	16744.8
3402.62	16739.3
3401.54	16666.9
3400.45	16809.2
3399.37	16942.2
3398.29	16765.9
3397.2	16790.5
3396.12	17052.6
3395.04	17065.5
3393.95	16960.8
3392.87	16757
3391.78	16647.9
3390.7	16829.1
3389.61	16756.8
3388.53	16673
3387.44	16646.8
3386.36	16687.4
3385.27	16672.8
3384.19	16844.6
3383.1	16873.6
3382.01	16647.2
3380.93	16726.9
3379.84	16746.7
3378.75	16803.4
3377.67	16464.5
3376.58	16610.8
3375.49	16499.6
3374.4	16629.8
3373.31	16734.6
3372.23	16685.5
3371.14	17137.2
3370.05	16755
3368.96	16786.3
3367.87	16670.6
3366.78	16807.5
3365.69	16648.3
3364.6	16904.4
3363.51	16775
3362.42	16739.7
3361.33	16844.3
3360.24	16893.9
3359.15	16583.5
3358.06	16704.2
3356.97	16783.5
3355.88	16993.4
3354.79	16809.2
3353.69	16751.1
3352.6	16841.8
3351.51	17115.5
3350.42	16737
3349.33	16713.2
3348.23	16774.1
3347.14	16912.7
3346.05	16806.6
3344.95	16828.6
3343.86	16601.4
3342.77	16838.2
3341.67	16814.5
3340.58	16797.6
3339.48	16965.7
3338.39	16578.8
3337.29	16815.4
3336.2	16773.4
3335.1	16722.3
3334.01	16748.8
3332.91	16814.1
3331.82	16671.7
3330.72	16527.2
3329.62	16861.5
3328.53	16703.3
3327.43	16570.2
3326.33	16738
3325.24	16500.1
3324.14	16845.6
3323.04	16796.8
3321.94	16595.5
3320.85	16772.2
3319.75	16712.1
3318.65	16611.1
3317.55	16455.5
3316.45	16607.1
3315.35	16622.1
3314.25	16589.4
3313.16	16699.9
3312.06	16824.1
3310.96	16420.8
3309.86	16842.7
3308.76	17023.6
3307.66	16922.6
3306.55	16603.7
3305.45	16412.1
3304.35	16620.1
3303.25	16837.1
3302.15	16729.5
3301.05	16837.5
3299.95	16725.4
3298.84	16529.5
3297.74	16660.1
3296.64	16577.6
3295.54	16538.2
3294.43	16725.4
3293.33	16423.1
3292.23	16454
3291.12	16691
3290.02	16683.3
3288.92	16686.9
3287.81	16595.4
3286.71	16676
3285.6	16774.7
3284.5	16531.7
3283.39	16677.8
3282.29	17029.8
3281.18	16608.2
3280.08	16785.9
3278.97	16547.6
3277.86	16777.2
3276.76	16679.1
3275.65	16610.4
3274.54	16455.9
3273.44	16640.3
3272.33	16689
3271.22	16498.5
3270.12	16337.3
3269.01	16530.5
3267.9	16504.8
3266.79	16736.3
3265.68	16439.9
3264.57	16520.2
3263.47	16422.4
3262.36	16730.3
3261.25	16501.8
3260.14	16620.3
3259.03	16837.9
3257.92	16708.6
3256.81	16579.3
3255.7	16661.7
3254.59	16633.7
3253.48	16468.5
3252.37	16469.9
3251.25	16453.2
3250.14	16582.8
3249.03	16550.4
3247.92	16466.3
3246.81	16629.5
3245.69	16628.6
3244.58	16670.4
3243.47	16402.1
3242.36	16524.7
3241.24	16674.3
3240.13	16430.9
3239.02	16555.7
3237.9	16548
3236.79	16484.3
3235.68	16391.4
3234.56	16397.2
3233.45	16517.5
3232.33	16545.7
3231.22	16473.1
3230.1	16559.6
3228.99	16540.7
3227.87	16394.2
3226.75	16507.5
3225.64	16412.5
3224.52	16588.6
3223.41	16388.3
3222.29	16562.1
3221.17	16478.3
3220.05	16309.6
3218.94	16673.4
3217.82	16381.6
3216.7	16309.2
3215.58	16109.3
3214.47	16472.9
3213.35	16375.8
3212.23	16301.2
3211.11	16257.9
3209.99	16426.8
3208.87	16470.5
3207.75	16398.1
3206.63	16435.2
3205.51	16418.7
3204.39	16399.9
3203.27	16756
3202.15	16349
3201.03	16303.5
3199.91	16353.9
3198.79	16495.7
3197.67	16376.6
3196.55	16197.4
3195.42	16461.7
3194.3	16253.6
3193.18	16540.1
3192.06	16427.8
3190.93	16511.5
3189.81	16261.2
3188.69	16206.9
3187.56	16502
3186.44	16307.5
3185.32	16411.1
3184.19	16205.6
3183.07	16289.2
3181.94	16321.7
3180.82	16136.3
3179.7	16235.4
3178.57	16205.6
3177.44	16364.7
3176.32	16159.4
3175.19	16407.3
3174.07	16362
3172.94	16074.7
3171.82	16295.8
3170.69	16124
3169.56	16313.9
3168.43	16364
3167.31	16340.9
3166.18	16320
3165.05	16175
3163.92	16222.9
3162.8	16408.2
3161.67	16167.9
3160.54	16222.4
3159.41	16082
3158.28	16267.1
3157.15	16432.3
3156.02	16174.6
3154.89	16187
3153.76	16177.2
3152.63	16353.3
3151.5	16102.4
3150.37	16198.9
3149.24	16027.7
3148.11	16316.4
3146.98	16138.7
3145.85	16449.4
3144.72	16282.7
3143.59	16286.2
3142.45	16088.7
3141.32	16187.2
3140.19	16078.1
3139.06	16333.3
3137.92	16367.7
3136.79	16313.8
3135.66	16242.3
3134.52	16087
3133.39	16176.5
3132.26	16162.4
3131.12	16302.5
3129.99	16098.8
3128.85	15912.9
3127.72	15920.8
3126.58	16430.9
3125.45	16093.1
3124.31	16134
3123.18	16029.6
3122.04	16196
3120.9	16021.3
3119.77	16016
3118.63	15986.5
3117.49	16113.2
3116.36	16004.5
3115.22	16001.5
3114.08	16134.7
3112.95	15874.4
3111.81	15981.2
3110.67	15934.2
3109.53	15977.3
3108.39	16187.2
3107.25	16109.4
3106.11	16196.3
3104.98	16204.2
3103.84	16260.3
3102.7	15897.4
3101.56	16030.3
3100.42	15968
3099.28	16168.8
3098.14	15964.1
3096.99	16057.4
3095.85	15883.4
3094.71	16189.2
3093.57	15938.6
3092.43	15992.5
3091.29	16077
3090.15	15949.1
3089	15808.1
3087.86	15993.3
3086.72	15922.4
3085.57	16181.8
3084.43	16064.9
3083.29	15867.2
3082.14	16060.9
3081	15966
3079.86	15840.6
3078.71	16149.9
3077.57	15823.5
3076.42	16093.5
3075.28	15911.3
3074.13	15975.9
3072.99	16001.2
3071.84	15947.9
3070.7	15818.3
3069.55	16247.2
3068.4	15777.3
3067.26	16029.4
3066.11	16006.7
3064.96	15979.6
3063.82	15935.1
3062.67	15688
3061.52	15800.4
3060.37	15830
3059.23	15720.3
3058.08	15708.5
3056.93	15979.8
3055.78	15776.5
3054.63	15797.3
3053.48	15883.5
3052.33	15873.9
3051.18	15644.6
3050.03	15596
3048.88	15673.4
3047.73	15816
3046.58	15730.3
3045.43	15849
3044.28	15748.1
3043.13	15836.3
3041.98	16006.9
3040.83	15932.2
3039.68	15820.6
3038.52	15639.6
3037.37	15821
3036.22	15804.9
3035.07	15739
3033.91	15584.1
3032.76	15780.6
3031.61	15552.1
3030.45	15657.4
3029.3	15873.2
3028.14	15733.7
3026.99	15700.3
3025.84	15744.9
3024.68	15622.8
3023.53	15784.3
3022.37	15850.5
3021.22	15741.4
3020.06	15712.3
3018.9	15806.6
3017.75	15600.3
3016.59	15562.7
3015.44	15663.4
3014.28	15783.6
3013.12	15724.3
3011.96	15680.2
3010.81	15530.3
3009.65	15782.1
3008.49	15612.8
3007.33	15577.4
3006.18	15401.7
3005.02	15726.7
3003.86	15618
3002.7	15386.3
3001.54	15689.5
3000.38	15445
2999.22	15536.9
2998.06	15686.9
2996.9	15681.7
2995.74	15538.6
2994.58	15462.3
2993.42	15655.3
2992.26	15613.5
2991.1	15694.5
2989.94	15669.9
2988.77	15772.3
2987.61	15605.7
2986.45	15563.9
2985.29	15502.9
2984.12	15471.9
2982.96	15569.9
2981.8	15693.7
2980.64	15581.1
2979.47	15584.5
2978.31	15441.8
2977.14	15479.6
2975.98	15624.8
2974.82	15196.6
2973.65	15567.2
2972.49	15429
2971.32	15299.4
2970.16	15461.6
2968.99	15514.3
2967.82	15281.9
2966.66	15501.9
2965.49	15537.4
2964.33	15397.2
2963.16	15387.8
2961.99	15494.1
2960.83	15225.5
2959.66	15458.1
2958.49	15480.8
2957.32	15338.6
2956.15	15299.2
2954.99	15443.9
2953.82	15346.8
2952.65	15525.6
2951.48	15481.9
2950.31	15384.8
2949.14	15347.6
2947.97	15301.9
2946.8	15431.4
2945.63	15473.3
2944.46	15275.9
2943.29	15319.9
2942.12	15293.4
2940.95	15134.6
2939.78	15302.4
2938.61	15182
2937.44	15486.3
2936.26	15299.8
2935.09	15258.5
2933.92	15325.9
2932.75	15354.9
2931.57	15096.1
2930.4	15321.2
2929.23	15203.1
2928.05	15172.5
2926.88	15282.4
2925.71	15277.3
2924.53	15001.8
2923.36	15167
2922.18	15232.1
2921.01	15014.3
2919.83	15128.3
2918.66	15123.3
2917.48	15203.2
2916.31	15074.8
2915.13	15099.5
2913.95	15236.9
2912.78	15195.6
2911.6	14963.2
2910.42	15130.2
2909.25	15146.4
2908.07	14977.8
2906.89	14981.2
2905.71	15095.1
2904.54	15196.1
2903.36	15002.2
2902.18	15296.2
2901	14926.3
2899.82	15169.4
2898.64	15157.9
2897.46	15135.9
2896.28	15226.2
2895.1	15070.6
2893.92	15133.4
2892.74	15083.8
2891.56	15011
2890.38	15111.8
2889.2	15398.8
2888.02	15137.6
2886.84	15268
2885.65	14871.5
2884.47	15037.8
2883.29	15119.4
2882.11	15023.4
2880.92	14823.9
2879.74	15091.5
2878.56	15008.3
2877.38	15070.8
2876.19	15082.7
2875.01	14853.8
2873.82	14905.8
2872.64	14852.2
2871.45	14819.7
2870.27	15015.2
2869.08	15168.3
2867.9	15262.4
2866.71	15061.2
2865.53	14862.1
2864.34	14838.1
2863.16	14803.6
2861.97	14981.9
2860.78	14981.1
2859.6	14845.5
2858.41	14882.6
2857.22	14835.4
2856.03	14838.9
2854.85	14644.4
2853.66	14925.6
2852.47	14823.8
2851.28	14774.6
2850.09	14828.5
2848.9	14741.5
2847.71	14736.5
2846.52	15065.7
2845.34	14953.5
2844.15	14856
2842.96	14754.4
2841.76	14888
2840.57	14811.6
2839.38	14586.1
2838.19	14635.7
2837	14754.6
2835.81	14881.8
2834.62	14799.1
2833.43	14785.7
2832.23	14600.4
2831.04	14664.6
2829.85	14663.8
2828.65	14625.3
2827.46	14618.3
2826.27	14711.8
2825.07	14801
2823.88	14731.1
2822.69	14669.6
2821.49	14901.1
2820.3	14433.6
2819.1	14734.2
2817.91	14595.3
2816.71	14496.2
2815.52	14528.9
2814.32	14534.4
2813.13	14548.3
2811.93	14652
2810.73	14362.9
2809.54	14744.4
2808.34	14513.9
2807.14	14678.1
2805.94	14721.1
2804.75	14672.3
2803.55	14475.3
2802.35	14533
2801.15	14674.1
2799.95	14650.3
2798.75	14670.4
2797.56	14730
2796.36	14420.7
2795.16	14420
2793.96	14365
2792.76	14493.5
2791.56	14578.1
2790.36	14458.6
2789.16	14572.3
2787.95	14448.7
2786.75	14414.7
2785.55	14459.7
2784.35	14527.6
2783.15	14703.6
2781.95	14222.4
2780.74	14311.1
2779.54	14499.5
2778.34	14617.2
2777.13	14473
2775.93	14576.1
2774.73	14427.8
2773.52	14121.8
2772.32	14480.3
2771.12	14332.1
2769.91	14447.6
2768.71	14270.4
2767.5	14307
2766.3	14109.2
2765.09	14276.5
2763.89	14396
2762.68	14306.1
2761.47	14321.9
2760.27	14385.4
2759.06	14229.3
2757.85	14315.5
2756.65	14205
2755.44	14189.8
2754.23	14069
2753.02	14343.6
2751.81	14349
2750.61	14042
2749.4	14167.5
2748.19	14129.6
2746.98	14234.3
2745.77	14192.2
2744.56	14220.4
2743.35	14308.5
2742.14	14239.6
2740.93	14005.4
2739.72	14103.8
2738.51	14134.1
2737.3	14203.5
2736.09	14301.9
2734.88	14092.7
2733.66	14199.2
2732.45	13981.9
2731.24	14183.3
2730.03	13916.6
2728.82	14134.4
2727.6	13964.7
2726.39	14126.8
2725.18	13940.6
2723.96	14042.9
2722.75	14013.3
2721.53	13827.3
2720.32	13775.2
2719.11	14009.1
2717.89	13880.8
2716.68	13952.2
2715.46	13914.4
2714.25	13833.5
2713.03	13777.3
2711.81	13984.3
2710.6	14094.6
2709.38	14163.7
2708.16	13809.5
2706.95	13893.1
2705.73	13937.6
2704.51	13850.6
2703.29	13835.6
2702.08	13839
2700.86	13787
2699.64	13741.2
2698.42	13925.1
2697.2	13842.4
2695.98	13751.4
2694.76	13595
2693.54	13860.8
2692.32	13636.7
2691.1	13804.1
2689.88	13594.4
2688.66	13845.7
2687.44	13732.4
2686.22	13725.5
2685	13808.8
2683.78	13662.8
2682.56	13754.2
2681.33	13759.7
2680.11	13666.9
2678.89	13666.3
2677.67	13847.6
2676.44	13601.6
2675.22	13709.2
2674	13614.6
2672.77	13703.8
2671.55	13719.4
2670.33	13604.4
2669.1	13638.5
2667.88	13803.1
2666.65	13608.5
2665.43	13646.7
2664.2	13597
2662.97	13629
2661.75	13636.5
2660.52	13566.5
2659.3	13343.6
2658.07	13355.3
2656.84	13387.2
2655.62	13610.7
2654.39	13445.1
2653.16	13397.6
2651.93	13604.6
2650.7	13373.9
2649.48	13487.3
2648.25	13743
2647.02	13581.6
2645.79	13332.8
2644.56	13407.4
2643.33	13394.6
2642.1	13517.9
2640.87	13618.9
2639.64	13274.8
2638.41	13335.2
2637.18	13564.1
2635.95	13431.4
2634.72	13382
2633.48	13472.7
2632.25	13352.3
2631.02	13329.4
2629.79	13292.2
2628.56	13614.1
2627.32	13209.9
2626.09	13176.8
2624.86	13210.7
2623.62	13489.8
2622.39	13369.6
2621.16	13405.4
2619.92	13305.5
2618.69	13268.4
2617.45	13356.9
2616.22	13279.3
2614.98	13157.3
2613.75	13213.3
2612.51	13190.5
2611.27	13189.9
2610.04	13225.7
2608.8	13249.3
2607.57	13161.8
2606.33	13330.9
2605.09	13409.1
2603.85	13273.1
2602.62	13300.7
2601.38	13112.3
2600.14	13289.4
2598.9	13048.5
2597.66	13126.6
2596.42	13031.2
2595.18	13119.4
2593.94	13044.1
2592.71	13065.7
2591.47	13024.8
2590.23	12965.8
2588.98	13227.2
2587.74	13002.9
2586.5	13054.7
2585.26	12979.6
2584.02	13130.1
2582.78	13008.6
2581.54	12909.4
2580.29	13033.6
2579.05	13103.5
2577.81	13006.3
2576.57	13241
2575.32	12977
2574.08	12964.3
2572.84	13066.3
2571.59	12894.8
2570.35	12745.6
2569.1	12901.7
2567.86	12901.1
2566.61	12784.1
2565.37	12799.6
2564.12	12845.2
2562.88	12957.1
2561.63	12806
2560.39	12683
2559.14	12790.8
2557.89	12830.4
2556.65	12892
2555.4	12757.1
2554.15	12636.3
2552.9	12826.1
2551.66	12839.6
2550.41	12823
2549.16	12680.2
2547.91	12667.7
2546.66	12671.2
2545.41	12814.7
2544.16	12668.1
2542.91	12791.6
2541.66	12823
2540.41	12566.5
2539.16	12546
2537.91	12721.4
2536.66	12413
2535.41	12588.4
2534.16	12707.7
2532.91	12687.2
2531.66	12502.9
2530.4	12668.1
2529.15	12549.8
2527.9	12675
2526.65	12453
2525.39	12556.2
2524.14	12438
2522.89	12547.2
2521.63	12560.6
2520.38	12420.6
2519.12	12469.9
2517.87	12417.6
2516.61	12574.5
2515.36	12436.5
2514.1	12579.4
2512.85	12694.3
2511.59	12295.6
2510.33	12402.6
2509.08	12543.4
2507.82	12282.3
2506.56	12474.7
2505.31	12329
2504.05	12193.4
2502.79	12411.5
2501.53	12246.1
2500.28	12323.1
2499.02	12332.5
2497.76	12246.7
2496.5	12401.1
2495.24	12358.9
2493.98	12217.4
2492.72	12230.9
2491.46	12264.1
2490.2	12142.6
2488.94	12152.1
2487.68	12129.8
2486.42	12184.9
2485.16	12366.8
2483.9	12057.1
2482.63	12128
2481.37	12214.7
2480.11	12204.3
2478.85	12304.8
2477.59	12282.5
2476.32	12226.6
2475.06	12208.3
2473.8	12328.5
2472.53	12223.2
2471.27	11866.7
2470	12200.5
2468.74	12079.4
2467.47	12025.6
2466.21	12052.8
2464.94	12052.3
2463.68	12113.1
2462.41	11931
2461.15	11952.3
2459.88	11813.6
2458.61	11892.2
2457.35	12100.9
2456.08	11865.7
2454.81	11754.8
2453.54	11841.2
2452.28	12016.3
2451.01	11867.9
2449.74	11970
2448.47	11741
2447.2	11819.4
2445.93	11945
2444.66	11940.7
2443.39	11830
2442.12	11837.4
2440.85	11874.4
2439.58	11807.1
2438.31	11863.7
2437.04	11865.2
2435.77	11829.4
2434.5	11654
2433.23	11871.8
2431.96	11619.8
2430.68	11874.9
2429.41	11552.3
2428.14	11648.1
2426.87	11637.9
2425.59	11519.7
2424.32	11678.4
2423.04	11503.3
2421.77	11355.8
2420.5	11530
2419.22	11769
2417.95	11564.6
2416.67	11611.3
2415.4	11595.2
2414.12	11385.1
2412.85	11457.3
2411.57	11494.2
2410.29	11550.6
2409.02	11530.6
2407.74	11262
2406.46	11502.5
2405.18	11553
2403.91	11403.9
2402.63	11266.6
2401.35	11334.7
2400.07	11436.1
2398.79	11424
2397.52	11353.3
2396.24	11358.8
2394.96	11483.5
2393.68	11457.7
2392.4	11355.8
2391.12	11257.8
2389.84	11273.1
2388.56	11298.2
2387.27	11254.9
2385.99	11389.2
2384.71	11262
2383.43	11287.1
2382.15	11181.4
2380.87	11181.1
2379.58	11223.7
2378.3	11359.8
2377.02	11304.9
2375.73	11339.6
2374.45	11041.2
2373.17	11013.7
2371.88	11139.9
2370.6	11122.1
2369.31	11248.3
2368.03	11251.9
2366.74	11070.6
2365.46	11134.5
2364.17	11291.7
2362.89	11081.4
2361.6	11061.6
2360.31	10938.9
2359.03	10961.9
2357.74	10973.3
2356.45	11109
2355.17	11017.4
2353.88	11094.8
2352.59	10747
2351.3	11026.2
2350.01	10934.7
2348.72	11052.8
2347.43	10918.7
2346.15	10740
2344.86	10982.1
2343.57	10846.1
2342.28	10861.4
2340.99	10814.6
2339.69	10827.9
2338.4	10926.4
2337.11	10885.4
2335.82	10668.4
2334.53	10846.2
2333.24	10919.4
2331.95	10706.3
2330.65	10750.6
2329.36	10723.3
2328.07	10620.5
2326.77	10804
2325.48	10587.2
2324.19	10415
2322.89	10810.9
2321.6	10511.2
2320.3	10570.9
2319.01	10657.6
2317.71	10574.3
2316.42	10680.3
2315.12	10701.2
2313.83	10699.1
2312.53	10640.9
2311.23	10631.1
2309.94	10669.4
2308.64	10615.2
2307.34	10595.7
2306.05	10458.6
2304.75	10437.2
2303.45	10421.6
2302.15	10537
2300.85	10444.3
2299.55	10413.3
2298.25	10451.6
2296.96	10411
2295.66	10433.9
2294.36	10441.4
2293.06	10462.3
2291.76	10398.7
2290.45	10367.7
2289.15	10392.5
2287.85	10359.7
2286.55	10313.4
2285.25	10320.9
2283.95	10409
2282.65	10324.4
2281.34	10262.7
2280.04	10443
2278.74	10469.6
2277.43	10074.2
2276.13	10200.7
2274.83	10223.5
2273.52	10119.8
2272.22	10234.7
2270.91	10347.6
2269.61	10161.5
2268.3	10090.5
2267	10304.8
2265.69	10161.1
2264.39	10057.5
2263.08	10153.1
2261.77	10101.3
2260.47	10030.3
2259.16	10097.1
2257.85	10068.3
2256.54	9976.38
2255.24	10081.4
2253.93	10094.6
2252.62	10019.9
2251.31	9928.11
2250	9884.06
2248.69	10130.3
2247.38	9880.02
2246.07	9893.27
2244.76	9933.23
2243.45	9891.14
2242.14	10032.2
2240.83	9950.03
2239.52	10077.7
2238.21	9837.29
2236.9	9829.56
2235.59	9848.51
2234.27	9751.23
2232.96	9743.52
2231.65	9688.2
2230.34	9924.24
2229.02	9754.68
2227.71	9861.17
2226.4	9632.7
2225.08	9771.52
2223.77	9739.08
2222.45	9794.14
2221.14	9752.21
2219.82	9771.12
2218.51	9814.73
2217.19	9617
2215.88	9721.42
2214.56	9859.99
2213.24	9734.53
2211.93	9707.85
2210.61	9561.6
2209.29	9428.68
2207.97	9644.96
2206.66	9542.44
2205.34	9610.66
2204.02	9676.96
2202.7	9504.34
2201.38	9485.33
2200.06	9500.44
2198.74	9591.34
2197.42	9352.57
2196.1	9515.43
2194.78	9509.69
2193.46	9583.47
2192.14	9460.36
2190.82	9573.86
2189.5	9445.13
2188.18	9443.19
2186.86	9552.84
2185.54	9318.3
2184.21	9373.1
2182.89	9323.92
2181.57	9284.21
2180.24	9304.98
2178.92	9476.85
2177.6	9380.48
2176.27	9252.04
2174.95	9459.69
2173.62	9061.39
2172.3	9180.3
2170.97	9321.79
2169.65	9172.75
2168.32	9197.27
2167	9170.87
2165.67	9233.07
2164.34	9248.14
2163.02	9227.4
2161.69	9233.03
2160.36	9204.77
2159.04	9225.47
2157.71	9146.38
2156.38	9264.97
2155.05	9078.63
2153.72	9044.78
2152.39	9048.56
2151.06	9123.81
2149.74	9095.61
2148.41	9033.58
2147.08	8988.48
2145.75	9007.31
2144.41	9123.82
2143.08	9076.86
2141.75	9121.94
2140.42	9028.06
2139.09	8934.21
2137.76	8889.2
2136.43	8928.65
2135.09	8908.05
2133.76	9039.4
2132.43	9007.53
2131.09	8840.67
2129.76	8904.46
2128.43	8810.79
2127.09	8917.66
2125.76	8814.65
2124.42	8822.2
2123.09	8837.24
2121.75	8717.46
2120.42	8891.63
2119.08	8799.96
2117.75	8712.07
2116.41	8931.02
2115.07	8751.5
2113.74	8725.38
2112.4	8753.5
2111.06	8835.8
2109.72	8774.18
2108.38	8807.87
2107.05	8705.18
2105.71	8714.59
2104.37	8710.92
2103.03	8576.57
2101.69	8578.53
2100.35	8642.08
2099.01	8597.38
2097.67	8608.66
2096.33	8644.19
2094.99	8716.98
2093.65	8586.55
2092.31	8459.9
2090.97	8573.69
2089.62	8486.22
2088.28	8532.89
2086.94	8397.05
2085.6	8547.99
2084.25	8414.05
2082.91	8561.2
2081.57	8460.82
2080.22	8459.07
2078.88	8438.72
2077.53	8386.76
2076.19	8370.16
2074.84	8292.21
2073.5	8392.71
2072.15	8337.09
2070.81	8428.25
2069.46	8367.08
2068.12	8263.21
2066.77	8408.17
2065.42	8295.06
2064.08	8365.72
2062.73	8258.23
2061.38	8352.98
2060.03	8241.83
2058.68	8227.15
2057.34	8368.19
2055.99	8207.06
2054.64	8199.8
2053.29	8177.72
2051.94	8274.2
2050.59	8183.59
2049.24	8339.28
2047.89	8196.87
2046.54	8202.57
2045.19	8199.02
2043.83	8180.67
2042.48	8104.99
2041.13	8112.56
2039.78	8212.56
2038.43	8087.01
2037.07	8146.32
2035.72	7952.47
2034.37	8287.04
2033.01	8065.53
2031.66	8091.56
2030.31	7905.26
2028.95	7857.48
2027.6	8138.19
2026.24	7955.7
2024.89	7935.6
2023.53	7884.16
2022.17	8018.97
2020.82	7984.12
2019.46	7951.13
2018.11	7973.43
2016.75	7953.36
2015.39	7979.33
2014.03	7973.99
2012.68	7883.96
2011.32	7889.69
2009.96	7751.86
2008.6	7880.89
2007.24	7879.25
2005.88	7754.38
2004.52	7749.1
2003.16	7773.23
2001.8	7723.82
2000.44	7871.07
1999.08	7751.84
1997.72	7845.76
1996.36	7735.76
1995	7763.54
1993.64	7734.38
1992.27	7870.44
1990.91	7780.72
1989.55	7634.16
1988.19	7625.23
1986.82	7638.32
1985.46	7644.06
1984.1	7662.64
1982.73	7607.89
1981.37	7575.16
1980	7648.69
1978.64	7559.18
1977.27	7603.39
1975.91	7576.18
1974.54	7616.7
1973.18	7384.52
1971.81	7490.94
1970.44	7524.13
1969.08	7465.87
1967.71	7610.6
1966.34	7501.15
1964.97	7472.17
1963.61	7483.41
1962.24	7447.13
1960.87	7377.99
1959.5	7297.93
1958.13	7446.13
1956.76	7431.8
1955.39	7607.29
1954.02	7541.84
1952.65	7350.53
1951.28	7396.42
1949.91	7420.41
1948.54	7209.19
1947.17	7420.96
1945.8	7508.72
1944.42	7359.56
1943.05	7356.2
1941.68	7261.78
1940.31	7240.23
1938.93	7340.67
1937.56	7368.26
1936.19	7419.5
1934.81	7321.52
1933.44	7296.35
1932.06	7289.37
1930.69	7191.47
1929.31	7217.24
1927.94	7281.17
1926.56	7145.17
1925.18	7194.55
1923.81	7100.41
1922.43	7204.26
1921.05	7097.44
1919.68	7206.69
1918.3	7109
1916.92	7250.86
1915.54	7109.66
1914.17	7140.82
1912.79	7034.15
1911.41	7094.32
1910.03	7192.53
1908.65	6980.81
1907.27	7075.38
1905.89	7222.44
1904.51	6969.18
1903.13	7002.13
1901.75	7044.11
1900.37	6899.65
1898.99	6959.73
1897.6	6996.27
1896.22	7099.72
1894.84	6964.41
1893.46	6977.41
1892.07	7003.07
1890.69	6878.71
1889.31	6933.28
1887.92	6935.44
1886.54	6901.48
1885.15	6946.98
1883.77	6878.73
1882.38	6868.26
1881	6854.19
1879.61	6791.41
1878.23	6856.73
1876.84	6752.49
1875.46	6852.05
1874.07	6926.34
1872.68	6804.12
1871.29	6786.48
1869.91	6801.27
1868.52	6774.63
1867.13	6782.21
1865.74	6937.43
1864.35	6730.76
1862.96	6729.35
1861.57	6731.54
1860.19	6816.48
1858.8	6759.29
1857.4	6752.48
1856.01	6679.15
1854.62	6654.38
1853.23	6665.56
1851.84	6725.25
1850.45	6748.99
1849.06	6677.53
1847.67	6649.19
1846.27	6737.56
1844.88	6637.43
1843.49	6609.11
1842.09	6589.78
1840.7	6559.7
1839.31	6743.04
1837.91	6621.49
1836.52	6532.26
1835.12	6645.59
1833.73	6518.77
1832.33	6580.1
1830.93	6594.84
1829.54	6500.33
1828.14	6522.24
1826.75	6431.37
1825.35	6428.23
1823.95	6534.23
1822.55	6518.55
1821.16	6467.1
1819.76	6546.2
1818.36	6498.34
1816.96	6389.74
1815.56	6386.61
1814.16	6603.23
1812.76	6467.87
1811.36	6329
1809.96	6511.57
1808.56	6397.74
1807.16	6307.16
1805.76	6459.28
1804.36	6379.43
1802.96	6322.79
1801.56	6444.5
1800.15	6400.36
1798.75	6308.11
1797.35	6365.59
1795.94	6378.5
1794.54	6366.47
1793.14	6260.05
1791.73	6342.42
1790.33	6428.31
1788.92	6245.41
1787.52	6251.22
1786.11	6208.98
1784.71	6310.83
1783.3	6233.04
1781.9	6247.72
1780.49	6217.96
1779.08	6186.44
1777.68	6156.71
1776.27	6091.46
1774.86	6266
1773.45	6206.08
1772.05	6254.48
1770.64	6194.59
1769.23	6179.09
1767.82	6053.59
1766.41	6087.79
1765	6051.03
1763.59	6095.85
1762.18	6112.29
1760.77	6047.2
1759.36	5973.27
1757.95	6076.54
1756.54	6110.68
1755.12	6026.16
1753.71	6145.27
1752.3	5951.04
1750.89	6002.87
1749.47	5946.75
1748.06	5966.72
1746.65	6106.95
1745.23	5895.24
1743.82	6026.58
1742.4	5954.61
1740.99	5972.79
1739.58	5828.42
1738.16	6047.98
1736.74	5850.68
1735.33	5870.63
1733.91	6030.03
1732.5	5949.33
1731.08	5935.72
1729.66	5840.97
1728.24	6024.92
1726.83	5940.77
1725.41	5971.25
1723.99	5890.67
1722.57	5861.22
1721.15	5916.36
1719.73	5707.25
1718.31	5890.96
1716.89	5958.39
1715.47	5893.75
1714.05	5800.98
1712.63	5833.19
1711.21	5779.17
1709.79	5853.58
1708.37	5790.79
1706.95	5828.24
1705.52	5769
1704.1	5766.02
1702.68	5763.04
1701.26	5782.9
1699.83	5748.31
1698.41	5726.02
1696.98	5617.72
1695.56	5849.96
1694.14	5638.15
1692.71	5740.46
1691.28	5586.64
1689.86	5716.98
1688.43	5675.44
1687.01	5837.26
1685.58	5671.28
1684.15	5649.05
1682.73	5682.89
1681.3	5662.42
1679.87	5599.93
1678.44	5668.77
1677.02	5653.56
1675.59	5620.86
1674.16	5633.67
1672.73	5557.25
1671.3	5561.32
1669.87	5546.15
1668.44	5602.66
1667.01	5491.36
1665.58	5532.13
1664.15	5503
1662.72	5456.42
1661.28	5542.58
1659.85	5504.73
1658.42	5585.6
1656.99	5514.61
1655.55	5555.31
1654.12	5439
1652.69	5408.2
1651.25	5419.25
1649.82	5425.07
1648.39	5409.98
1646.95	5445.42
1645.52	5482.59
1644.08	5385.62
1642.64	5389.7
1641.21	5573.1
1639.77	5354.33
1638.34	5372.34
1636.9	5402.51
1635.46	5370.05
1634.02	5365.43
1632.59	5324.29
1631.15	5439.64
1629.71	5438.48
1628.27	5492.93
1626.83	5363.19
1625.39	5360.31
1623.95	5393.9
1622.51	5253.86
1621.07	5410.7
1619.63	5258.56
1618.19	5307.76
1616.75	5266.73
1615.31	5350.59
1613.87	5224.6
1612.43	5207.88
1610.98	5170.37
1609.54	5283.64
1608.1	5285.98
1606.66	5168.8
1605.21	5254.29
1603.77	5144.08
1602.32	5213.96
1600.88	5098.62
1599.43	5102.73
1597.99	5250.41
1596.54	5020.99
1595.1	5185.92
1593.65	5238.41
1592.21	5216.55
1590.76	5077.18
1589.31	5121.02
1587.86	5156.2
1586.42	5155.1
1584.97	5207.53
1583.52	5277.19
1582.07	5117.28
1580.62	5060.97
1579.17	5092.67
1577.72	5060.53
1576.28	5068.07
1574.83	5054.92
1573.37	5105.55
1571.92	5142.37
1570.47	5051.68
1569.02	4985.14
1567.57	5001.3
1566.12	4984.73
1564.67	4985.39
1563.21	4999.81
1561.76	4962.61
1560.31	4985.63
1558.85	4919.21
1557.4	4978.34
1555.95	5056.36
1554.49	4952.15
1553.04	4925.31
1551.58	4898.48
1550.13	4926.63
1548.67	5047.52
1547.21	4886.75
1545.76	4830.77
1544.3	4881.23
1542.84	4866.45
1541.39	4855.12
1539.93	4800.9
1538.47	4925.06
1537.01	4767.99
1535.56	4991.51
1534.1	4788.22
1532.64	4806.04
1531.18	4818.72
1529.72	4764.59
1528.26	4741.31
1526.8	4832.74
1525.34	4860.8
1523.88	4786.18
1522.42	4740.67
1520.95	4741.36
1519.49	4866.89
1518.03	4817.98
1516.57	4781.05
1515.1	4703.12
1513.64	4592.75
1512.18	4754.05
1510.71	4694.96
1509.25	4755.43
1507.79	4710.02
1506.32	4772.16
1504.86	4702.88
1503.39	4691.63
1501.92	4717.92
1500.46	4548.08
1498.99	4640.87
1497.53	4639.88
1496.06	4533.22
1494.59	4728.19
1493.12	4662.44
1491.66	4520.08
1490.19	4588.92
1488.72	4737.74
1487.25	4683.96
1485.78	4606.38
1484.31	4584.98
1482.84	4560.18
1481.37	4594.91
1479.9	4600.72
1478.43	4387.25
1476.96	4546.06
1475.49	4604.55
1474.02	4562.79
1472.54	4522.75
1471.07	4598.18
1469.6	4502.13
1468.13	4513.04
1466.65	4506.98
1465.18	4439.84
1463.71	4532.17
1462.23	4468.45
1460.76	4509.88
1459.28	4563.15
1457.81	4413.03
1456.33	4508.66
1454.86	4538.18
1453.38	4521.96
1451.9	4421.08
1450.43	4457.37
1448.95	4395.48
1447.47	4489.3
1445.99	4378.36
1444.52	4416.32
1443.04	4232.74
1441.56	4346.79
1440.08	4366.14
1438.6	4334.78
1437.12	4254.43
1435.64	4375.14
1434.16	4372.51
1432.68	4352.99
1431.2	4242.32
1429.72	4310.6
1428.24	4307.99
1426.75	4325.62
1425.27	4247.09
1423.79	4303.51
1422.31	4285.72
1420.82	4293.23
1419.34	4319.26
1417.86	4230.72
1416.37	4162.42
1414.89	4254.15
1413.4	4273.44
1411.92	4252.32
1410.43	4263.18
1408.95	4211.78
1407.46	4269.75
1405.97	4146.04
1404.49	4180.46
1403	4174.51
1401.51	4074.44
1400.03	4129.02
1398.54	4190.29
1397.05	4201.14
1395.56	4183.44
1394.07	4125.45
1392.58	4213.53
1391.09	4256.25
1389.6	4033.84
1388.11	4081.62
1386.62	4142.79
1385.13	4217.35
1383.64	4134.29
1382.15	4128.37
1380.66	4122.45
1379.17	4175.17
1377.67	4057.01
1376.18	4208.53
1374.69	4083.72
1373.19	4087.86
1371.7	4142.2
1370.21	4131.26
1368.71	3993.19
1367.22	4069.26
1365.72	4075.07
1364.23	4072.52
1362.73	4019.82
1361.23	3998.9
1359.74	4104.96
1358.24	4048.94
1356.74	3981.27
1355.25	4050.53
1353.75	3992.9
1352.25	4082.15
1350.75	4087.94
1349.25	3943.59
1347.76	3979.43
1346.26	4021.92
1344.76	3946.03
1343.26	3946.84
1341.76	4007.64
1340.26	3980.11
1338.75	3997.57
1337.25	4049.99
1335.75	3910.92
1334.25	3930.05
1332.75	3855.97
1331.25	3954.96
1329.74	3852.63
1328.24	4008.13
1326.74	3875.9
1325.23	3993.09
1323.73	3930.73
1322.22	3951.47
1320.72	3948.95
1319.21	3860.07
1317.71	3895.76
1316.2	4042.67
1314.7	3844.27
1313.19	3770.42
1311.68	3840.94
1310.18	3833.47
1308.67	3855.86
1307.16	3884.86
1305.65	3877.39
1304.14	3838.42
1302.63	3830.96
1301.13	3831.78
1299.62	3802.79
1298.11	3770.51
1296.6	3893.85
1295.09	3899.62
1293.58	3852.44
1292.06	3803.62
1290.55	3708.51
1289.04	3684.55
1287.53	3758.15
1286.02	3848.25
1284.5	3764.78
1282.99	3759
1281.48	3771.4
1279.96	3735.89
1278.45	3784.62
1276.94	3805.25
1275.42	3715.3
1273.91	3691.38
1272.39	3650.99
1270.87	3699.67
1269.36	3781.32
1267.84	3719.49
1266.33	3720.33
1264.81	3627.23
1263.29	3748.37
1261.77	3717.9
1260.26	3705.56
1258.74	3760.73
1257.22	3682.54
1255.7	3643.88
1254.18	3657.9
1252.66	3714.68
1251.14	3689.2
1249.62	3599.59
1248.1	3700.74
1246.58	3606.24
1245.06	3667.9
1243.54	3588.24
1242.01	3607.17
1240.49	3543.97
1238.97	3538.27
1237.45	3567.05
1235.92	3572.83
1234.4	3573.69
1232.88	3551.59
1231.35	3596.73
1229.83	3522.16
1228.3	3564.01
1226.78	3546.85
1225.25	3546.07
1223.72	3637.04
1222.2	3495.38
1220.67	3519.18
1219.14	3621.56
1217.62	3512.73
1216.09	3485.78
1214.56	3527.56
1213.03	3485.89
1211.5	3535.83
1209.98	3450.03
1208.45	3529.37
1206.92	3489.38
1205.39	3433.06
1203.86	3466.61
1202.33	3472.39
1200.79	3414.47
1199.26	3492.09
1197.73	3336.27
1196.2	3506.88
1194.67	3431.06
1193.13	3399.32
1191.6	3349.65
1190.07	3383.16
1188.53	3377.53
1187	3412.64
1185.47	3289.69
1183.93	3386.71
1182.4	3356.65
1180.86	3427.56
1179.33	3356.81
1177.79	3317.01
1176.25	3405.78
1174.72	3437.57
1173.18	3350.61
1171.64	3328.74
1170.1	3261.35
1168.57	3216.75
1167.03	3357.42
1165.49	3241.33
1163.95	3230.87
1162.41	3309.74
1160.87	3331.75
1159.33	3217.38
1157.79	3159.87
1156.25	3254.91
1154.71	3127.66
1153.17	3133.46
1151.63	3249.53
1150.08	3219.63
1148.54	3236.75
1147	3150.16
1145.46	3217.51
1143.91	3121.24
1142.37	3135.13
1140.82	3262.34
1139.28	3247.06
1137.73	3196.18
1136.19	3184.15
1134.64	3083.16
1133.1	3181.13
1131.55	3127.07
1130.01	3165.18
1128.46	3177.42
1126.91	3167.02
1125.36	3109.78
1123.82	3122.02
1122.27	3072.89
1120.72	3068.99
1119.17	3058.63
1117.62	3137.02
1116.07	3158.92
1114.52	3127.58
1112.97	3060.77
1111.42	3103.63
1109.87	3046.53
1108.32	3128.05
1106.77	3095.14
1105.22	3076.73
1103.66	3125.98
1102.11	3122.07
1100.56	3142.31
1099	3016.08
1097.45	3074.96
1095.9	3056.58
1094.34	2998.01
1092.79	3047.2
1091.23	3077.07
1089.68	3065.14
1088.12	3067.68
1086.56	3055.76
1085.01	3037.41
1083.45	3019.08
1081.89	2946.16
1080.34	3088.37
1078.78	3092.51
1077.22	3099.85
1075.66	3153.7
1074.1	3040.74
1072.54	3024.04
1070.98	3138.79
1069.43	3120.47
1067.86	3094.14
1066.3	3088.65
1064.74	3087.97
1063.18	3002.42
1061.62	3123.43
1060.06	3015.5
1058.5	3062.84
1056.93	3079.76
1055.37	3071.09
1053.81	3038.42
1052.24	3050.54
1050.68	2984.33
1049.12	2996.46
1047.55	3099.65
1045.99	3036.66
1044.42	2952.95
1042.85	2989.02
1041.29	2977.18
1039.72	3045.15
1038.16	3049.26
1036.59	3078.9
1035.02	3039.94
1033.45	2986.65
1031.88	2985.99
1030.32	2972.57
1028.75	3045.22
1027.18	2958.51
1025.61	3075.73
1024.04	3038.42
1022.47	2980.43
1020.9	2962.26
1019.33	3001.39
1017.76	2953
1016.18	2980.97
1014.61	2954.87
1013.04	2919.23
1011.47	2967.87
1009.89	2948.14
1008.32	2944.31
1006.75	3035.79
1005.17	2931.88
1003.6	3026.51
1002.02	2954.4
1000.45	3023.58
998.873	2915
997.297	2938.15
995.721	2912.12
994.145	2938.44
992.568	2936.2
990.991	2978.34
989.413	2906.37
987.835	2878.79
986.257	2974.78
984.678	2985.2
983.099	2967.12
981.52	2912.65
979.94	2904.09
978.36	2857.56
976.78	2912.29
975.199	2938.53
973.618	2939.46
972.037	2843.95
970.455	2901.8
968.873	2883.77
967.29	2884.71
965.707	2873.02
964.124	2864.48
962.541	2892.26
960.957	2853.74
959.373	2864.15
957.788	2956.6
956.203	2908.62
954.618	2948.97
953.032	2919.94
951.446	2901.95
949.86	2857.18
948.273	2828.18
946.686	2827.55
945.099	2891.5
943.511	2911.32
941.923	2863.45
940.334	2892.71
938.745	2881.06
937.156	2850.52
935.567	2846.74
933.977	2847.68
932.387	2774.73
930.796	2819.7
929.205	2911.78
927.614	2864
926.022	2902.63
924.43	2886.28
922.838	2836.97
921.245	2908.54
919.652	2884.35
918.058	2786.43
916.465	2771.7
914.87	2818.12
913.276	2941.36
911.681	2876.43
910.086	2835.05
908.49	2759.21
906.894	2793.05
905.298	2862.91
903.701	2818.43
902.104	2899.2
900.507	2864.12
898.909	2843.14
897.311	2945.76
895.713	2888.79
894.114	2902.22
892.515	2873.43
890.916	2908.74
889.316	2925.28
887.715	2835.58
886.115	2886.49
884.514	2829.63
882.913	2913.3
881.311	2942.31
879.709	2924.49
878.107	2930.07
876.504	2934.1
874.901	2878.86
873.298	2889.13
871.694	2905.63
870.09	2982.91
868.485	2972.89
866.88	2877.2
865.275	2977.79
863.669	2916.4
862.064	2879.94
860.457	2986.69
858.851	3099.61
857.244	3014.91
855.636	3065.56
854.028	2977.8
852.42	3012.89
850.812	2971.8
849.203	2891.88
847.594	3118.06
845.984	3022.62
844.375	3043.68
842.764	2977.79
841.154	3081.12
839.543	2976.46
837.931	3037.85
836.32	2984.43
834.708	2985.31
833.095	2998.6
831.482	3050.63
829.869	2970.91
828.256	3081.8
826.642	3079.56
825.028	3052.54
823.413	3073.54
821.798	3096.07
820.183	3143.35
818.567	3128.72
816.951	3072.33
815.335	3113.4
813.718	3061.67
812.101	3093.45
810.483	3145.31
808.865	3104.43
807.247	3114.54
805.629	3059.78
804.01	3110.06
802.39	3104.73
800.771	3094.77
799.151	3200.55
797.53	3094.92
795.91	3154.38
794.288	3121.29
792.667	3094.38
791.045	3047.44
789.423	3056
787.8	3063.02
786.177	3028.44
784.554	3046.24
782.93	3080.97
781.306	3031.02
779.682	2998.02
778.057	3094.28
776.432	3058.21
774.807	2976
773.181	2993.79
771.554	2960.83
769.928	3093.88
768.301	3027.11
766.674	2988.02
765.046	3007.32
763.418	3035.82
761.789	3064.3
760.161	3017.57
758.531	2950.9
756.902	2916.49
755.272	2911.23
753.642	2982.65
752.011	3001.91
750.38	2978.24
748.749	2982.16
747.117	3015.2
745.485	3012.99
743.852	2961.77
742.22	2965.7
740.586	2928.29
738.953	2912.33
737.319	2943.8
735.685	2955.38
734.05	2951.65
732.415	2937.23
730.779	2971.72
729.144	2920.62
727.507	2968.86
725.871	2916.25
724.234	2924.75
722.597	3032.51
720.959	2947.86
719.321	2941.09
717.683	2926.69
716.044	2977.9
714.405	3012.31
712.765	2895.74
711.126	2922.53
709.485	2972.16
707.845	2950.16
706.204	2845.9
704.563	2968.63
702.921	2958.82
701.279	2874.42
699.636	2992.49
697.993	3003.99
696.35	2899.86
694.707	2972.21
693.063	2944.17
691.419	2855.32
689.774	2947.4
688.129	2890.5
686.483	2946.06
684.838	3000.08
683.191	2929.55
681.545	2918.25
679.898	2946.44
678.251	2888.1
676.603	2951.17
674.955	2886.79
673.307	2808.79
671.658	2830.9
670.009	2871.19
668.359	2832.65
666.709	2800.19
665.059	2984.37
663.408	2924.63
661.757	2834.63
660.106	2882.43
658.454	2984.7
656.802	3023.37
655.15	2928.88
653.497	2932.76
651.844	2950.24
650.19	2976.78
648.536	2995.76
646.881	2911.97
645.227	2977.78
643.572	2863.82
641.916	3006.64
640.26	2947.07
638.604	2944.9
636.947	2871.79
635.29	2939.03
633.633	2899.15
631.975	2949.76
630.317	2956.63
628.659	2943.9
627	2950.77
625.34	2889.83
623.681	2967.51
622.021	2968.34
620.36	2886.36
618.7	2963.98
617.038	2891.07
615.377	2920.51
613.715	3005.59
612.053	2961.29
610.39	2966.63
608.727	2890.8
607.064	2917.19
605.4	2912.02
603.736	2900.84
602.071	2931.73
600.406	2880.01
598.741	2966.42
597.075	3000.27
595.409	2887.05
593.743	2895.39
592.076	2906.73
590.409	2970.55
588.741	2900.91
587.073	2970.7
585.405	2992.5
583.736	2957.36
582.067	2970.17
580.397	3017.41
578.728	2889.47
577.057	3057.95
575.387	2965.97
573.716	2960.8
572.044	2964.62
570.373	3004.32
568.7	3033.54
567.028	3128.51
565.355	3029.17
563.682	3050.89
562.008	3012.85
560.334	2991.26
558.66	3005.5
556.985	3054.08
555.31	3004.14
553.634	3057.16
551.958	3044.53
550.282	3084.11
548.605	3052.09
546.928	3027.54
545.25	3056.66
543.573	3030.63
541.894	3018.03
540.216	2992.02
538.537	3031.54
536.857	3096.35
535.178	3019.74
533.497	3083.03
531.817	3106.13
530.136	2964.13
528.455	3128.5
526.773	3078.73
525.091	3036.41
523.408	3089.21
521.725	3008.28
520.042	3067.01
518.359	3084.12
516.675	3090.84
514.99	3165.83
513.305	3080.53
511.62	3146.58
509.935	3074.67
508.249	3066.55
506.562	3142.94
504.876	3053.29
503.189	3088.16
501.501	3074.12
499.813	3134.15
498.125	3084.56
496.436	3138.63
494.747	3089.07
493.058	3049.89
491.368	3109.85
489.678	3044.06
487.987	3084.77
486.297	3039.71
484.605	3198.65
482.913	3079.69
481.221	3121.83
479.529	3039.88
477.836	3194.24
476.143	3087.21
474.449	3151.45
472.755	3130.07
471.061	3113.12
469.366	3068.15
467.67	3157.41
465.975	3136.05
464.279	3066.05
462.582	3206.82
460.886	3194.3
459.189	3137.59
457.491	3111.84
455.793	3146.46
454.095	3157.51
452.396	3118.53
450.697	3107.51
448.997	3087.67
447.298	3150.21
445.597	3136.25
443.897	3141.41
442.196	3164.2
440.494	3211.97
438.792	3175.97
437.09	3095.94
435.387	3140.74
433.684	3157.64
431.981	3165.72
430.277	3225.15
428.573	3105.59
426.868	3118.07
425.163	3198
423.458	3122.5
421.752	3129.11
420.046	3251.48
418.34	3192.13
416.633	3165.04
414.925	3187.74
413.218	3203.11
411.51	3165.78
409.801	3220.66
408.092	3124.83
406.383	3096.32
404.673	3195.04
402.963	3191.38
401.253	3205.26
399.542	3260.05
397.831	3291.44
396.119	3165.08
394.407	3164.35
392.694	3290.63
390.982	3243.17
389.268	3219.07
387.555	3186.24
385.841	3248.22
384.126	3263.51
382.411	3191.33
380.696	3224.12
378.981	3265.63
377.265	3189.12
375.548	3237.91
373.832	3228.43
372.114	3232.05
370.397	3215.29
368.679	3216.01
366.96	3194.9
365.242	3335.25
363.523	3242.87
361.803	3291.55
360.083	3283.53
358.363	3272.6
356.642	3212.27
354.921	3329.19
353.199	3309.54
351.477	3212.95
349.755	3261.56
348.032	3282.58
346.309	3236.85
344.586	3237.55
342.862	3257.1
341.137	3278.1
339.413	3281.69
337.688	3293.98
335.962	3338.13
334.236	3324.32
332.51	3280.11
330.783	3318.44
329.056	3261.22
327.328	3244.55
325.601	3223.54
323.872	3263.3
322.144	3206.15
320.414	3365.89
318.685	3233.57
316.955	3306.53
315.225	3318.77
313.494	3378.67
311.763	3388
310.031	3278.93
308.299	3330.13
306.567	3303.39
304.834	3321.38
303.101	3234.06
301.368	3378.97
299.634	3274.38
297.9	3388.94
296.165	3362.21
294.43	3377.28
292.694	3333.29
290.958	3338.28
289.222	3327.42
287.485	3404.39
285.748	3292.78
284.011	3264.68
282.273	3376.13
280.534	3320.7
278.795	3315.61
277.056	3313.41
275.317	3252.28
273.577	3313.31
271.836	3275.19
270.096	3303.15
268.355	3266.49
266.613	3369.09
264.871	3343.91
263.129	3294.35
261.386	3214.69
259.643	3321.51
257.899	3253.35
256.155	3302.76
254.411	3274.77
252.666	3190.9
250.921	3287.57
249.175	3316.88
247.429	3224.48
245.683	3306.75
243.936	3204.37
242.189	3339.56
240.441	3327.34
238.693	3329.43
236.944	3347.24
235.196	3264.98
233.446	3284.23
231.697	3302.04
229.947	3235.56
228.196	3276.23
226.445	3331.15
224.694	3316.1
222.942	3393.83
221.19	3317.41
219.437	3329.48
217.685	3288.77
215.931	3297.99
214.177	3382.75
212.423	3346.34
210.669	3274.31
208.914	3286.37
207.158	3318.36
205.403	3260.64
203.646	3342.44
201.89	3390.05
200.133	3349.42
