4501.29	18019.9
4500.4	18065.1
4499.52	18175.2
4498.64	17951.4
4497.75	18038.8
4496.87	17730.3
4495.98	17978.8
4495.1	17899.3
4494.22	17825.6
4493.33	17946.8
4492.45	17870.2
4491.56	17615.8
4490.68	17474.3
4489.79	17685.9
4488.9	17634.8
4488.02	17657.1
4487.13	17448.1
4486.25	17574.8
4485.36	17453.3
4484.47	17478.4
4483.59	17351.3
4482.7	17018.4
4481.81	17362.2
4480.93	17240.8
4480.04	17192.7
4479.15	16961.5
4478.26	17133.2
4477.38	17082.3
4476.49	17183.5
4475.6	17279.1
4474.71	17048.1
4473.83	17070.4
4472.94	16856.4
4472.05	17022.3
4471.16	16951.8
4470.27	17007.9
4469.38	16912.2
4468.49	17077.9
4467.6	16740.4
4466.71	16706.6
4465.82	16962.2
4464.93	16765.4
4464.04	16765.3
4463.15	16683.7
4462.26	17020.6
4461.37	16613.3
4460.48	16655.3
4459.59	16770.3
4458.7	16882.4
4457.81	16422.1
4456.92	16739.1
4456.03	16997
4455.14	16887.5
4454.24	16940.6
4453.35	16447.1
4452.46	16786.2
4451.57	16556.2
4450.68	16794.3
4449.78	16628.9
4448.89	16547.6
4448	16791.1
4447.11	16771.4
4446.21	16911.2
4445.32	16852.3
4444.43	16695.4
4443.53	17145.8
4442.64	16882.6
4441.75	16650.3
4440.85	16876.7
4439.96	16885
4439.06	16753.4
4438.17	16918.2
4437.27	17013.1
4436.38	16817.3
4435.48	16772.5
4434.59	16842.2
4433.69	16911.8
4432.8	16802.8
4431.9	17009.2
4431.01	17290.9
4430.11	17059.1
4429.22	17056.1
4428.32	17270.7
4427.42	17510.3
4426.53	17281.4
4425.63	17481.9
4424.73	17097
4423.84	17339.2
4422.94	17642.7
4422.04	17656.4
4421.14	17608.7
4420.25	17605.6
4419.35	17485.6
4418.45	17741.5
4417.55	17621.5
4416.65	17732.5
4415.76	18052.2
4414.86	17717.9
4413.96	18201.7
4413.06	18098.4
4412.16	17825.4
4411.26	17947.4
4410.36	18127.8
4409.46	18144.1
4408.56	18188.1
4407.66	18187.7
4406.76	18715.1
4405.86	18292.5
4404.96	18594.7
4404.06	18774.7
4403.16	18735.3
4402.26	18854.2
4401.36	18881.4
4400.46	18961.3
4399.56	18811
4398.66	18879.8
4397.76	19253.6
4396.85	19078.4
4395.95	19380
4395.05	19448.6
4394.15	19176.4
4393.25	19502.8
4392.34	19793
4391.44	19861.5
4390.54	19678
4389.64	19633.1
4388.73	19579.8
4387.83	19828.2
4386.93	20192.8
4386.02	19926.4
4385.12	20365.5
4384.21	20397.9
4383.31	20607.3
4382.41	20603.7
4381.5	20893.1
4380.6	20765
4379.69	20512.7
4378.79	20517.4
4377.88	20809.4
4376.98	21032.2
4376.07	21081
4375.17	21165.6
4374.26	21128.8
4373.36	21431.4
4372.45	21631.9
4371.54	21597.7
4370.64	21447.7
4369.73	21672.9
4368.82	21699.4
4367.92	21607.4
4367.01	21826.9
4366.1	21864.4
4365.2	21962.5
4364.29	22030.3
4363.38	22290.9
4362.47	22270.4
4361.57	22250
4360.66	22141.4
4359.75	22231.2
4358.84	22549.3
4357.93	22897.5
4357.02	22833
4356.11	23181.1
4355.21	22913
4354.3	23164.7
4353.39	23155.1
4352.48	23024.6
4351.57	23229.4
4350.66	23299.5
4349.75	23452
4348.84	23373.7
4347.93	23627.8
4347.02	23752.7
4346.11	23625
4345.2	23889.8
4344.29	23913.1
4343.37	23779.9
4342.46	24198.2
4341.55	24290
4340.64	24291.2
4339.73	24111.4
4338.82	24074.3
4337.9	24511.4
4336.99	24745.5
4336.08	24343.8
4335.17	24627.2
4334.26	24672.2
4333.34	24662.4
4332.43	24904.5
4331.52	24787.8
4330.6	25084.6
4329.69	25009
4328.78	24804.8
4327.86	25011.1
4326.95	25200.9
4326.03	25404.3
4325.12	25298.7
4324.21	25458.3
4323.29	25426.5
4322.38	25400.1
4321.46	25335.5
4320.55	25579.7
4319.63	25624.3
4318.72	25838.3
4317.8	25590.7
4316.88	25659.9
4315.97	26089.4
4315.05	26393.2
4314.14	26069.3
4313.22	25963.8
4312.3	26572.9
4311.39	26423.7
4310.47	26200.9
4309.55	26250.8
4308.63	26597.8
4307.72	26576.7
4306.8	26896.3
4305.88	26224.1
4304.96	26497.3
4304.05	26318.3
4303.13	26931.8
4302.21	26668.4
4301.29	26786.2
4300.37	26773.3
4299.45	26861.1
4298.54	26755.7
4297.62	26862.5
4296.7	26974.7
4295.78	26605.6
4294.86	27128.3
4293.94	27077.3
4293.02	26963.8
4292.1	27192.7
4291.18	27046.6
4290.26	27077.2
4289.34	27200
4288.42	27328.3
4287.5	27510.7
4286.57	27093.3
4285.65	27416.9
4284.73	27460.9
4283.81	27456
4282.89	27405.1
4281.97	27668.7
4281.04	27642.1
4280.12	27802.6
4279.2	27678.4
4278.28	28004.2
4277.35	27687.6
4276.43	27593.3
4275.51	27916.2
4274.59	27778.6
4273.66	27898.2
4272.74	28066.5
4271.81	28159
4270.89	27967.3
4269.97	27897.4
4269.04	28290.1
4268.12	28250
4267.19	27958.3
4266.27	28264.3
4265.34	28329.6
4264.42	28067.8
4263.49	28643.8
4262.57	28068.7
4261.64	28385.2
4260.72	28474.7
4259.79	28661.3
4258.87	28413.3
4257.94	28621.5
4257.01	28486.9
4256.09	28657.3
4255.16	28727.7
4254.23	28587.8
4253.31	29049.3
4252.38	28701.7
4251.45	28963.5
4250.52	28901.8
4249.6	29252.4
4248.67	28789.1
4247.74	29026.5
4246.81	28967.5
4245.88	29223.6
4244.96	29210.3
4244.03	29081.3
4243.1	29095
4242.17	29114.1
4241.24	29065.9
4240.31	29337.8
4239.38	29122.8
4238.45	29402.7
4237.52	29435.1
4236.59	29438
4235.66	29274.2
4234.73	29521.6
4233.8	29884.5
4232.87	29621.3
4231.94	29570.4
4231.01	29712.8
4230.08	29943.8
4229.15	29696.9
4228.22	29697
4227.28	29538.8
4226.35	29611.3
4225.42	30067.5
4224.49	29761.8
4223.56	29968.3
4222.62	29984.5
4221.69	29772.7
4220.76	29855.9
4219.83	29652.3
4218.89	29957.8
4217.96	30287.4
4217.03	29872.2
4216.09	30330.2
4215.16	30011.5
4214.23	29840.2
4213.29	30265.8
4212.36	29893.8
4211.42	30172.1
4210.49	30766
4209.55	30444.9
4208.62	30169.4
4207.68	30308.4
4206.75	30201.5
4205.81	30607.7
4204.88	30784
4203.94	30535.4
4203.01	30602.1
4202.07	30829
4201.13	30719.4
4200.2	30751.3
4199.26	30633.7
4198.32	30687
4197.39	30908.3
4196.45	31052.2
4195.51	30884
4194.58	30825.2
4193.64	30875.7
4192.7	31224.8
4191.76	31101.9
4190.82	30811.2
4189.89	31085.5
4188.95	31255.8
4188.01	30786.8
4187.07	31271.3
4186.13	31255.1
4185.19	31111.1
4184.25	30940.6
4183.31	31355.5
4182.37	31198.3
4181.43	31376.3
4180.49	30961.1
4179.55	31343.9
4178.61	31327.6
4177.67	31420.4
4176.73	31627.5
4175.79	31683
4174.85	31268.1
4173.91	31722.1
4172.97	31047.2
4172.03	31620.5
4171.09	31636.2
4170.14	31447.3
4169.2	31688.6
4168.26	31762.5
4167.32	32101.8
4166.38	31305.6
4165.43	31886.1
4164.49	32097.9
4163.55	32126.6
4162.6	31903.5
4161.66	31998.6
4160.72	31868.3
4159.77	32034.8
4158.83	32047.7
4157.89	32147.9
4156.94	32203.1
4156	31982.9
4155.05	32241.9
4154.11	32183.2
4153.16	32203.9
4152.22	32346.3
4151.27	32274.4
4150.33	32311
4149.38	32154.5
4148.44	32040.4
4147.49	32317.5
4146.55	31997.2
4145.6	32255.7
4144.65	32281.7
4143.71	32125.3
4142.76	31866.1
4141.81	32161.4
4140.87	32263.9
4139.92	31925.6
4138.97	32197
4138.03	32072.5
4137.08	31863.6
4136.13	32303.7
4135.18	32073.7
4134.23	32249.9
4133.29	32191.5
4132.34	32040.7
4131.39	32127.2
4130.44	32287.5
4129.49	32279.1
4128.54	32249.6
4127.59	32162.2
4126.64	32459.3
4125.69	32390.3
4124.74	32521.3
4123.79	32034
4122.84	32283.4
4121.89	32140.9
4120.94	32545.4
4119.99	32736.8
4119.04	32439.1
4118.09	32556.9
4117.14	32732.4
4116.19	32729.2
4115.24	32752.2
4114.28	32488.9
4113.33	32346.5
4112.38	32256.7
4111.43	32857.4
4110.48	32484.1
4109.52	32315.5
4108.57	32601
4107.62	32335.4
4106.66	32327
4105.71	32310.7
4104.76	32218.4
4103.8	32545.6
4102.85	32579.1
4101.9	32667.6
4100.94	32604.1
4099.99	32373
4099.03	32608.1
4098.08	32751.6
4097.12	32811.2
4096.17	32985.9
4095.21	32595.3
4094.26	32851.1
4093.3	32860.9
4092.35	32431.2
4091.39	32804.7
4090.44	32809.3
4089.48	32664.8
4088.52	33022.3
4087.57	32624.3
4086.61	33007.9
4085.65	32868.7
4084.7	32588.5
4083.74	32802
4082.78	32955.5
4081.82	32443
4080.87	32648.7
4079.91	32843.8
4078.95	32629.1
4077.99	32589.3
4077.03	32953.9
4076.08	32640.2
4075.12	32626.6
4074.16	32884
4073.2	33081.4
4072.24	32880
4071.28	33147.7
4070.32	32631.2
4069.36	33096.8
4068.4	33335.6
4067.44	33123.9
4066.48	33391.4
4065.52	32955.9
4064.56	32970.8
4063.6	32894.6
4062.64	33143.6
4061.68	33366.6
4060.72	33038.1
4059.75	33159.6
4058.79	33299.2
4057.83	33368.6
4056.87	33061.1
4055.91	32990.2
4054.94	33155.8
4053.98	32999.2
4053.02	33364.6
4052.06	33010.7
4051.09	33321.4
4050.13	33120.8
4049.17	33086.3
4048.2	33145.2
4047.24	33385.7
4046.27	33314.8
4045.31	33104
4044.35	33022.8
4043.38	33226.9
4042.42	33080.9
4041.45	33214.9
4040.49	33203.7
4039.52	33563
4038.56	33305.7
4037.59	33020.1
4036.63	33104.8
4035.66	33691.6
4034.69	33230
4033.73	33136.1
4032.76	33394
4031.8	33276.7
4030.83	33394.9
4029.86	33099.3
4028.89	33227.7
4027.93	33428.5
4026.96	33407
4025.99	33059.9
4025.02	33327.8
4024.06	33389
4023.09	33739.3
4022.12	33312.4
4021.15	33652.3
4020.18	33349.4
4019.21	33379.5
4018.25	33278
4017.28	33617.7
4016.31	33258.3
4015.34	33649.4
4014.37	33612.4
4013.4	33191.4
4012.43	33520.4
4011.46	33470.6
4010.49	33253.3
4009.52	33613
4008.55	33344.3
4007.58	33593.2
4006.6	33419.8
4005.63	33418.9
4004.66	33469.5
4003.69	33839.1
4002.72	33331.4
4001.75	33394.8
4000.77	33733.4
3999.8	33418.7
3998.83	33865.2
3997.86	33373.3
3996.88	33675.6
3995.91	33738.9
3994.94	33509.3
3993.96	33713.9
3992.99	33964.6
3992.02	33457.8
3991.04	33659.7
3990.07	33866.6
3989.1	33734.8
3988.12	33880.1
3987.15	33273.7
3986.17	33898.6
3985.2	34097.6
3984.22	33863.3
3983.25	33859.7
3982.27	33974.1
3981.3	33837.2
3980.32	33897.7
3979.34	33909.5
3978.37	33913.7
3977.39	33779.5
3976.41	33952.6
3975.44	34054
3974.46	34027.3
3973.48	34220.8
3972.51	33920.4
3971.53	33794
3970.55	33831.4
3969.57	34147.4
3968.6	33941.8
3967.62	33984.3
3966.64	34011.3
3965.66	34135.5
3964.68	34407.8
3963.7	34286.6
3962.73	33864.2
3961.75	34013.8
3960.77	33747.2
3959.79	33922.3
3958.81	34367.9
3957.83	34231.5
3956.85	34276.3
3955.87	34548.1
3954.89	34126.2
3953.91	34487.2
3952.93	33983.9
3951.94	34273.4
3950.96	34178
3949.98	34380.7
3949	34435.6
3948.02	34319.8
3947.04	34374.7
3946.06	34365.9
3945.07	33937.2
3944.09	34742.9
3943.11	34209.9
3942.13	34262.2
3941.14	34350.1
3940.16	34234.5
3939.18	34225.7
3938.19	34189
3937.21	34561.5
3936.23	34651.8
3935.24	34592.2
3934.26	34367.5
3933.27	34455.2
3932.29	34438.8
3931.3	34483.3
3930.32	34624.3
3929.33	34468.3
3928.35	34487.4
3927.36	34331.5
3926.38	34381
3925.39	34737.5
3924.41	34627.2
3923.42	34808.5
3922.43	34437.2
3921.45	34433.5
3920.46	34640.1
3919.47	34659.1
3918.49	34713.6
3917.5	34449
3916.51	34247.8
3915.52	34661.8
3914.54	34685.9
3913.55	34790.9
3912.56	34534.1
3911.57	34790.9
3910.58	34524.1
3909.6	34924.9
3908.61	34554.5
3907.62	34828.8
3906.63	34969.1
3905.64	34859.1
3904.65	34916
3903.66	34788.4
3902.67	34996.7
3901.68	34960
3900.69	34633.1
3899.7	34853.9
3898.71	35142.9
3897.72	35250
3896.73	34723.9
3895.74	34891.6
3894.74	34887.8
3893.75	35416
3892.76	35076.8
3891.77	35178.8
3890.78	35200.1
3889.79	35090.4
3888.79	35016
3887.8	34810.7
3886.81	34998.2
3885.81	35349.4
3884.82	35416
3883.83	35281.1
3882.83	35093.5
3881.84	34860.7
3880.85	35269.4
3879.85	35305.8
3878.86	35178.6
3877.86	35119.4
3876.87	35278.9
3875.88	35209.7
3874.88	35183.2
3873.89	35332.5
3872.89	35213
3871.89	35289.5
3870.9	35850.5
3869.9	35341.9
3868.91	35533.8
3867.91	35502.2
3866.91	35448
3865.92	35825.4
3864.92	35327.3
3863.92	35564.1
3862.93	35530
3861.93	35132.5
3860.93	35434.3
3859.93	35375.3
3858.94	35501.6
3857.94	35482.6
3856.94	35864.3
3855.94	35720.1
3854.94	35848.7
3853.94	35694.5
3852.95	35440.2
3851.95	35618.9
3850.95	35627.4
3849.95	35698.5
3848.95	35551.9
3847.95	35607.9
3846.95	35758.9
3845.95	35912.4
3844.95	35758.4
3843.95	35806.8
3842.95	35722.8
3841.95	35946.1
3840.94	35759.7
3839.94	36087.8
3838.94	35918.9
3837.94	35997.2
3836.94	36272.6
3835.94	36043.9
3834.93	35890.2
3833.93	35878.6
3832.93	35792.3
3831.93	35793.2
3830.92	36063.4
3829.92	36014.4
3828.92	35955.5
3827.91	36123.3
3826.91	35997.1
3825.91	35965.7
3824.9	35884.4
3823.9	35905.2
3822.89	36177.4
3821.89	36121
3820.88	35810.9
3819.88	36117.8
3818.87	36141
3817.87	35957.8
3816.86	36299.3
3815.86	36041.6
3814.85	36452.6
3813.84	36383.8
3812.84	36546
3811.83	36748
3810.83	36339
3809.82	36079
3808.81	35930.9
3807.8	36147.7
3806.8	36491
3805.79	36395
3804.78	36651.3
3803.77	36361.9
3802.77	36563.5
3801.76	36383.3
3800.75	36480.7
3799.74	36466.6
3798.73	36633.4
3797.72	36705.9
3796.71	36600.1
3795.7	36917.9
3794.69	36579.3
3793.68	36664.2
3792.67	36474.3
3791.66	36606.2
3790.65	36658.9
3789.64	36973.8
3788.63	36524.2
3787.62	36905.8
3786.61	36886.7
3785.6	36704.4
3784.59	36937.4
3783.58	36839.2
3782.56	36664.4
3781.55	36897.3
3780.54	36912.8
3779.53	36990
3778.52	36928.9
3777.5	37183.8
3776.49	36821.5
3775.48	37162.7
3774.46	36919.1
3773.45	37047.9
3772.44	37250.8
3771.42	37162.6
3770.41	36889.5
3769.39	37018.3
3768.38	36843.9
3767.36	36977.6
3766.35	37259
3765.34	37343.3
3764.32	37124.7
3763.3	37080.9
3762.29	37261.2
3761.27	37313.4
3760.26	37232.8
3759.24	37422.7
3758.23	37322.4
3757.21	37502.5
3756.19	37183.3
3755.18	37240.4
3754.16	37535.9
3753.14	37644.5
3752.12	37681.8
3751.11	37677.3
3750.09	37161.9
3749.07	37648.7
3748.05	37506.8
3747.03	37433.6
3746.02	37507.7
3745	37768.3
3743.98	37587.1
3742.96	37526.2
3741.94	37421.2
3740.92	37757.7
3739.9	37758.1
3738.88	37912.9
3737.86	37930.5
3736.84	37862.2
3735.82	37828.3
3734.8	37924.2
3733.78	38260.1
3732.76	37707
3731.74	37881.2
3730.71	37619.7
3729.69	37581
3728.67	37764.9
3727.65	37997.7
3726.63	38308.7
3725.61	37741.6
3724.58	37954.7
3723.56	37986.8
3722.54	38480.9
3721.51	38104.8
3720.49	38207.7
3719.47	38572
3718.44	37837
3717.42	38313.6
3716.4	38575.1
3715.37	38338.5
3714.35	38263.1
3713.32	38451.2
3712.3	38707.6
3711.27	38444.4
3710.25	38571.4
3709.22	38435.1
3708.2	38808.3
3707.17	38981.5
3706.15	38845.2
3705.12	38587
3704.09	39035.5
3703.07	39115.9
3702.04	39084.4
3701.01	38979.8
3699.99	38811.9
3698.96	39191.7
3697.93	38783
3696.9	39369.5
3695.88	39350
3694.85	39396.3
3693.82	39323.3
3692.79	39483.8
3691.76	39709.9
3690.74	39248.1
3689.71	39612.6
3688.68	39656.3
3687.65	39646.6
3686.62	39709.7
3685.59	39952.4
3684.56	39806.7
3683.53	40112.4
3682.5	39779.8
3681.47	40366.9
3680.44	40543.8
3679.41	40107
3678.38	40276.6
3677.34	40501.9
3676.31	40753.8
3675.28	40390
3674.25	40872
3673.22	40539.8
3672.19	40922.3
3671.15	40955.9
3670.12	41505.2
3669.09	41550.8
3668.06	41649.6
3667.02	41441
3665.99	41561.6
3664.96	41957.9
3663.92	42225.8
3662.89	42039.1
3661.85	42420.5
3660.82	42376.4
3659.79	42516
3658.75	42752.2
3657.72	42700.8
3656.68	42842.6
3655.65	42957.9
3654.61	43106.9
3653.57	43224.4
3652.54	43827.1
3651.5	43917.9
3650.47	44411.6
3649.43	44068.1
3648.39	44672.5
3647.36	45079
3646.32	45417.8
3645.28	45356.4
3644.25	45610.7
3643.21	45703.4
3642.17	46294.9
3641.13	46777.7
3640.09	47043.5
3639.06	47393.6
3638.02	47488.3
3636.98	47960.9
3635.94	48308.2
3634.9	48056.2
3633.86	49153.9
3632.82	49115.9
3631.78	49664.7
3630.74	49999.3
3629.7	50271.3
3628.66	50487.9
3627.62	50764.4
3626.58	51266.7
3625.54	51581.5
3624.5	51725.6
3623.46	52083.4
3622.42	51958.5
3621.38	52169.7
3620.33	52433.6
3619.29	52647
3618.25	52774
3617.21	53174.3
3616.17	53070.9
3615.12	53204.9
3614.08	53166.3
3613.04	53364.9
3611.99	53033.9
3610.95	53388.2
3609.91	53160.3
3608.86	53653.4
3607.82	53597.9
3606.77	53489.8
3605.73	53163.9
3604.69	52821.4
3603.64	52842.7
3602.6	52459.7
3601.55	53004.8
3600.5	52380.4
3599.46	52786.7
3598.41	52351.3
3597.37	52332
3596.32	51839.6
3595.27	51691.4
3594.23	51920.7
3593.18	52202.4
3592.13	51841.7
3591.09	51595.7
3590.04	51679.2
3588.99	51285.3
3587.94	51185.1
3586.9	51030.1
3585.85	50746.3
3584.8	50994.4
3583.75	50777.5
3582.7	50451
3581.65	50293.8
3580.6	50596.6
3579.56	50561
3578.51	50101.4
3577.46	50154
3576.41	50439.9
3575.36	50078.1
3574.31	50214
3573.26	50052.4
3572.2	49931.2
3571.15	49731.6
3570.1	49938.8
3569.05	49862.9
3568	49639.6
3566.95	50058.2
3565.9	49782.7
3564.84	49414.6
3563.79	49730.9
3562.74	49671.7
3561.69	49759.9
3560.63	49776.7
3559.58	49781.7
3558.53	49705.9
3557.47	49618.3
3556.42	49141.7
3555.37	49754
3554.31	49275.1
3553.26	49479.4
3552.2	49638.5
3551.15	49475.1
3550.09	49143.6
3549.04	49591.7
3547.98	49632.2
3546.93	49506.9
3545.87	49294
3544.82	49370
3543.76	49135.9
3542.71	49368.2
3541.65	49479.7
3540.59	49115.5
3539.54	49295.6
3538.48	48964.7
3537.42	49482.9
3536.36	49398
3535.31	49190.2
3534.25	49419.7
3533.19	49386.9
3532.13	49585.6
3531.07	49250.3
3530.02	49614.3
3528.96	49076.1
3527.9	49369.1
3526.84	49100.2
3525.78	49095.8
3524.72	49513.7
3523.66	49082.1
3522.6	49636.7
3521.54	49526
3520.48	49040.5
3519.42	48988.9
3518.36	49151.8
3517.3	49550.2
3516.24	49244.1
3515.17	50097
3514.11	49275.1
3513.05	49404.8
3511.99	49146.1
3510.93	49795.9
3509.87	49403
3508.8	49751.4
3507.74	49695
3506.68	49655.2
3505.61	49563.6
3504.55	49718.9
3503.49	50022.2
3502.42	49573.3
3501.36	49575.8
3500.3	49881.3
3499.23	49674.7
3498.17	49759.3
3497.1	49698.3
3496.04	49505.9
3494.97	49865.2
3493.91	49853.5
3492.84	49635.3
3491.77	49743.3
3490.71	49947.4
3489.64	49649.6
3488.58	49495
3487.51	49846.7
3486.44	49905.3
3485.38	49886.6
3484.31	49755.4
3483.24	50252
3482.17	50125.5
3481.11	50069.3
3480.04	50371.2
3478.97	50083.2
3477.9	49980.2
3476.83	49610.6
3475.77	49933.4
3474.7	49683.2
3473.63	49931.1
3472.56	49737
3471.49	50176.5
3470.42	49938
3469.35	50197.4
3468.28	49977.7
3467.21	50057.1
3466.14	50015
3465.07	50432.9
3464	49926.2
3462.92	50047.5
3461.85	50084.8
3460.78	50042.7
3459.71	50516.2
3458.64	50100.9
3457.57	50308.3
3456.49	50305.9
3455.42	50571.5
3454.35	50377.8
3453.28	50233.2
3452.2	50664.1
3451.13	50458.9
3450.06	50349.3
3448.98	50649.5
3447.91	50104.6
3446.83	50765.5
3445.76	50751.3
3444.68	50346.2
3443.61	50734.5
3442.53	50483.1
3441.46	50478.3
3440.38	50385.1
3439.31	50240.8
3438.23	50391.7
3437.16	50547.2
3436.08	50435.4
3435	50953.2
3433.93	50467.6
3432.85	50539.3
3431.77	50578.6
3430.7	50666.5
3429.62	50710.4
3428.54	50519.9
3427.46	50526.6
3426.39	50401.1
3425.31	50669.9
3424.23	50493.4
3423.15	50643.8
3422.07	50940.2
3420.99	50881.9
3419.91	50504
3418.83	50492.2
3417.75	50818.5
3416.68	50936.2
3415.6	50850.2
3414.51	50713.4
3413.43	50410
3412.35	50456
3411.27	50478.8
3410.19	51082.2
3409.11	50698
3408.03	51097.6
3406.95	50690.4
3405.87	50747.9
3404.78	50405.6
3403.7	51264.6
3402.62	50887.8
3401.54	50698.1
3400.45	50787.8
3399.37	50962.8
3398.29	50819.4
3397.2	50892.9
3396.12	50881
3395.04	50486.2
3393.95	50541.2
3392.87	50587
3391.78	51179.1
3390.7	51008.1
3389.61	50784.2
3388.53	51129.4
3387.44	51140.5
3386.36	50469.9
3385.27	50766.6
3384.19	51219.7
3383.1	50834.9
3382.01	50645.8
3380.93	50523.5
3379.84	51135
3378.75	50879.3
3377.67	50697.2
3376.58	50853.2
3375.49	50753.9
3374.4	50441
3373.31	50217.7
3372.23	51049.1
3371.14	50632.9
3370.05	50852.9
3368.96	50891.5
3367.87	50794.7
3366.78	50814.9
3365.69	50686
3364.6	50692.5
3363.51	50669.1
3362.42	50535.7
3361.33	50826.5
3360.24	50851.3
3359.15	50355.7
3358.06	50107.9
3356.97	50721.6
3355.88	50629.6
3354.79	50228.3
3353.69	50910.4
3352.6	50651.2
3351.51	50829.3
3350.42	50343.6
3349.33	50720.8
3348.23	50814.2
3347.14	50784
3346.05	51023.6
3344.95	50350.9
3343.86	50547.1
3342.77	50660.9
3341.67	50580.5
3340.58	51032.4
3339.48	50403.7
3338.39	50910.3
3337.29	50772.8
3336.2	51176.4
3335.1	50792.4
3334.01	50520.3
3332.91	50529
3331.82	50610.7
3330.72	50619.3
3329.62	50338.4
3328.53	50424.6
3327.43	50782
3326.33	50546.8
3325.24	50439.2
3324.14	50425.1
3323.04	50611.4
3321.94	50615.5
3320.85	50510.2
3319.75	50395.9
3318.65	50436.4
3317.55	50406.4
3316.45	50462.8
3315.35	50430.5
3314.25	50723.4
3313.16	50704.7
3312.06	50667.8
3310.96	50264.9
3309.86	50457.6
3308.76	50766.2
3307.66	50827
3306.55	50494.8
3305.45	50396.6
3304.35	50543.7
3303.25	50395.6
3302.15	50274.9
3301.05	50821.3
3299.95	50081.1
3298.84	50445.8
3297.74	50406.8
3296.64	50465.2
3295.54	50442
3294.43	50296.4
3293.33	50334.5
3292.23	50873.2
3291.12	50419.5
3290.02	50491.5
3288.92	50631.3
3287.81	50651.1
3286.71	50623.4
3285.6	50450.8
3284.5	50088.2
3283.39	50592.3
3282.29	50128
3281.18	50378.5
3280.08	50461.7
3278.97	50497.3
3277.86	50447
3276.76	50419.3
3275.65	50660.5
3274.54	50336.9
3273.44	50352.1
3272.33	50089.6
3271.22	50441.3
3270.12	50251.1
3269.01	50352.2
3267.9	50281.6
3266.79	50488.6
3265.68	50030.2
3264.57	50340.9
3263.47	50189.2
3262.36	50157.1
3261.25	50109.3
3260.14	50723.9
3259.03	50443.9
3257.92	50073.9
3256.81	50077.9
3255.7	50176.4
3254.59	49912.4
3253.48	50575.9
3252.37	50017.2
3251.25	50070.6
3250.14	50137.6
3249.03	50310.2
3247.92	50318.6
3246.81	50165.1
3245.69	50119.6
3244.58	49741.5
3243.47	50149.9
3242.36	50254.9
3241.24	50166.7
3240.13	50022.4
3239.02	49992.6
3237.9	49951.7
3236.79	50285.5
3235.68	50316.3
3234.56	50255.1
3233.45	50232.1
3232.33	49883.8
3231.22	50260
3230.1	49584.6
3228.99	49546
3227.87	50022.8
3226.75	49912.4
3225.64	49714.7
3224.52	49689.5
3223.41	49890.5
3222.29	49863.1
3221.17	49967.7
3220.05	49703.1
3218.94	49803.2
3217.82	49482.7
3216.7	49618.7
3215.58	49642.7
3214.47	49523.7
3213.35	49583.5
3212.23	49848.9
3211.11	50114.2
3209.99	49579.6
3208.87	49576.9
3207.75	49971.6
3206.63	49729.8
3205.51	49590.8
3204.39	49840.3
3203.27	50087.3
3202.15	49102.8
3201.03	49403.5
3199.91	49601.4
3198.79	48931.9
3197.67	49524.5
3196.55	49628.7
3195.42	49759.6
3194.3	49547.3
3193.18	49651.4
3192.06	49450.4
3190.93	49342.9
3189.81	49035.1
3188.69	49553.3
3187.56	49659.5
3186.44	49229.5
3185.32	49522.6
3184.19	49201.7
3183.07	49539.2
3181.94	48980.6
3180.82	49231.2
3179.7	49486.3
3178.57	49081.3
3177.44	49569.5
3176.32	49422.3
3175.19	48526.7
3174.07	48874.9
3172.94	49180.8
3171.82	49100.3
3170.69	48869
3169.56	48932.8
3168.43	48845.8
3167.31	48991.7
3166.18	49000
3165.05	49241.2
3163.92	48901.5
3162.8	49131.4
3161.67	48712.1
3160.54	48798
3159.41	48611.4
3158.28	48845.7
3157.15	48659.2
3156.02	49088.2
3154.89	49326.6
3153.76	48589.2
3152.63	48595.3
3151.5	48915.5
3150.37	48587.7
3149.24	48677.9
3148.11	48451.9
3146.98	48458.1
3145.85	48351.5
3144.72	48494.7
3143.59	48421.3
3142.45	48328.1
3141.32	48727.3
3140.19	48638.4
3139.06	48147.9
3137.92	48449.8
3136.79	48976.7
3135.66	48479.7
3134.52	48512.3
3133.39	48339.8
3132.26	48451.8
3131.12	48638.6
3129.99	48248
3128.85	48754.3
3127.72	48297.8
3126.58	48812.7
3125.45	48358.5
3124.31	48613.4
3123.18	48143.9
3122.04	48106.1
3120.9	48264.1
3119.77	48477
3118.63	48450
3117.49	48247.2
3116.36	48299.5
3115.22	48270.4
3114.08	48017.1
3112.95	47992.5
3111.81	48350.2
3110.67	48180.5
3109.53	48010.9
3108.39	48232.2
3107.25	48194.4
3106.11	48084.1
3104.98	48189
3103.84	48221.4
3102.7	48315.2
3101.56	47838.7
3100.42	48134.3
3099.28	48131.6
3098.14	48181.5
3096.99	48161.3
3095.85	48016.1
3094.71	48147.1
3093.57	47780.8
3092.43	48097.9
3091.29	47996.6
3090.15	47917.3
3089	47899.3
3087.86	47769.8
3086.72	48009.9
3085.57	47871.6
3084.43	47606.5
3083.29	47875
3082.14	47922.6
3081	47716.7
3079.86	48113.9
3078.71	47940.8
3077.57	47986.1
3076.42	47976.9
3075.28	47675
3074.13	48023.8
3072.99	48099.7
3071.84	47658.3
3070.7	47825.8
3069.55	47993.3
3068.4	47696.1
3067.26	47390.4
3066.11	47996
3064.96	47524.6
3063.82	48077.7
3062.67	48079.3
3061.52	47712.8
3060.37	47734
3059.23	47583.3
3058.08	47659
3056.93	47780.4
3055.78	47327.2
3054.63	47757.6
3053.48	47737.5
3052.33	47597.7
3051.18	47936.5
3050.03	47770.6
3048.88	47417.9
3047.73	47567.4
3046.58	47749.5
3045.43	47553.4
3044.28	47657.1
3043.13	47324.3
3041.98	47525.8
3040.83	47592.6
3039.68	47828.6
3038.52	47446.1
3037.37	48020.6
3036.22	47718.4
3035.07	47678.8
3033.91	47238.1
3032.76	47870.7
3031.61	47362.8
3030.45	47498.9
3029.3	47626.2
3028.14	47461
3026.99	47354.3
3025.84	47600.7
3024.68	47457.2
3023.53	47268.4
3022.37	47627.1
3021.22	47308.5
3020.06	47740.6
3018.9	47136.6
3017.75	47490.7
3016.59	47375.6
3015.44	47078.9
3014.28	47627.4
3013.12	47246.5
3011.96	47125
3010.81	47521.9
3009.65	47650.9
3008.49	47533.7
3007.33	47459.7
3006.18	47120.3
3005.02	47320.5
3003.86	47503.3
3002.7	47414.3
3001.54	47070.8
3000.38	47579.2
2999.22	47414.7
2998.06	47629.7
2996.9	47185.1
2995.74	47742.6
2994.58	47384.4
2993.42	47469.9
2992.26	47288.4
2991.1	47546.2
2989.94	47371.2
2988.77	47779.5
2987.61	47759.5
2986.45	47466.3
2985.29	47678.6
2984.12	47918.8
2982.96	47692.3
2981.8	47754
2980.64	47564.2
2979.47	47853.6
2978.31	47631.6
2977.14	47768.4
2975.98	47864.3
2974.82	47565.2
2973.65	48124.8
2972.49	47484.5
2971.32	48161.9
2970.16	48180.4
2968.99	48020.9
2967.82	47951.5
2966.66	47978.6
2965.49	47960.7
2964.33	48570.8
2963.16	48059.9
2961.99	48455.5
2960.83	48036.9
2959.66	48134.6
2958.49	48031.1
2957.32	48407.1
2956.15	47939.6
2954.99	48229.9
2953.82	48053.6
2952.65	48410
2951.48	48334.3
2950.31	48481
2949.14	48448
2947.97	48387.3
2946.8	48756.1
2945.63	49054.3
2944.46	48803.3
2943.29	48388
2942.12	48575
2940.95	48625.4
2939.78	48942.5
2938.61	49061
2937.44	49134.6
2936.26	48672.8
2935.09	49168.8
2933.92	49210.4
2932.75	49352.2
2931.57	49432.1
2930.4	49424.6
2929.23	49598.2
2928.05	49311.5
2926.88	49287
2925.71	49411.6
2924.53	49406.2
2923.36	49243.3
2922.18	49833.8
2921.01	49687.9
2919.83	49437.8
2918.66	49630.2
2917.48	49667.3
2916.31	49228.2
2915.13	49684.1
2913.95	49400.2
2912.78	49649.8
2911.6	49013.4
2910.42	49760
2909.25	49903.2
2908.07	49579.2
2906.89	49569.5
2905.71	49835.7
2904.54	49830.3
2903.36	49901.1
2902.18	49810.8
2901	50246.4
2899.82	49418.1
2898.64	50188.6
2897.46	49519.6
2896.28	49825.7
2895.1	50017.2
2893.92	49562.6
2892.74	49696.9
2891.56	49625.8
2890.38	50115.7
2889.2	49718.6
2888.02	49918.4
2886.84	50016.5
2885.65	49685.2
2884.47	50320.5
2883.29	50697.7
2882.11	49670.8
2880.92	50066.9
2879.74	50017
2878.56	50167.8
2877.38	50162.2
2876.19	50004.5
2875.01	49927.2
2873.82	49942.7
2872.64	49652.2
2871.45	50193.3
2870.27	50409.3
2869.08	50226.4
2867.9	50009.8
2866.71	50023.2
2865.53	50241.2
2864.34	50804.7
2863.16	50396.4
2861.97	50114.7
2860.78	50564.1
2859.6	50531.1
2858.41	50321.1
2857.22	50439.7
2856.03	50345.6
2854.85	50331.5
2853.66	50296.4
2852.47	50292.8
2851.28	50421.8
2850.09	50332
2848.9	50458.8
2847.71	50238.7
2846.52	50277.2
2845.34	50147.5
2844.15	50200.7
2842.96	50253.9
2841.76	50124.3
2840.57	50093.5
2839.38	50152.9
2838.19	50476.8
2837	50019.9
2835.81	50110.8
2834.62	50359
2833.43	50397.3
2832.23	49856.9
2831.04	50016.9
2829.85	50237.7
2828.65	50085.3
2827.46	50329
2826.27	50069.8
2825.07	50120.7
2823.88	49824
2822.69	50184.8
2821.49	50045.1
2820.3	49560.3
2819.1	49715.8
2817.91	49952.9
2816.71	49915.9
2815.52	50366.1
2814.32	49871.2
2813.13	50166.5
2811.93	50240.3
2810.73	49664.1
2809.54	50134.8
2808.34	49686.4
2807.14	50553.7
2805.94	49489.4
2804.75	50130.9
2803.55	50231.6
2802.35	50180
2801.15	49926.1
2799.95	49972.6
2798.75	49835.5
2797.56	50046.7
2796.36	49699.2
2795.16	49897.8
2793.96	50081.8
2792.76	49978.1
2791.56	50068.3
2790.36	50291.7
2789.16	50402.5
2787.95	49743.1
2786.75	50370.2
2785.55	49998.2
2784.35	49873.9
2783.15	50201
2781.95	50455.3
2780.74	50204.1
2779.54	50360.5
2778.34	49914.2
2777.13	50282.5
2775.93	50426.3
2774.73	50464.2
2773.52	50497.8
2772.32	49931.4
2771.12	50741.6
2769.91	50497
2768.71	50736.1
2767.5	50499.9
2766.3	50531.4
2765.09	50730.9
2763.89	50652.5
2762.68	50727.5
2761.47	50557.9
2760.27	50666
2759.06	50749.3
2757.85	50996.1
2756.65	50766.5
2755.44	50874.5
2754.23	50827.2
2753.02	51210.4
2751.81	50707.8
2750.61	50902.6
2749.4	51221.5
2748.19	51368.5
2746.98	51077.2
2745.77	51205.6
2744.56	50988.8
2743.35	51162.6
2742.14	51324
2740.93	51047.4
2739.72	51153
2738.51	51283.3
2737.3	51436.2
2736.09	51620.1
2734.88	51306.5
2733.66	51477.9
2732.45	51502.8
2731.24	51727.7
2730.03	51797.9
2728.82	51771.2
2727.6	51511.5
2726.39	51542.6
2725.18	51886.8
2723.96	51431.5
2722.75	51800.3
2721.53	51936.3
2720.32	51734.5
2719.11	51738.7
2717.89	51849.9
2716.68	52018.6
2715.46	51878.7
2714.25	52055.6
2713.03	52250.9
2711.81	52261.2
2710.6	51952.8
2709.38	51778.1
2708.16	51687.7
2706.95	52223.9
2705.73	52667.4
2704.51	51796.6
2703.29	52394
2702.08	51841.8
2700.86	52114.7
2699.64	52381.4
2698.42	51985.3
2697.2	52463.2
2695.98	52266.1
2694.76	52134.8
2693.54	52401.2
2692.32	52310.9
2691.1	52587.4
2689.88	52154.9
2688.66	52703.7
2687.44	52375.9
2686.22	52682.8
2685	52402.2
2683.78	52688.5
2682.56	52745.6
2681.33	52516.3
2680.11	52608.1
2678.89	53078.2
2677.67	52765.1
2676.44	52746.4
2675.22	52780.9
2674	52862.4
2672.77	53111.4
2671.55	52645.3
2670.33	52977.9
2669.1	52844.9
2667.88	52803.8
2666.65	53121.9
2665.43	52517.6
2664.2	52674.4
2662.97	53022.9
2661.75	52747.3
2660.52	52787.8
2659.3	52926.1
2658.07	53011.4
2656.84	52976.4
2655.62	52955.7
2654.39	52989.9
2653.16	53144.4
2651.93	53111.4
2650.7	53353.3
2649.48	53438.3
2648.25	53236.4
2647.02	53113.9
2645.79	53150.1
2644.56	52964.7
2643.33	53013.1
2642.1	53346.1
2640.87	53536.7
2639.64	53450.8
2638.41	53940
2637.18	54000.3
2635.95	53798.7
2634.72	53381.9
2633.48	53452.5
2632.25	53598.1
2631.02	53573.2
2629.79	54033.2
2628.56	53596.5
2627.32	54161.8
2626.09	53808.3
2624.86	53684.1
2623.62	54062.5
2622.39	54250.3
2621.16	53874.9
2619.92	54627.7
2618.69	54136.9
2617.45	53923.6
2616.22	54261.1
2614.98	54217.9
2613.75	54504.5
2612.51	54064.8
2611.27	54389.7
2610.04	54360.7
2608.8	54432.7
2607.57	54120.7
2606.33	54997.1
2605.09	54248.6
2603.85	54516.6
2602.62	54392.6
2601.38	54301
2600.14	54613.2
2598.9	54259.1
2597.66	54468.3
2596.42	54663.2
2595.18	54581.7
2593.94	54413.5
2592.71	54711.2
2591.47	54722.4
2590.23	54272
2588.98	55008.9
2587.74	54228.2
2586.5	55073.6
2585.26	54710.1
2584.02	54944.8
2582.78	54869.4
2581.54	54733.7
2580.29	54881.7
2579.05	54798.3
2577.81	55034.8
2576.57	55138.5
2575.32	54898.2
2574.08	54963.6
2572.84	55093.4
2571.59	54951.7
2570.35	55680.2
2569.1	55213
2567.86	55167.8
2566.61	54733
2565.37	55159.8
2564.12	55704.8
2562.88	55238.1
2561.63	55237.1
2560.39	55474.8
2559.14	55281.1
2557.89	55488.7
2556.65	55349.2
2555.4	55851.3
2554.15	55283
2552.9	55706.7
2551.66	55753.7
2550.41	55834.7
2549.16	55505.1
2547.91	55389.8
2546.66	55967.3
2545.41	55910
2544.16	55562.7
2542.91	55543.5
2541.66	55830.4
2540.41	55655.3
2539.16	55846
2537.91	55716.9
2536.66	55771.7
2535.41	55848.4
2534.16	55631.5
2532.91	55895.9
2531.66	55888.7
2530.4	56372.7
2529.15	56267.6
2527.9	55547.8
2526.65	56278.9
2525.39	55942.4
2524.14	55903.3
2522.89	55910
2521.63	55946.7
2520.38	56234.4
2519.12	55653.2
2517.87	56504.8
2516.61	56216.5
2515.36	56456.2
2514.1	56213.9
2512.85	56021.4
2511.59	56038
2510.33	56558.1
2509.08	56550.8
2507.82	56330.5
2506.56	56472.4
2505.31	56339.7
2504.05	56405.9
2502.79	56060.7
2501.53	55944.1
2500.28	56713.7
2499.02	56815.5
2497.76	56486.3
2496.5	56757
2495.24	56390.2
2493.98	56365
2492.72	56349.7
2491.46	56850.2
2490.2	56949.9
2488.94	56718.3
2487.68	56829.8
2486.42	56634
2485.16	57205.4
2483.9	56633
2482.63	56399.7
2481.37	56612.2
2480.11	56737.5
2478.85	56553.8
2477.59	56920.6
2476.32	56835.9
2475.06	56495.9
2473.8	56644.8
2472.53	57230.8
2471.27	57021.5
2470	57148.5
2468.74	57008.5
2467.47	57180.8
2466.21	57017.1
2464.94	56964.1
2463.68	57051.4
2462.41	57032
2461.15	57520.1
2459.88	57064.3
2458.61	57370.6
2457.35	57084.8
2456.08	57108.8
2454.81	57326.1
2453.54	57144.9
2452.28	57535.7
2451.01	57630.5
2449.74	57532.2
2448.47	57420.1
2447.2	57424.2
2445.93	57517.1
2444.66	57409
2443.39	57115.8
2442.12	57913.4
2440.85	57313.2
2439.58	57653.9
2438.31	57557.7
2437.04	57618.8
2435.77	57469.5
2434.5	57817.8
2433.23	57719.6
2431.96	58026.3
2430.68	57912.4
2429.41	57786.8
2428.14	58122.8
2426.87	58215.2
2425.59	58228.9
2424.32	57944.3
2423.04	57901.2
2421.77	58024.9
2420.5	58091.6
2419.22	58362.4
2417.95	58093.7
2416.67	58342.7
2415.4	57827.1
2414.12	58632.7
2412.85	58201.5
2411.57	58305.3
2410.29	58052.6
2409.02	58301.3
2407.74	58414.9
2406.46	58205.3
2405.18	58181.8
2403.91	58408.8
2402.63	58944.7
2401.35	58659
2400.07	58741
2398.79	58596.2
2397.52	58517.8
2396.24	58414.1
2394.96	58769.7
2393.68	58914.1
2392.4	58927.5
2391.12	58238
2389.84	58528.8
2388.56	58813.7
2387.27	58610.5
2385.99	59182
2384.71	58588.7
2383.43	59058.6
2382.15	59393.7
2380.87	59545.5
2379.58	59365.8
2378.3	59133.5
2377.02	59137.1
2375.73	59166.1
2374.45	59076.2
2373.17	59593.8
2371.88	59346.2
2370.6	59314.7
2369.31	58989.4
2368.03	59417.1
2366.74	59650.2
2365.46	58850.4
2364.17	59742.7
2362.89	59244.5
2361.6	59286.9
2360.31	59238
2359.03	59643.7
2357.74	59586.9
2356.45	59442.8
2355.17	59576.3
2353.88	59445.8
2352.59	59484.2
2351.3	60034.9
2350.01	59411.6
2348.72	59444.1
2347.43	59742.3
2346.15	59712.8
2344.86	59993.4
2343.57	59678.8
2342.28	59812
2340.99	59770.8
2339.69	59888.5
2338.4	60064.1
2337.11	59846.7
2335.82	59904.2
2334.53	60327.5
2333.24	59955.4
2331.95	60392
2330.65	60416.5
2329.36	60261.1
2328.07	60221.8
2326.77	60460.8
2325.48	60336.4
2324.19	60471
2322.89	60244.3
2321.6	60280.3
2320.3	60380.1
2319.01	60240.4
2317.71	60633.5
2316.42	60401.1
2315.12	60722.6
2313.83	60430.6
2312.53	60541.7
2311.23	61119.5
2309.94	60279.9
2308.64	60730.3
2307.34	60806.6
2306.05	60836.6
2304.75	60806.8
2303.45	60836.8
2302.15	60739.7
2300.85	60660
2299.55	60824.7
2298.25	61151
2296.96	61194.3
2295.66	60637.5
2294.36	60854
2293.06	61112.7
2291.76	61069.5
2290.45	60970.6
2289.15	60856.3
2287.85	61460.6
2286.55	60835.3
2285.25	60874.8
2283.95	60902.7
2282.65	61160.9
2281.34	61183
2280.04	60617.9
2278.74	61580.1
2277.43	61207
2276.13	60935.6
2274.83	61172.4
2273.52	61581.7
2272.22	61726.2
2270.91	61194.4
2269.61	61176.1
2268.3	61560.1
2267	61539.9
2265.69	61334
2264.39	61405.7
2263.08	61073.5
2261.77	61472.4
2260.47	61656.9
2259.16	61703.6
2257.85	61337.2
2256.54	61485.3
2255.24	61258.7
2253.93	61100.9
2252.62	61822.1
2251.31	62168.7
2250	61731.9
2248.69	61541.7
2247.38	61554
2246.07	61337.1
2244.76	61551.7
2243.45	61680.3
2242.14	61877.5
2240.83	61777.2
2239.52	61917.1
2238.21	61893
2236.9	61541
2235.59	62071.5
2234.27	61616.8
2232.96	61823.3
2231.65	62288.7
2230.34	61733.2
2229.02	61829.1
2227.71	61708
2226.4	61885.6
2225.08	61781.6
2223.77	61978.2
2222.45	62237.5
2221.14	62066.9
2219.82	61902.1
2218.51	61627.2
2217.19	62216.9
2215.88	62373.3
2214.56	61942.6
2213.24	61937.5
2211.93	62167.9
2210.61	62208.3
2209.29	61946.9
2207.97	61843.1
2206.66	62219.4
2205.34	62106.1
2204.02	62385.4
2202.7	62486.3
2201.38	62314.3
2200.06	62563.1
2198.74	62214.8
2197.42	62111.2
2196.1	62410.9
2194.78	62470.1
2193.46	62084.3
2192.14	62465.3
2190.82	62128.8
2189.5	62286.4
2188.18	62339.8
2186.86	62219.2
2185.54	62149.7
2184.21	62498
2182.89	62163.9
2181.57	62655.7
2180.24	62346.2
2178.92	62135
2177.6	62564.2
2176.27	62294.6
2174.95	62438.5
2173.62	62625.7
2172.3	62561.9
2170.97	62435.8
2169.65	62349.4
2168.32	62182
2167	62533.1
2165.67	62710.6
2164.34	61959
2163.02	62362.6
2161.69	62402.6
2160.36	62711.8
2159.04	62648.1
2157.71	62313.2
2156.38	62368.2
2155.05	62927.5
2153.72	62574
2152.39	62617.5
2151.06	62696.8
2149.74	62388.7
2148.41	62798.9
2147.08	62485.2
2145.75	62936.5
2144.41	62337.3
2143.08	62472.9
2141.75	62125.8
2140.42	62501.6
2139.09	63299.8
2137.76	62489.1
2136.43	62177.8
2135.09	62889.2
2133.76	63011.3
2132.43	62838.9
2131.09	62902.8
2129.76	63240.4
2128.43	63023.1
2127.09	62697.2
2125.76	63092.7
2124.42	63255.8
2123.09	63300.8
2121.75	63302.7
2120.42	63181.1
2119.08	63059.5
2117.75	63093.3
2116.41	63261.7
2115.07	62968.1
2113.74	63652.7
2112.4	63628.3
2111.06	63815.2
2109.72	63529.2
2108.38	63762.7
2107.05	63644.9
2105.71	63869
2104.37	63211.6
2103.03	63588.7
2101.69	63206
2100.35	63536.3
2099.01	63717.3
2097.67	63172.5
2096.33	63017.7
2094.99	62849.9
2093.65	63342.1
2092.31	63144.5
2090.97	62570.6
2089.62	62546.5
2088.28	62913.6
2086.94	63051.4
2085.6	62673.4
2084.25	62880.2
2082.91	62796.4
2081.57	62448.5
2080.22	62686.8
2078.88	62508.3
2077.53	62843.1
2076.19	62549.3
2074.84	62662.8
2073.5	63315.2
2072.15	62447.4
2070.81	62575.6
2069.46	62505.1
2068.12	62754
2066.77	62562.8
2065.42	62802.3
2064.08	62776.3
2062.73	62843.1
2061.38	62946.9
2060.03	62114.2
2058.68	62791.1
2057.34	62774.4
2055.99	62744.7
2054.64	63174.6
2053.29	62676.1
2051.94	62822.4
2050.59	62746.5
2049.24	63053.8
2047.89	62565
2046.54	63314.5
2045.19	62920.2
2043.83	62883.1
2042.48	62944.1
2041.13	62982.8
2039.78	62825.5
2038.43	63134.2
2037.07	63281.8
2035.72	62758.8
2034.37	63011.8
2033.01	63266.5
2031.66	62453.8
2030.31	63028
2028.95	63166.2
2027.6	63223.3
2026.24	63289.5
2024.89	63182.3
2023.53	63069.6
2022.17	62562.3
2020.82	62966
2019.46	63157.5
2018.11	63179.4
2016.75	63147.8
2015.39	63306
2014.03	63060.9
2012.68	63090.1
2011.32	62999.7
2009.96	62769.4
2008.6	62991.9
2007.24	63087.4
2005.88	63168.1
2004.52	63096.1
2003.16	63002.1
2001.8	62952.2
2000.44	63214.8
1999.08	63260.5
1997.72	63074.7
1996.36	63320.5
1995	63450.6
1993.64	63356.6
1992.27	63040.6
1990.91	63157.8
1989.55	63203.3
1988.19	63443.3
1986.82	63122
1985.46	62984.2
1984.1	63335.9
1982.73	63546.3
1981.37	63285.7
1980	62995.9
1978.64	63211.8
1977.27	63372.6
1975.91	63165.3
1974.54	63122.9
1973.18	63358.6
1971.81	63039.9
1970.44	63553.6
1969.08	63761.7
1967.71	63549.1
1966.34	62936.2
1964.97	63950.3
1963.61	63169.5
1962.24	63324.4
1960.87	63720.4
1959.5	63584.7
1958.13	63430.9
1956.76	63136.5
1955.39	63183.6
1954.02	63175.9
1952.65	63843.2
1951.28	63570.9
1949.91	63601.4
1948.54	63580.9
1947.17	63693.4
1945.8	63846
1944.42	63972.9
1943.05	63597.1
1941.68	63704
1940.31	63495.9
1938.93	63790.3
1937.56	63493
1936.19	63772.8
1934.81	63770.4
1933.44	64064.5
1932.06	63514.6
1930.69	63155.9
1929.31	63431.7
1927.94	63831.1
1926.56	63652.4
1925.18	63397.4
1923.81	63642.1
1922.43	63347.4
1921.05	63653.7
1919.68	63631.3
1918.3	63536.3
1916.92	63688.2
1915.54	63569.6
1914.17	64038.8
1912.79	63826
1911.41	63440.9
1910.03	63996.9
1908.65	63568.5
1907.27	63653
1905.89	63545.5
1904.51	63564.8
1903.13	63424.8
1901.75	63360.8
1900.37	63325.8
1898.99	63412.1
1897.6	63469.4
1896.22	63282.5
1894.84	63656.2
1893.46	63214.4
1892.07	63819.4
1890.69	62992.7
1889.31	63691.5
1887.92	63228.3
1886.54	63437.2
1885.15	63133.2
1883.77	63226.5
1882.38	62991.3
1881	63265
1879.61	63304.1
1878.23	63500.1
1876.84	63367.7
1875.46	63262.5
1874.07	63204.2
1872.68	63136.8
1871.29	62804.6
1869.91	63146.4
1868.52	62634.2
1867.13	62676.9
1865.74	63164.3
1864.35	62612.8
1862.96	63103.6
1861.57	63308.1
1860.19	63251.7
1858.8	62995.6
1857.4	62854.7
1856.01	63255
1854.62	62849.9
1853.23	62811.5
1851.84	62589.9
1850.45	63175
1849.06	62926.4
1847.67	63078.4
1846.27	63061.6
1844.88	62976.6
1843.49	62676.2
1842.09	62899.9
1840.7	62644.5
1839.31	62878.8
1837.91	62871
1836.52	62766.4
1835.12	62615.2
1833.73	62654
1832.33	62834.3
1830.93	62953.6
1829.54	63164.3
1828.14	62755.3
1826.75	62509.4
1825.35	62550
1823.95	62565.4
1822.55	62632.8
1821.16	62632.1
1819.76	62951.5
1818.36	62296.5
1816.96	62565.8
1815.56	62007.6
1814.16	62843.2
1812.76	62519.2
1811.36	63057.8
1809.96	62510.7
1808.56	62711.8
1807.16	62498.7
1805.76	62558.7
1804.36	62511.6
1802.96	62304
1801.56	62414
1800.15	62210.1
1798.75	62409.1
1797.35	62661.5
1795.94	62318.6
1794.54	62239.6
1793.14	62536.4
1791.73	62601.5
1790.33	62100.6
1788.92	62301.1
1787.52	62142
1786.11	62200.1
1784.71	61930.8
1783.3	62152.5
1781.9	62183.9
1780.49	62352.1
1779.08	62399.3
1777.68	62473.3
1776.27	62330.4
1774.86	62320.8
1773.45	61979.1
1772.05	62356.6
1770.64	62348.8
1769.23	62287.7
1767.82	62138
1766.41	62476.1
1765	62095.8
1763.59	62167.8
1762.18	62484.4
1760.77	62333
1759.36	62408.4
1757.95	62322.6
1756.54	62183.7
1755.12	62053.6
1753.71	62160.9
1752.3	62015
1750.89	62428.4
1749.47	62167.5
1748.06	62225.2
1746.65	62270.4
1745.23	62204.2
1743.82	62031.9
1742.4	62075.4
1740.99	62373.2
1739.58	62261.1
1738.16	62083.7
1736.74	62361.9
1735.33	62096.3
1733.91	62708
1732.5	62382.4
1731.08	62579.2
1729.66	62310.1
1728.24	62418.6
1726.83	62315.5
1725.41	61918
1723.99	62483
1722.57	62457.5
1721.15	62544.7
1719.73	62418.7
1718.31	62349.1
1716.89	62450.4
1715.47	62409
1714.05	62612.2
1712.63	62315.7
1711.21	62592.7
1709.79	62236.5
1708.37	62508.2
1706.95	62619.8
1705.52	62383.3
1704.1	62252.3
1702.68	62365.6
1701.26	62654.5
1699.83	62423.5
1698.41	62441.9
1696.98	62548
1695.56	62694.5
1694.14	62586.4
1692.71	62739.8
1691.28	62545.8
1689.86	62539.6
1688.43	62706.9
1687.01	62409.6
1685.58	62878.3
1684.15	62947.3
1682.73	62613.4
1681.3	62969.7
1679.87	62826.7
1678.44	63149.5
1677.02	63346.1
1675.59	62585.5
1674.16	62799.6
1672.73	63409
1671.3	63420
1669.87	63317.4
1668.44	63396.6
1667.01	62932.2
1665.58	62925.8
1664.15	63274.1
1662.72	63215.2
1661.28	63421.8
1659.85	63811.6
1658.42	63899.3
1656.99	63685
1655.55	63530.2
1654.12	63577.7
1652.69	63715.9
1651.25	63904.6
1649.82	63898
1648.39	63928
1646.95	64332.6
1645.52	63529.7
1644.08	64092.7
1642.64	64214.9
1641.21	64243
1639.77	64269.4
1638.34	64408.9
1636.9	64579.6
1635.46	64515.4
1634.02	64489.5
1632.59	64649.7
1631.15	64380.3
1629.71	64660.4
1628.27	64790.8
1626.83	64719.7
1625.39	65060.2
1623.95	64938.7
1622.51	65402.3
1621.07	64734
1619.63	65499.4
1618.19	65464.7
1616.75	65494.1
1615.31	66007.4
1613.87	65896.2
1612.43	65904.7
1610.98	65788.4
1609.54	65878.3
1608.1	65963
1606.66	65819
1605.21	66258.7
1603.77	66000.5
1602.32	66665
1600.88	66370.4
1599.43	66444.4
1597.99	66483.9
1596.54	66359
1595.1	66573.1
1593.65	66512.2
1592.21	66515.3
1590.76	66577.1
1589.31	66053.2
1587.86	66616.1
1586.42	66596.7
1584.97	66440.9
1583.52	66445.7
1582.07	66390
1580.62	66351.7
1579.17	66368.6
1577.72	66452.7
1576.28	65847
1574.83	66131.2
1573.37	65943
1571.92	66146
1570.47	66226.7
1569.02	66152.2
1567.57	65690.3
1566.12	66094.7
1564.67	66507.4
1563.21	66322.8
1561.76	65887.1
1560.31	65953.8
1558.85	66042.9
1557.4	65726.1
1555.95	66293.2
1554.49	65955.8
1553.04	65890.2
1551.58	65960.3
1550.13	66298.3
1548.67	65624.6
1547.21	66256.2
1545.76	65922.7
1544.3	65700.9
1542.84	66433.2
1541.39	66075.9
1539.93	65864.5
1538.47	66207.1
1537.01	65675.1
1535.56	65829
1534.1	65653.8
1532.64	65295.4
1531.18	65711.3
1529.72	65796.6
1528.26	65809.9
1526.8	65840.3
1525.34	65673.8
1523.88	65866.8
1522.42	65358.3
1520.95	65287.8
1519.49	65306.3
1518.03	65382.9
1516.57	65249.2
1515.1	65317.2
1513.64	64903.4
1512.18	65074
1510.71	64706.5
1509.25	64921.4
1507.79	64825.5
1506.32	64958.4
1504.86	64744.8
1503.39	64556.9
1501.92	64759.6
1500.46	64935
1498.99	64878.5
1497.53	64678.7
1496.06	64596.7
1494.59	65024.1
1493.12	64843.2
1491.66	65048.9
1490.19	65179.7
1488.72	64520.5
1487.25	64576.4
1485.78	64834.8
1484.31	64358.1
1482.84	64720.2
1481.37	64582.1
1479.9	64450.9
1478.43	64566.2
1476.96	64795.4
1475.49	65068.6
1474.02	64733.5
1472.54	64427.5
1471.07	64591.9
1469.6	64620.4
1468.13	64372.3
1466.65	64945.6
1465.18	65710.3
1463.71	65168.7
1462.23	65098.7
1460.76	65259.3
1459.28	65614.8
1457.81	65537.9
1456.33	65501.8
1454.86	65079.4
1453.38	65287.3
1451.9	65351.1
1450.43	65731.5
1448.95	65197.7
1447.47	65539
1445.99	65448.7
1444.52	65620.7
1443.04	65484.8
1441.56	65409.8
1440.08	65931.6
1438.6	65770.3
1437.12	65523
1435.64	65814.6
1434.16	65808.8
1432.68	65980.4
1431.2	65458
1429.72	65504.7
1428.24	65816.2
1426.75	65699.1
1425.27	65831.6
1423.79	65638.7
1422.31	65506.5
1420.82	65595.2
1419.34	65511.9
1417.86	65496.1
1416.37	65842.4
1414.89	65727.2
1413.4	65576.6
1411.92	65538.9
1410.43	66022.9
1408.95	66277.9
1407.46	66041.5
1405.97	65966.7
1404.49	65833
1403	66570.3
1401.51	66234.9
1400.03	66499.5
1398.54	66293.6
1397.05	66786.6
1395.56	66449.7
1394.07	66885.3
1392.58	67126
1391.09	67052.7
1389.6	67041.6
1388.11	66954.9
1386.62	67094.8
1385.13	67118.8
1383.64	67575.4
1382.15	67839
1380.66	67686.9
1379.17	68298.9
1377.67	67798.3
1376.18	68255.9
1374.69	68077.1
1373.19	68653.2
1371.7	68996.5
1370.21	69393.2
1368.71	69333
1367.22	70010.4
1365.72	69916.7
1364.23	69973.4
1362.73	70952.7
1361.23	70914
1359.74	70905.3
1358.24	71606.5
1356.74	71769.7
1355.25	72660.7
1353.75	72533.1
1352.25	73497.1
1350.75	74275.4
1349.25	74239.2
1347.76	74885.3
1346.26	75342.6
1344.76	75578
1343.26	76173.3
1341.76	77069.9
1340.26	77316.4
1338.75	78377.3
1337.25	78695
1335.75	78554.8
1334.25	80065.8
1332.75	80198.2
1331.25	80122.5
1329.74	81243
1328.24	81569.6
1326.74	81400.6
1325.23	82097.7
1323.73	82096.5
1322.22	81688.2
1320.72	81957.8
1319.21	81734.1
1317.71	82113.2
1316.2	81833
1314.7	81043.4
1313.19	81115.4
1311.68	80634.9
1310.18	80302.2
1308.67	80306.3
1307.16	79265.8
1305.65	78847.4
1304.14	78576.7
1302.63	77865.3
1301.13	77237.1
1299.62	76998.3
1298.11	76716.6
1296.6	75918.5
1295.09	75359.1
1293.58	74849.5
1292.06	74365
1290.55	73908.9
1289.04	73457.8
1287.53	73307.9
1286.02	73186.2
1284.5	72725.7
1282.99	71966.3
1281.48	71849.8
1279.96	71284.2
1278.45	71050.7
1276.94	71182.2
1275.42	70826.7
1273.91	70638
1272.39	69997.3
1270.87	69391.5
1269.36	69839.8
1267.84	69608.6
1266.33	69082.4
1264.81	69026.2
1263.29	68284.5
1261.77	68356.9
1260.26	68493.5
1258.74	68221.7
1257.22	67959.9
1255.7	67564.9
1254.18	67514
1252.66	66839.6
1251.14	67027.3
1249.62	66496.3
1248.1	66506.5
1246.58	66220.7
1245.06	65977.9
1243.54	65850.1
1242.01	65977
1240.49	66054.5
1238.97	65764.3
1237.45	65533.2
1235.92	65031.5
1234.4	65484.9
1232.88	64448.6
1231.35	64805.2
1229.83	64428.6
1228.3	64811.3
1226.78	64138.2
1225.25	64252
1223.72	64523.1
1222.2	64071.6
1220.67	64049.4
1219.14	64344.9
1217.62	63846.3
1216.09	63658.8
1214.56	63865.8
1213.03	63120.6
1211.5	63538.6
1209.98	63210.7
1208.45	63134.8
1206.92	63402.1
1205.39	62744.4
1203.86	63046
1202.33	62970.1
1200.79	62832.2
1199.26	62885.4
1197.73	62713.3
1196.2	62386.2
1194.67	62483.5
1193.13	62517.1
1191.6	62268.6
1190.07	62268
1188.53	62345.7
1187	62322.2
1185.47	61792.1
1183.93	62184.1
1182.4	61753.6
1180.86	61785.6
1179.33	61676
1177.79	61429.8
1176.25	60872.8
1174.72	61321.5
1173.18	61282
1171.64	61049.1
1170.1	60977.1
1168.57	61103.5
1167.03	61059.3
1165.49	60472.3
1163.95	60811.6
1162.41	60090.1
1160.87	60521.8
1159.33	60323.5
1157.79	60173.9
1156.25	60005
1154.71	60244.8
1153.17	60257.6
1151.63	60062.7
1150.08	60036.6
1148.54	59874.3
1147	60029.6
1145.46	59907.9
1143.91	60051.9
1142.37	59860.5
1140.82	59708.1
1139.28	59795.4
1137.73	60018.5
1136.19	60243.2
1134.64	60228.3
1133.1	59864.1
1131.55	59721.6
1130.01	59910.5
1128.46	59939.4
1126.91	60108.8
1125.36	60152.1
1123.82	60158.3
1122.27	60422.8
1120.72	60162.5
1119.17	60460.7
1117.62	60379.7
1116.07	59971.1
1114.52	60525.7
1112.97	60149.5
1111.42	60563.5
1109.87	60426.1
1108.32	60312.8
1106.77	60128.8
1105.22	60076.9
1103.66	59859.1
1102.11	59778.3
1100.56	59697.5
1099	59671.5
1097.45	59542.5
1095.9	59621.1
1094.34	59575.7
1092.79	59708.9
1091.23	59469.1
1089.68	59449.6
1088.12	59523.2
1086.56	58957.4
1085.01	59283.4
1083.45	59538.5
1081.89	59343.9
1080.34	59197.6
1078.78	59062.6
1077.22	59270.9
1075.66	59195.3
1074.1	59220.7
1072.54	59453
1070.98	59558.5
1069.43	58981.2
1067.86	58902.5
1066.3	58897.5
1064.74	58838
1063.18	58980.4
1061.62	58736.8
1060.06	58813.5
1058.5	58891.7
1056.93	58704.3
1055.37	58397
1053.81	58556.8
1052.24	58444.7
1050.68	58738.7
1049.12	58529.2
1047.55	58148.8
1045.99	57909.1
1044.42	58124.7
1042.85	57899.4
1041.29	57940.9
1039.72	57743
1038.16	57784.4
1036.59	57203.7
1035.02	57291.6
1033.45	57141.8
1031.88	57046.2
1030.32	56753.1
1028.75	56627.4
1027.18	56753.4
1025.61	56334.7
1024.04	56307.9
1022.47	56292.3
1020.9	55934.4
1019.33	55931.5
1017.76	56184.9
1016.18	55812.9
1014.61	55568.4
1013.04	55287.4
1011.47	55113
1009.89	55305.8
1008.32	54880.4
1006.75	55386.1
1005.17	55089.5
1003.6	55180.5
1002.02	54830.2
1000.45	54930.7
998.873	54653.5
997.297	54854
995.721	54959.2
994.145	54698
992.568	54435.4
990.991	54039.7
989.413	54683.8
987.835	54041.1
986.257	54380.8
984.678	54018.7
983.099	54635.3
981.52	54274.9
979.94	54213.8
978.36	54059.4
976.78	53811.7
975.199	53907.3
973.618	54198.9
972.037	54020.9
970.455	54136.9
968.873	54226
967.29	53431.9
965.707	53723.3
964.124	54069.8
962.541	53536.8
960.957	53715.9
959.373	53754.5
957.788	53387.6
956.203	53629.6
954.618	53414.3
953.032	53672
951.446	53341.7
949.86	53068.2
948.273	53398.3
946.686	53298.2
945.099	53058
943.511	53047.8
941.923	52939.9
940.334	52758.2
938.745	53147.7
937.156	52814.9
935.567	52935.3
933.977	53065
932.387	52381.9
930.796	52816.6
929.205	52481.2
927.614	52549.6
926.022	52822.2
924.43	52672.2
922.838	52792.4
921.245	52877.9
919.652	52569.6
918.058	52757.1
916.465	52175.9
914.87	52049.8
913.276	52453.7
911.681	52446.7
910.086	52405.3
908.49	52108.4
906.894	52302
905.298	52349.9
903.701	52028.1
902.104	52339
900.507	51915.7
898.909	52414.3
897.311	52124.1
895.713	51971.7
894.114	52046.1
892.515	51884.4
890.916	52002.6
889.316	51926.9
887.715	51877.8
886.115	51917.7
884.514	51712.5
882.913	52081.9
881.311	51703.5
879.709	51787.1
878.107	52012.7
876.504	51696.9
874.901	51607.4
873.298	51371.3
871.694	51872.7
870.09	51424.7
868.485	51335.3
866.88	51406.4
865.275	51352.9
863.669	51585.8
862.064	51622.6
860.457	51603.2
858.851	51440.8
857.244	51412.1
855.636	51663.5
854.028	51622.4
852.42	51561.1
850.812	51484.3
849.203	51496.1
847.594	51441
845.984	51838
844.375	51582.6
842.764	51446.9
841.154	51665.1
839.543	51863
837.931	51868.4
836.32	51971.6
834.708	51736.7
833.095	51977.8
831.482	52180.1
829.869	52129.6
828.256	52009.5
826.642	51985.4
825.028	51984.6
823.413	52129.4
821.798	51936.6
820.183	52181.8
818.567	51914.8
816.951	51654.1
815.335	51948.8
813.718	51630.9
812.101	51441.6
810.483	51561.4
808.865	51301.1
807.247	51346.7
805.629	51152.9
804.01	50865
802.39	50926.2
800.771	50916.3
799.151	50340.1
797.53	50459.9
795.91	50625.9
794.288	50267.6
792.667	49658.1
791.045	49757.9
789.423	49828.4
787.8	49889.6
786.177	49725.9
784.554	49465.3
782.93	49543.5
781.306	49349.1
779.682	49344.2
778.057	49687
776.432	49315.9
774.807	49310.9
773.181	49167.6
771.554	48972.1
769.928	48792
768.301	49080.7
766.674	49172.5
765.046	49176.8
763.418	49277.9
761.789	48984.3
760.161	49131.4
758.531	49316.7
756.902	49290.3
755.272	49322.1
753.642	49335.6
752.011	48938.1
750.38	49123.3
748.749	49201.1
747.117	49376.9
745.485	49163.6
743.852	49333.3
742.22	49008.3
740.586	49216.1
738.953	49775.9
737.319	49480.1
735.685	49354.2
734.05	49364.5
732.415	49257
730.779	49323.9
729.144	49875.2
727.507	49611.8
725.871	49565.5
724.234	49580.3
722.597	49584.4
720.959	49906
719.321	49795.5
717.683	49901.8
716.044	49930.2
714.405	49710
712.765	49994.6
711.126	50024.4
709.485	49872.9
707.845	50027.8
706.204	49818.4
704.563	50125.5
702.921	50290.8
701.279	50351
699.636	50309.2
697.993	50506.3
696.35	50386.9
694.707	50723.8
693.063	50583.1
691.419	50960.9
689.774	50900.7
688.129	50939.4
686.483	51016
684.838	51081.9
683.191	51559.4
681.545	51561.4
679.898	51706.1
678.251	51935.7
676.603	52040.8
674.955	51845.5
673.307	52243.2
671.658	52322.4
670.009	52636.5
668.359	52568.5
666.709	52988.4
665.059	53150.6
663.408	53176.5
661.757	53527.9
660.106	53517.2
658.454	53276.6
656.802	53070.8
655.15	53297.8
653.497	53396.2
651.844	52945.6
650.19	53015.2
648.536	52456
646.881	52608.8
645.227	52480.6
643.572	52393.2
641.916	52275.6
640.26	52153.5
638.604	52845.1
636.947	52809
635.29	52952.4
633.633	53219.4
631.975	53629.6
630.317	53775.8
628.659	54491.6
627	55116.7
625.34	56210.1
623.681	56792.4
622.021	57693.7
620.36	59494.9
618.7	60303.3
617.038	61630.5
615.377	63002.3
613.715	64478.8
612.053	64838.6
610.39	64875
608.727	63749.3
607.064	62173.3
605.4	61002.2
603.736	58895.7
602.071	56751.1
600.406	55398.8
598.741	53895.5
597.075	52472.4
595.409	51546.7
593.743	50669.3
592.076	50335.3
590.409	49337.2
588.741	49468.4
587.073	48802.2
585.405	48278.6
583.736	48192.7
582.067	47907.6
580.397	47564.3
578.728	47625.3
577.057	47409.4
575.387	47395.6
573.716	46897.1
572.044	46844.6
570.373	46769.6
568.7	46684.2
567.028	46117.5
565.355	46390.9
563.682	46450.6
562.008	46290.6
560.334	46126.3
558.66	45584.2
556.985	45900.8
555.31	45602.3
553.634	45772.4
551.958	45521.8
550.282	45310.1
548.605	45187.9
546.928	45350.6
545.25	44931.9
543.573	44915.7
541.894	45118.4
540.216	45155.8
538.537	45331.6
536.857	45398.7
535.178	44804.9
533.497	44921.2
531.817	45123.6
530.136	45379.6
528.455	44935
526.773	45030.3
525.091	45342.6
523.408	45225.2
521.725	45440.7
520.042	45889.3
518.359	46051
516.675	46318.1
514.99	46510.9
513.305	46592.2
511.62	47200.2
509.935	47539.5
508.249	47973.5
506.562	48173
504.876	48962.4
503.189	49452.1
501.501	49857.1
499.813	49950.8
498.125	50719.8
496.436	50232.9
494.747	50265.9
493.058	49714.2
491.368	49495.7
489.678	49169.4
487.987	48259
486.297	47771.9
484.605	46909.6
482.913	46736.3
481.221	46322.2
479.529	45992.6
477.836	45373.6
476.143	45187.5
474.449	44963.1
472.755	44762.5
471.061	44517.6
469.366	44298
467.67	44127.1
465.975	43844.2
464.279	44267.5
462.582	43807.9
460.886	43584.2
459.189	43692.1
457.491	43920.6
455.793	43912
454.095	43957.9
452.396	43972.8
450.697	44254.1
448.997	44096.8
447.298	44385.3
445.597	44463.3
443.897	44535.4
442.196	45008.7
440.494	45085.1
438.792	45731.4
437.09	45895.6
435.387	46224.3
433.684	47044.6
431.981	47516.6
430.277	48301
428.573	49400.4
426.868	50920.2
425.163	52361.6
423.458	53611.8
421.752	55600
420.046	58019.7
418.34	60717.9
416.633	63211.4
414.925	66534
413.218	69212.3
411.51	71320.1
409.801	71391.5
408.092	70277.9
406.383	67594
404.673	64248.9
402.963	60085.1
401.253	56782.7
399.542	53798.9
397.831	51067.8
396.119	48939.7
394.407	47478.4
392.694	45944.8
390.982	45086.2
389.268	44572.4
387.555	44214.9
385.841	43663.6
384.126	43354.6
382.411	43130.3
380.696	42821.6
378.981	42272.5
377.265	42450.7
375.548	42392.9
373.832	41906.9
372.114	41732.8
370.397	41373.8
368.679	41701.9
366.96	41804.3
365.242	41093.6
363.523	41222.2
361.803	41095
360.083	40996.8
358.363	40988.8
356.642	40871.9
354.921	40624.2
353.199	40789.1
351.477	40676.6
349.755	40851.6
348.032	40723.1
346.309	40863.2
344.586	41168.5
342.862	41180.8
341.137	41256.8
339.413	41199.4
337.688	41558
335.962	41710.7
334.236	42390.5
332.51	42579.1
330.783	42924
329.056	43040
327.328	43814.5
325.601	44349.8
323.872	45181.4
322.144	46053.1
320.414	47212.1
318.685	47990.5
316.955	49561.8
315.225	51485
313.494	53449.2
311.763	55302.6
310.031	58821.4
308.299	61736.7
306.567	65530.9
304.834	69598.9
303.101	74690.7
301.368	80691.5
299.634	86118.6
297.9	91256.3
296.165	96968.1
294.43	100225
292.694	101763
290.958	99304.3
289.222	93823
287.485	85505.5
285.748	77086.8
284.011	69164.1
282.273	62824.4
280.534	58006.5
278.795	53691.1
277.056	50819.5
275.317	48322.8
273.577	46752.7
271.836	45410.2
270.096	45279.1
268.355	44549.2
266.613	44632.2
264.871	44231.5
263.129	44156.6
261.386	43789.2
259.643	44577.9
257.899	44409.8
256.155	44732.1
254.411	45241.9
252.666	45977.9
250.921	46872.6
249.175	47894.3
247.429	49641.5
245.683	50853.9
243.936	51738
242.189	52056.5
240.441	52070.1
238.693	52517.1
236.944	53264.1
235.196	54697
233.446	57265.4
231.697	60166.9
229.947	64542.7
228.196	70398.9
226.445	73653.7
224.694	73663.7
222.942	70573.9
221.19	66208.4
219.437	60411.4
217.685	55341.5
215.931	51617.2
214.177	48429.1
212.423	45873.9
210.669	44201.8
208.914	43079
207.158	42422.4
205.403	42033.8
203.646	41713.6
201.89	41652.7
200.133	41614.5
