4501.29	4275.09
4500.4	4207.18
4499.52	4229.08
4498.64	4067.13
4497.75	4103.19
4496.87	4040.27
4495.98	4121.55
4495.1	4126.49
4494.22	4024.04
4493.33	4085.5
4492.45	4073.49
4491.56	4047.36
4490.68	3880.04
4489.79	4091.13
4488.9	4028.31
4488.02	3973.98
4487.13	3835.02
4486.25	4048.78
4485.36	3912.67
4484.47	3957.11
4483.59	3888.75
4482.7	3938.82
4481.81	3833.83
4480.93	3790.89
4480.04	3838.13
4479.15	3798.02
4478.26	3842.43
4477.38	3675.59
4476.49	3796.04
4475.6	3770.04
4474.71	3811.61
4473.83	3743.39
4472.94	3824.35
4472.05	3801.17
4471.16	3721.74
4470.27	3735.16
4469.38	3785.13
4468.49	3649.51
4467.6	3542.05
4466.71	3603.27
4465.82	3802.16
4464.93	3649.78
4464.04	3500.25
4463.15	3626.03
4462.26	3692.8
4461.37	3633.19
4460.48	3646.6
4459.59	3693.67
4458.7	3507.82
4457.81	3549.29
4456.92	3666.5
4456.03	3536.84
4455.14	3533.42
4454.24	3518.78
4453.35	3434.07
4452.46	3624.06
4451.57	3393.64
4450.68	3577.97
4449.78	3552.13
4448.89	3464.68
4448	3416.47
4447.11	3508.27
4446.21	3476.87
4445.32	3493.05
4444.43	3503.64
4443.53	3497.43
4442.64	3645.08
4441.75	3412.3
4440.85	3559.92
4439.96	3514.56
4439.06	3388.15
4438.17	3546.87
4437.27	3420.5
4436.38	3478.58
4435.48	3461.21
4434.59	3443.85
4433.69	3457.21
4432.8	3453.81
4431.9	3469.96
4431.01	3433.07
4430.11	3502.23
4429.22	3412.34
4428.32	3612.59
4427.42	3553.39
4426.53	3471.9
4425.63	3507.54
4424.73	3434.44
4423.84	3408.76
4422.94	3600.45
4422.04	3449.36
4421.14	3443.19
4420.25	3453.72
4419.35	3430.84
4418.45	3458.09
4417.55	3549.35
4416.65	3593.26
4415.76	3556.45
4414.86	3408.37
4413.96	3635.88
4413.06	3512.87
4412.16	3537.28
4411.26	3539.44
4410.36	3630.56
4409.46	3532.64
4408.56	3470.89
4407.66	3567.53
4406.76	3541.9
4405.86	3646.82
4404.96	3607.31
4404.06	3565.03
4403.16	3717.09
4402.26	3708.11
4401.36	3563.16
4400.46	3634.67
4399.56	3539.72
4398.66	3730.47
4397.76	3652.17
4396.85	3723.62
4395.95	3770.1
4395.05	3603.14
4394.15	3682.87
4393.25	3643.43
4392.34	3772.99
4391.44	3730.79
4390.54	3586.13
4389.64	3765.47
4388.73	3786.96
4387.83	3777.99
4386.93	3744.12
4386.02	3699.2
4385.12	3773.24
4384.21	3874.91
4383.31	3821.69
4382.41	3868.02
4381.5	3781.65
4380.6	3758.88
4379.69	3943.37
4378.79	3823.87
4377.88	3792.81
4376.98	3847.38
4376.07	4001.35
4375.17	3837.75
4374.26	3953.02
4373.36	3910.92
4372.45	3879.88
4371.54	3915.07
4370.64	3906.11
4369.73	4046.08
4368.82	3957.13
4367.92	3972.98
4367.01	4079.79
4366.1	4068.05
4365.2	3979.15
4364.29	3854.47
4363.38	4027.34
4362.47	3971.55
4361.57	4003.9
4360.66	4094.05
4359.75	4076.81
4358.84	4125.64
4357.93	4111.15
4357.02	4201.22
4356.11	4002.43
4355.21	4004.47
4354.3	4058.77
4353.39	4033.31
4352.48	4175.54
4351.57	4229.78
4350.66	4168.58
4349.75	4192.57
4348.84	4271.5
4347.93	4086.73
4347.02	4171.14
4346.11	4250.03
4345.2	4068.11
4344.29	4185.41
4343.37	4173.69
4342.46	4167.47
4341.55	4114.62
4340.64	4300.39
4339.73	4258.51
4338.82	4096
4337.9	4281.68
4336.99	4223.37
4336.08	4252.77
4335.17	4304.08
4334.26	4412.89
4333.34	4302.56
4332.43	4222.39
4331.52	4249.03
4330.6	4412.52
4329.69	4217.43
4328.78	4394.55
4327.86	4369.15
4326.95	4346.5
4326.03	4181.64
4325.12	4317.62
4324.21	4243.05
4323.29	4253.23
4322.38	4279.81
4321.46	4407.48
4320.55	4436.76
4319.63	4430.52
4318.72	4377.85
4317.8	4341.58
4316.88	4267.1
4315.97	4372.8
4315.05	4481.19
4314.14	4322.14
4313.22	4354.12
4312.3	4443.37
4311.39	4437.13
4310.47	4360
4309.55	4337.42
4308.63	4513.83
4307.72	4404.02
4306.8	4392.35
4305.88	4530.51
4304.96	4393.52
4304.05	4436.32
4303.13	4419.2
4302.21	4323.14
4301.29	4368.64
4300.37	4299.84
4299.45	4206.57
4298.54	4352.73
4297.62	4441.72
4296.7	4451.82
4295.78	4391.21
4294.86	4385
4293.94	4408.69
4293.02	4530.2
4292.1	4385.39
4291.18	4493.28
4290.26	4492.49
4289.34	4418.37
4288.42	4349.71
4287.5	4557.98
4286.57	4489.32
4285.65	4393.54
4284.73	4381.91
4283.81	4505.93
4282.89	4532.25
4281.97	4349.76
4281.04	4536.08
4280.12	4391.6
4279.2	4426.06
4278.28	4368.37
4277.35	4492.23
4276.43	4515.81
4275.51	4509.6
4274.59	4495.26
4273.66	4497.17
4272.74	4420.58
4271.81	4444.16
4270.89	4370.31
4269.97	4472.35
4269.04	4493.2
4268.12	4565.43
4267.19	4410.49
4266.27	4488.11
4265.34	4506.24
4264.42	4383.82
4263.49	4501.94
4262.57	4439.01
4261.64	4405.8
4260.72	4537.36
4259.79	4436.65
4258.87	4535.76
4257.94	4440.48
4257.01	4436.99
4256.09	4406.52
4255.16	4564.92
4254.23	4623.46
4253.31	4506.67
4252.38	4317.12
4251.45	4370.27
4250.52	4574.36
4249.6	4401.06
4248.67	4378.73
4247.74	4483.02
4246.81	4608.83
4245.88	4524.53
4244.96	4311
4244.03	4544.46
4243.1	4414.45
4242.17	4545.54
4241.24	4367.14
4240.31	4638.09
4239.38	4489.33
4238.45	4469.71
4237.52	4501.18
4236.59	4527.27
4235.66	4521.09
4234.73	4579.41
4233.8	4643.08
4232.87	4521.37
4231.94	4628.01
4231.01	4482.17
4230.08	4486.74
4229.15	4459.1
4228.22	4466.36
4227.28	4586.33
4226.35	4521.12
4225.42	4587.39
4224.49	4514.15
4223.56	4435.58
4222.62	4534
4221.69	4442.05
4220.76	4494.87
4219.83	4488.71
4218.89	4536.14
4217.96	4436.22
4217.03	4515.78
4216.09	4573.89
4215.16	4583.79
4214.23	4550.85
4213.29	4544.69
4212.36	4640.22
4211.42	4417.33
4210.49	4456.67
4209.55	4581.58
4208.62	4513.92
4207.68	4448.95
4206.75	4424.1
4205.81	4436.67
4204.88	4473.3
4203.94	4370.98
4203.01	4477.05
4202.07	4572.4
4201.13	4547.56
4200.2	4407.92
4199.26	4465.86
4198.32	4505.1
4197.39	4512.3
4196.45	4450.14
4195.51	4665.41
4194.58	4549.9
4193.64	4415.76
4192.7	4545.61
4191.76	4648.76
4190.82	4504.02
4189.89	4631.12
4188.95	4499.75
4188.01	4562.88
4187.07	4466.19
4186.13	4478.71
4185.19	4475.25
4184.25	4407.91
4183.31	4436.4
4182.37	4560.67
4181.43	4296.48
4180.49	4434.03
4179.55	4422.61
4178.61	4315.46
4177.67	4407.74
4176.73	4494.67
4175.79	4355.67
4174.85	4330.99
4173.91	4439.13
4172.97	4448.97
4172.03	4379.13
4171.09	4511.11
4170.14	4321.82
4169.2	4437.83
4168.26	4399.89
4167.32	4245.22
4166.38	4329.35
4165.43	4386.93
4164.49	4319.85
4163.55	4398.62
4162.6	4400.49
4161.66	4288.39
4160.72	4351.22
4159.77	4363.69
4158.83	4331.13
4157.89	4449.54
4156.94	4350.77
4156	4328.81
4155.05	4367.74
4154.11	4364.32
4153.16	4334.43
4152.22	4386.57
4151.27	4375.21
4150.33	4398.23
4149.38	4450.33
4148.44	4312.06
4147.49	4380.01
4146.55	4434.73
4145.6	4344.1
4144.65	4293.13
4143.71	4226.32
4142.76	4373.46
4141.81	4327.79
4140.87	4509.18
4139.92	4334.17
4138.97	4438.96
4138.03	4432.89
4137.08	4450.56
4136.13	4307.33
4135.18	4338.21
4134.23	4268.88
4133.29	4318.21
4132.34	4428.14
4131.39	4324.57
4130.44	4281.64
4129.49	4344.1
4128.54	4364.39
4127.59	4403.11
4126.64	4215.39
4125.69	4275.18
4124.74	4232.3
4123.79	4318.39
4122.84	4509.68
4121.89	4358.93
4120.94	4252.95
4119.99	4394.19
4119.04	4267.2
4118.09	4290.1
4117.14	4263.05
4116.19	4285.93
4115.24	4190.58
4114.28	4271.27
4113.33	4286.26
4112.38	4343.26
4111.43	4284.72
4110.48	4255.08
4109.52	4354.05
4108.57	4203.7
4107.62	4323.63
4106.66	4396.31
4105.71	4277.5
4104.76	4211.18
4103.8	4338.89
4102.85	4267.34
4101.9	4308.51
4100.94	4294.63
4099.99	4304.34
4099.03	4266.9
4098.08	4255.66
4097.12	4338.69
4096.17	4468.81
4095.21	4255.99
4094.26	4362.53
4093.3	4288.48
4092.35	4285.1
4091.39	4242.48
4090.44	4184.19
4089.48	4348.16
4088.52	4329.08
4087.57	4265.58
4086.61	4424.22
4085.65	4290.17
4084.7	4378.22
4083.74	4476.69
4082.78	4360.98
4081.82	4258.38
4080.87	4341.15
4079.91	4350.81
4078.95	4410.05
4077.99	4377.95
4077.03	4322.38
4076.08	4352.9
4075.12	4513.79
4074.16	4429.55
4073.2	4441.79
4072.24	4302.87
4071.28	4455.83
4070.32	4384.69
4069.36	4305.76
4068.4	4385.72
4067.44	4379.72
4066.48	4319.06
4065.52	4378.15
4064.56	4421.61
4063.6	4371.37
4062.64	4513.67
4061.68	4481.65
4060.72	4548.46
4059.75	4389.03
4058.79	4468.84
4057.83	4652.58
4056.87	4417.85
4055.91	4263.76
4054.94	4670.85
4053.98	4449.24
4053.02	4482.2
4052.06	4548.9
4051.09	4581.83
4050.13	4526.5
4049.17	4455.62
4048.2	4530.06
4047.24	4529.24
4046.27	4551.77
4045.31	4576.88
4044.35	4404.95
4043.38	4393.78
4042.42	4553.68
4041.45	4620.24
4040.49	4443.23
4039.52	4483.87
4038.56	4446.81
4037.59	4500.39
4036.63	4447.8
4035.66	4540.18
4034.69	4448.78
4033.73	4649.81
4032.76	4509.27
4031.8	4642.96
4030.83	4585.23
4029.86	4636.12
4028.89	4619.78
4027.93	4608.6
4026.96	4680.13
4025.99	4606.94
4025.02	4662.95
4024.06	4690.52
4023.09	4663.85
4022.12	4699.16
4021.15	4638.94
4020.18	4663.91
4019.21	4758.55
4018.25	4636.43
4017.28	4785.21
4016.31	4663.13
4015.34	4574.61
4014.37	4615.04
4013.4	4624.52
4012.43	4664.92
4011.46	4609.97
4010.49	4689
4009.52	4675.28
4008.55	4808.36
4007.58	4619.52
4006.6	4690.77
4005.63	4589.53
4004.66	4758.56
4003.69	4667.65
4002.72	4713.11
4001.75	4858.88
4000.77	4816.85
3999.8	4738.84
3998.83	4771.41
3997.86	4762.84
3996.88	4898.18
3995.91	4825.35
3994.94	4814.2
3993.96	4800.49
3992.99	4922.89
3992.02	4829.57
3991.04	4710.61
3990.07	4899.69
3989.1	4847.48
3988.12	4918.45
3987.15	4714.9
3986.17	4857.68
3985.2	4705.51
3984.22	4812.34
3983.25	4937.08
3982.27	4838.79
3981.3	4894.29
3980.32	4993.33
3979.34	4882.28
3978.37	4981.28
3977.39	5052.07
3976.41	4925.71
3975.44	4942.74
3974.46	5051.89
3973.48	5017.71
3972.51	4973.32
3971.53	4877.78
3970.55	4956.17
3969.57	5070.34
3968.6	5036.19
3967.62	5088.95
3966.64	5085.47
3965.66	5089.66
3964.68	5022.32
3963.7	5023.97
3962.73	5040.93
3961.75	5116.62
3960.77	5054.43
3959.79	5012.68
3958.81	5205.71
3957.83	5041.48
3956.85	5099.23
3955.87	5108.51
3954.89	5133.09
3953.91	5165.3
3952.93	4947.7
3951.94	5255.18
3950.96	5080.95
3949.98	5118.25
3949	5079.11
3948.02	5215.72
3947.04	5125.65
3946.06	5190.92
3945.07	5238.34
3944.09	5245.02
3943.11	5205.9
3942.13	5194.78
3941.14	5354.08
3940.16	5223.42
3939.18	5326.72
3938.19	5264.74
3937.21	5202.79
3936.23	5285.7
3935.24	5307.61
3934.26	5164.39
3933.27	5234.57
3932.29	5319.96
3931.3	5402.78
3930.32	5483.03
3929.33	5446.5
3928.35	5442.97
3927.36	5330.36
3926.38	5418.17
3925.39	5523.7
3924.41	5304.63
3923.42	5468.46
3922.43	5530.84
3921.45	5474.08
3920.46	5359.06
3919.47	5512.62
3918.49	5481.23
3917.5	5437.18
3916.51	5453.92
3915.52	5516.22
3914.54	5644.3
3913.55	5504.09
3912.56	5518.27
3911.57	5684.23
3910.58	5435.33
3909.6	5497.56
3908.61	5481.39
3907.62	5657.35
3906.63	5744.78
3905.64	5561.79
3904.65	5588.57
3903.66	5471.36
3902.67	5594.12
3901.68	5572.9
3900.69	5617.33
3899.7	5485.05
3898.71	5685.95
3897.72	5717.72
3896.73	5681.36
3895.74	5713.12
3894.74	5628.86
3893.75	5741.3
3892.76	5808.32
3891.77	5663.59
3890.78	5682.72
3889.79	5790.03
3888.79	5811.65
3887.8	5599.02
3886.81	5907.75
3885.81	5732.95
3884.82	5860.28
3883.83	5745.96
3882.83	5853.12
3881.84	5902.37
3880.85	5903.81
3879.85	5925.37
3878.86	5851.37
3877.86	5862.88
3876.87	5937.22
3875.88	5850.69
3874.88	5827.01
3873.89	5966.63
3872.89	5875.12
3871.89	5951.9
3870.9	5928.22
3869.9	5972.33
3868.91	5951.16
3867.91	5997.75
3866.91	5981.61
3865.92	5935.36
3864.92	6032.1
3863.92	6096.2
3862.93	6135.2
3861.93	6038.82
3860.93	6145.5
3859.93	6126.83
3858.94	6150.77
3857.94	6114.58
3856.94	6110.96
3855.94	6240.05
3854.94	6241.42
3853.94	6170.19
3852.95	6106.5
3851.95	6052.84
3850.95	6146.8
3849.95	6095.65
3848.95	6044.52
3847.95	6228.45
3846.95	6202.31
3845.95	6296.16
3844.95	6205.05
3843.95	6206.41
3842.95	6182.8
3841.95	6244.11
3840.94	6170.55
3839.94	6269.29
3838.94	6358.01
3837.94	6386.8
3836.94	6355.69
3835.94	6294.65
3834.93	6188.73
3833.93	6329.76
3832.93	6351.05
3831.93	6369.83
3830.92	6273.95
3829.92	6340.09
3828.92	6438.6
3827.91	6571.95
3826.91	6453.68
3825.91	6300.59
3824.9	6545.94
3823.9	6659.25
3822.89	6523.63
3821.89	6577.18
3820.88	6620.77
3819.88	6599.66
3818.87	6392.01
3817.87	6609.67
3816.86	6501.56
3815.86	6622.17
3814.85	6548.88
3813.84	6495.5
3812.84	6668.22
3811.83	6632.23
3810.83	6427.37
3809.82	6684.43
3808.81	6658.38
3807.8	6729.14
3806.8	6794.92
3805.79	6669.61
3804.78	6750.25
3803.77	6701.89
3802.77	6698.18
3801.76	6791.18
3800.75	6623.84
3799.74	6724.25
3798.73	6787.45
3797.72	6739.13
3796.71	6829.55
3795.7	6865.45
3794.69	6797.33
3793.68	6855.5
3792.67	6680.97
3791.66	6825.77
3790.65	7022.47
3789.64	7090.45
3788.63	6826.96
3787.62	6922.16
3786.61	6995.07
3785.6	7045.7
3784.59	6999.92
3783.58	7099.96
3782.56	7113.48
3781.55	7097.35
3780.54	6957.74
3779.53	6872.5
3778.52	6930.49
3777.5	7067.46
3776.49	7167.35
3775.48	7064.87
3774.46	7056.17
3773.45	6985.8
3772.44	7270.61
3771.42	7113.93
3770.41	7102.76
3769.39	7227.17
3768.38	7124.8
3767.36	7148.13
3766.35	7031.03
3765.34	7280.98
3764.32	7232.85
3763.3	7192.12
3762.29	7057.87
3761.27	7054.11
3760.26	7269.37
3759.24	7243.43
3758.23	7224.88
3757.21	7297.34
3756.19	7271.41
3755.18	7333.99
3754.16	7308.06
3753.14	7392.74
3752.12	7347.15
3751.11	7554.63
3750.09	7423.05
3749.07	7473.26
3748.05	7442.42
3747.03	7445.96
3746.02	7424.96
3745	7438.32
3743.98	7444.31
3742.96	7300.65
3741.94	7355.72
3740.92	7503.96
3739.9	7448.64
3738.88	7584.54
3737.86	7499.82
3736.84	7459.23
3735.82	7609.76
3734.8	7473.63
3733.78	7477.15
3732.76	7786.76
3731.74	7848.98
3730.71	7546.46
3729.69	7647.86
3728.67	7599.96
3727.65	7571.65
3726.63	7692.55
3725.61	7571.3
3724.58	7467.22
3723.56	7612.52
3722.54	7682
3721.51	7663.47
3720.49	7473.93
3719.47	7619.12
3718.44	7786.24
3717.42	7726.2
3716.4	7800.46
3715.37	7637.92
3714.35	7856.16
3713.32	7857.15
3712.3	7814.23
3711.27	7744.49
3710.25	7835.73
3709.22	7792.84
3708.2	7771.9
3707.17	7989.83
3706.15	7973.74
3705.12	7925.97
3704.09	7961.05
3703.07	8113.03
3702.04	8043.34
3701.01	8034.56
3699.99	7955.18
3698.96	7939.11
3697.93	7979.01
3696.9	8026.19
3695.88	8027.14
3694.85	7911.36
3693.82	7943.94
3692.79	8008.11
3691.76	8201.09
3690.74	8109.65
3689.71	8156.75
3688.68	8186.83
3687.65	8238.75
3686.62	8091.52
3685.59	8199.29
3684.56	8219.62
3683.53	8269.07
3682.5	8158.34
3681.47	8273.29
3680.44	8344.54
3679.41	8391.5
3678.38	8314.78
3677.34	8407.79
3676.31	8510.47
3675.28	8298.05
3674.25	8395.86
3673.22	8374.93
3672.19	8339.47
3671.15	8282.23
3670.12	8539.77
3669.09	8443.78
3668.06	8652.79
3667.02	8629.41
3665.99	8446.35
3664.96	8570.58
3663.92	8559.32
3662.89	8688.32
3661.85	8640.77
3660.82	8477.22
3659.79	8521.57
3658.75	8462
3657.72	8590.89
3656.68	8644.86
3655.65	8720.54
3654.61	8656.14
3653.57	8591.77
3652.54	8838.79
3651.5	8933.68
3650.47	8837.93
3649.43	8997.92
3648.39	8677.88
3647.36	8806.49
3646.32	8932.64
3645.28	8791.18
3644.25	8849.8
3643.21	8905.99
3642.17	9169.35
3641.13	8987
3640.09	9016.64
3639.06	9046.27
3638.02	8842.37
3636.98	9107.9
3635.94	9216.91
3634.9	9049.19
3633.86	9146.14
3632.82	9091.53
3631.78	9299.05
3630.74	9097.77
3629.7	9060.03
3628.66	9349.16
3627.62	9311.38
3626.58	9420.17
3625.54	9291.11
3624.5	9311
3623.46	9239.64
3622.42	9288.34
3621.38	9401.83
3620.33	9424.08
3619.29	9427.13
3618.25	9240.66
3617.21	9423.63
3616.17	9369.12
3615.12	9528.02
3614.08	9526.25
3613.04	9553.24
3611.99	9690.45
3610.95	9715.01
3609.91	9672.48
3608.86	9735.35
3607.82	9553.95
3606.77	9530.63
3605.73	9741.89
3604.69	9673.07
3603.64	9752.63
3602.6	9528.33
3601.55	9624.63
3600.5	9720.88
3599.46	9757.33
3598.41	9839.18
3597.37	9572.06
3596.32	9587.01
3595.27	9575.67
3594.23	9714.82
3593.18	9684.36
3592.13	9758.96
3591.09	9716.56
3590.04	9693.27
3588.99	9660.45
3587.94	9777.95
3586.9	9706.95
3585.85	9762.39
3584.8	9727.18
3583.75	9868.43
3582.7	9814.15
3581.65	9657.4
3580.6	9719.94
3579.56	9703.84
3578.51	9735.38
3577.46	9812.16
3576.41	9772.24
3575.36	9958.49
3574.31	10006.6
3573.26	9626.37
3572.2	9731.65
3571.15	9670.36
3570.1	9939.71
3569.05	10009.2
3568	9852.79
3566.95	9953.17
3565.9	9906.16
3564.84	9802.13
3563.79	9995.12
3562.74	9883.99
3561.69	9946.27
3560.63	9877.93
3559.58	9873.72
3558.53	9833.9
3557.47	9950.72
3556.42	9925.14
3555.37	9992.08
3554.31	9890.6
3553.26	9976.5
3552.2	10090.8
3551.15	9996.48
3550.09	10087.1
3549.04	10082.8
3547.98	10047.8
3546.93	10012.7
3545.87	10086.6
3544.82	10030.3
3543.76	10002.4
3542.71	9922.4
3541.65	10057.8
3540.59	10098.5
3539.54	10184.2
3538.48	9959.93
3537.42	10005.4
3536.36	10348.7
3535.31	10202.6
3534.25	10042.3
3533.19	10123.1
3532.13	10152
3531.07	10258.7
3530.02	10197.8
3528.96	10167.5
3527.9	10401.7
3526.84	10321.9
3525.78	10232.6
3524.72	10320.4
3523.66	10325.5
3522.6	10153.8
3521.54	10229.7
3520.48	10371.6
3519.42	10331.9
3518.36	10405.4
3517.3	10372.8
3516.24	10493.4
3515.17	10227.6
3514.11	10322.3
3513.05	10426.3
3511.99	10301.9
3510.93	10234.1
3509.87	10432.2
3508.8	10373.8
3507.74	10423.6
3506.68	10372.3
3505.61	10313.9
3504.55	10283.7
3503.49	10549.8
3502.42	10350.4
3501.36	10567
3500.3	10386.5
3499.23	10422.1
3498.17	10631.5
3497.1	10446.4
3496.04	10496.1
3494.97	10522.3
3493.91	10154.2
3492.84	10333
3491.77	10607.8
3490.71	10683.2
3489.64	10566.3
3488.58	10627.7
3487.51	10681.9
3486.44	10658.8
3485.38	10499.8
3484.31	10652.5
3483.24	10718.4
3482.17	10812.4
3481.11	10819.8
3480.04	10667.9
3478.97	10532.5
3477.9	10678
3476.83	10713.4
3475.77	10681
3474.7	10791.2
3473.63	10798.6
3472.56	10635.2
3471.49	10906.7
3470.42	10944.4
3469.35	10804.5
3468.28	10865.5
3467.21	10912.5
3466.14	10985.2
3465.07	10959.8
3464	10838.7
3462.92	11032.7
3461.85	10862.6
3460.78	10792.9
3459.71	10949.5
3458.64	11015.1
3457.57	11132
3456.49	11218.5
3455.42	11041.5
3454.35	11125.7
3453.28	11209.8
3452.2	11056.3
3451.13	11182.3
3450.06	11191.8
3448.98	11040.7
3447.91	11176
3446.83	10964.4
3445.76	11183.4
3444.68	11158.1
3443.61	11149
3442.53	11239.9
3441.46	11202.9
3440.38	11340.3
3439.31	11426.5
3438.23	11282.6
3437.16	11217.7
3436.08	11371.3
3435	11394.7
3433.93	11346.1
3432.85	11179.1
3431.77	11258.3
3430.7	11418.6
3429.62	11175.1
3428.54	11242.6
3427.46	11252.1
3426.39	11368.3
3425.31	11308.1
3424.23	11308.3
3423.15	11290
3422.07	11503.4
3420.99	11482.7
3419.91	11214.1
3418.83	11193.5
3417.75	11321
3416.68	11404.6
3415.6	11302.9
3414.51	11238.3
3413.43	11462.9
3412.35	11433
3411.27	11437.8
3410.19	11320
3409.11	11308.6
3408.03	11362
3406.95	11475.4
3405.87	11514.8
3404.78	11394.8
3403.7	11293.3
3402.62	11413.6
3401.54	11157.5
3400.45	11275.4
3399.37	11370.2
3398.29	11402.7
3397.2	11425.9
3396.12	11313
3395.04	11368.6
3393.95	11237.3
3392.87	11373.5
3391.78	11585.7
3390.7	11270.1
3389.61	11422.4
3388.53	11540
3387.44	11427.3
3386.36	11356
3385.27	11455.2
3384.19	11459.9
3383.1	11386.4
3382.01	11338.2
3380.93	11317.7
3379.84	11506.5
3378.75	11559.5
3377.67	11384.9
3376.58	11419.5
3375.49	11474.8
3374.4	11396.8
3373.31	11495.7
3372.23	11525.7
3371.14	11482.2
3370.05	11505.3
3368.96	11365.4
3367.87	11567.5
3366.78	11505.7
3365.69	11278.6
3364.6	11326.9
3363.51	11512.9
3362.42	11341
3361.33	11471.9
3360.24	11277.1
3359.15	11545.4
3358.06	11424.1
3356.97	11282.2
3355.88	11399.2
3354.79	11545.9
3353.69	11298.7
3352.6	11637.7
3351.51	11667.5
3350.42	11495.9
3349.33	11475.5
3348.23	11539.6
3347.14	11498.6
3346.05	11388.9
3344.95	11478.2
3343.86	11562.9
3342.77	11592.7
3341.67	11437.4
3340.58	11432.9
3339.48	11376
3338.39	11444.6
3337.29	11563.5
3336.2	11636.6
3335.1	11602.4
3334.01	11547.8
3332.91	11547.9
3331.82	11436.2
3330.72	11502.4
3329.62	11475.2
3328.53	11536.8
3327.43	11562
3326.33	11432.2
3325.24	11398.1
3324.14	11560
3323.04	11462.1
3321.94	11448.5
3320.85	11282.4
3319.75	11567.1
3318.65	11396.5
3317.55	11585.5
3316.45	11517.3
3315.35	11440.1
3314.25	11240
3313.16	11453.9
3312.06	11235.8
3310.96	11445
3309.86	11488.3
3308.76	11595.2
3307.66	11552.1
3306.55	11663.5
3305.45	11354.7
3304.35	11468.3
3303.25	11497.9
3302.15	11479.9
3301.05	11405.1
3299.95	11269
3298.84	11348.6
3297.74	11396.3
3296.64	11380.5
3295.54	11428.2
3294.43	11553
3293.33	11451.1
3292.23	11471.6
3291.12	11503.4
3290.02	11648.4
3288.92	11381.2
3287.81	11322.5
3286.71	11347.5
3285.6	11438.1
3284.5	11406.5
3283.39	11381.7
3282.29	11338.9
3281.18	11510.8
3280.08	11253.1
3278.97	11239.7
3277.86	11465.8
3276.76	11411.7
3275.65	11459.2
3274.54	11427.7
3273.44	11287.7
3272.33	11394
3271.22	11308.3
3270.12	11493.5
3269.01	11317.5
3267.9	11423.6
3266.79	11498.2
3265.68	11265.9
3264.57	11367.5
3263.47	11277.4
3262.36	11435.3
3261.25	11354.3
3260.14	11246.2
3259.03	11379.2
3257.92	11419.8
3256.81	11334.3
3255.7	11134
3254.59	11372.8
3253.48	11273.8
3252.37	11456.2
3251.25	11440.5
3250.14	11393.4
3249.03	11355.2
3247.92	11550.9
3246.81	11530.7
3245.69	11366.7
3244.58	11265.7
3243.47	11099.5
3242.36	11211.9
3241.24	11245.7
3240.13	11313.2
3239.02	11371.7
3237.9	11290.9
3236.79	11580.5
3235.68	11472.9
3234.56	11345
3233.45	11282.3
3232.33	11237.5
3231.22	11152.4
3230.1	11255.7
3228.99	11193
3227.87	11186.4
3226.75	11289.6
3225.64	11175.4
3224.52	11323.3
3223.41	10947.2
3222.29	11397.3
3221.17	11495.9
3220.05	11180.4
3218.94	11254.3
3217.82	11417.7
3216.7	11337.3
3215.58	11299.3
3214.47	11210
3213.35	11062.5
3212.23	11362.1
3211.11	11219.2
3209.99	11333.2
3208.87	11152.3
3207.75	11261.9
3206.63	11297.7
3205.51	11271
3204.39	11090.2
3203.27	11213.1
3202.15	11297.9
3201.03	11124
3199.91	11349.4
3198.79	11371.7
3197.67	11382.9
3196.55	11331.7
3195.42	11363
3194.3	11300.6
3193.18	11267.3
3192.06	11278.5
3190.93	11171.7
3189.81	11499
3188.69	11269.8
3187.56	11225.4
3186.44	11367.8
3185.32	11201
3184.19	11316.8
3183.07	11216.8
3181.94	11334.7
3180.82	11272.5
3179.7	11365.9
3178.57	11019.3
3177.44	11263.8
3176.32	11252.7
3175.19	11357.2
3174.07	11357.2
3172.94	11426.1
3171.82	11348.4
3170.69	11215.3
3169.56	11248.7
3168.43	11151.1
3167.31	11268.8
3166.18	11483.9
3165.05	11277.7
3163.92	11282.2
3162.8	11180.3
3161.67	11297.8
3160.54	11282.4
3159.41	11382.1
3158.28	11386.6
3157.15	11337.9
3156.02	11220.6
3154.89	11408.8
3153.76	11309.2
3152.63	11468.5
3151.5	11344.7
3150.37	11278.4
3149.24	11468.6
3148.11	11311.6
3146.98	11565.8
3145.85	11362.5
3144.72	11552.6
3143.59	11400.1
3142.45	11519.4
3141.32	11364.8
3140.19	11356
3139.06	11258.9
3137.92	11477.5
3136.79	11331.8
3135.66	11318.6
3134.52	11314.2
3133.39	11298.8
3132.26	11234.9
3131.12	11435.6
3129.99	11479.7
3128.85	11230.7
3127.72	11153.6
3126.58	11446.6
3125.45	11354.1
3124.31	11422.4
3123.18	11365.2
3122.04	11266.1
3120.9	11360.8
3119.77	11369.6
3118.63	11224.4
3117.49	11382.8
3116.36	11235.5
3115.22	11279.5
3114.08	11233.4
3112.95	11459.7
3111.81	11327.9
3110.67	11165.4
3109.53	11435.6
3108.39	11240.1
3107.25	11418
3106.11	11367.5
3104.98	11339
3103.84	11325.8
3102.7	11132.8
3101.56	11244.7
3100.42	11446.5
3099.28	11249.1
3098.14	11474.9
3096.99	11268.9
3095.85	11314.9
3094.71	11380.7
3093.57	11352.2
3092.43	11247.1
3091.29	11420.1
3090.15	11264.6
3089	11194.6
3087.86	11249.3
3086.72	11343.4
3085.57	11328.1
3084.43	11376.2
3083.29	11315
3082.14	11435.2
3081	11356.5
3079.86	11225.4
3078.71	11229.8
3077.57	11323.7
3076.42	11424.2
3075.28	11367.4
3074.13	11391.4
3072.99	11240.8
3071.84	11173.2
3070.7	11227.7
3069.55	11323.7
3068.4	11402.2
3067.26	11352.1
3066.11	11260.5
3064.96	11580.9
3063.82	11393.4
3062.67	11325.9
3061.52	11336.7
3060.37	11541.5
3059.23	11308.4
3058.08	11210.4
3056.93	11373.7
3055.78	11552.1
3054.63	11613
3053.48	11451.9
3052.33	11217
3051.18	11230
3050.03	11351.8
3048.88	11362.7
3047.73	11247.4
3046.58	11338.7
3045.43	11460.3
3044.28	11336.5
3043.13	11382.1
3041.98	11495
3040.83	11334.3
3039.68	11429.7
3038.52	11494.8
3037.37	11421
3036.22	11427.4
3035.07	11420.9
3033.91	11624.7
3032.76	11442.5
3031.61	11461.9
3030.45	11305.9
3029.3	11453.2
3028.14	11162.8
3026.99	11381.6
3025.84	11479
3024.68	11338.2
3023.53	11359.8
3022.37	11173.7
3021.22	11448.5
3020.06	11534.9
3018.9	11586.8
3017.75	11422.3
3016.59	11366.1
3015.44	11467.6
3014.28	11385.4
3013.12	11281.7
3011.96	11584.1
3010.81	11424.2
3009.65	11467.3
3008.49	11462.9
3007.33	11372.2
3006.18	11428.3
3005.02	11385.1
3003.86	11348.3
3002.7	11428.1
3001.54	11604.9
3000.38	11438.7
2999.22	11486.1
2998.06	11479.6
2996.9	11514
2995.74	11451.4
2994.58	11500.9
2993.42	11442.7
2992.26	11511.5
2991.1	11629.8
2989.94	11496.3
2988.77	11618.9
2987.61	11502.6
2986.45	11605.7
2985.29	11534.7
2984.12	11504.5
2982.96	11525.9
2981.8	11484.9
2980.64	11452.6
2979.47	11525.6
2978.31	11622.2
2977.14	11551.2
2975.98	11553.2
2974.82	11488.7
2973.65	11447.9
2972.49	11593.7
2971.32	11638.7
2970.16	11398.3
2968.99	11647
2967.82	11629.7
2966.66	11531
2965.49	11571.6
2964.33	11522.2
2963.16	11618.5
2961.99	11618.4
2960.83	11476.9
2959.66	11736
2958.49	11776.5
2957.32	11547.3
2956.15	11639.2
2954.99	11587.7
2953.82	11698.9
2952.65	11777.9
2951.48	11617.3
2950.31	11886.6
2949.14	11886.5
2947.97	11916.2
2946.8	11935.3
2945.63	11875.2
2944.46	11764
2943.29	11838.6
2942.12	11930.2
2940.95	11821.2
2939.78	11882.9
2938.61	11908.3
2937.44	11718.2
2936.26	11600.7
2935.09	11882.2
2933.92	11914
2932.75	12086.5
2931.57	12118.2
2930.4	12201.1
2929.23	12015.5
2928.05	12015.3
2926.88	11966.1
2925.71	11891.3
2924.53	12072.1
2923.36	12016.5
2922.18	12029.1
2921.01	11952.3
2919.83	12056.3
2918.66	12279.4
2917.48	11975
2916.31	12281
2915.13	11974.6
2913.95	12078.5
2912.78	12171.8
2911.6	12273.5
2910.42	12322.1
2909.25	12362.2
2908.07	12480.8
2906.89	12145.1
2905.71	12272.2
2904.54	12356.8
2903.36	12348
2902.18	12279.8
2901	12126.8
2899.82	12489.2
2898.64	12357.4
2897.46	12382.6
2896.28	12238.2
2895.1	12214.6
2893.92	12462.1
2892.74	12264.9
2891.56	12425.5
2890.38	12450.6
2889.2	12302.1
2888.02	12306.1
2886.84	12508.9
2885.65	12546.6
2884.47	12432.1
2883.29	12484.6
2882.11	12357.5
2880.92	12399.4
2879.74	12468.8
2878.56	12464.3
2877.38	12575.9
2876.19	12459.4
2875.01	12613.2
2873.82	12376.4
2872.64	12418.3
2871.45	12589
2870.27	12649.8
2869.08	12518.6
2867.9	12819.9
2866.71	12699.3
2865.53	12623
2864.34	12635.3
2863.16	12797.2
2861.97	12885.3
2860.78	12665.8
2859.6	12827.6
2858.41	12894.6
2857.22	12940.5
2856.03	12704.3
2854.85	12596.6
2853.66	12846.6
2852.47	12774.7
2851.28	12696.4
2850.09	12763.3
2848.9	12826
2847.71	12718.4
2846.52	12821
2845.34	12913
2844.15	12977.7
2842.96	12914.3
2841.76	12951.6
2840.57	12749.6
2839.38	12713.5
2838.19	12914.6
2837	12979.2
2835.81	13018.7
2834.62	13091.6
2833.43	13101.6
2832.23	12897.8
2831.04	12769.4
2829.85	13005.9
2828.65	12944.6
2827.46	12877.1
2826.27	13046.4
2825.07	12878.4
2823.88	12903.1
2822.69	12992.6
2821.49	12866.6
2820.3	12784.5
2819.1	13020.6
2817.91	12946.9
2816.71	12887.9
2815.52	12824.7
2814.32	13085.6
2813.13	13070.5
2811.93	12815
2810.73	12835.5
2809.54	12743.1
2808.34	12736.5
2807.14	12796.6
2805.94	12967.4
2804.75	12998.2
2803.55	12920.5
2802.35	12849.1
2801.15	13109.5
2799.95	13280
2798.75	13135.6
2797.56	13039.2
2796.36	13001.2
2795.16	12925.7
2793.96	13060.6
2792.76	13006
2791.56	13155.5
2790.36	13250.8
2789.16	12996.2
2787.95	13006.1
2786.75	13195.1
2785.55	13086.3
2784.35	13233.6
2783.15	13212.2
2781.95	13247.1
2780.74	13015.7
2779.54	13250.1
2778.34	13418
2777.13	13326
2775.93	13223.6
2774.73	13553.4
2773.52	13365.9
2772.32	13624.8
2771.12	13362.7
2769.91	13561.3
2768.71	13386.4
2767.5	13545.6
2766.3	13536.7
2765.09	13573.5
2763.89	13840.3
2762.68	13721.5
2761.47	13760.3
2760.27	13641.5
2759.06	13692.7
2757.85	13627.8
2756.65	13877.8
2755.44	13620.4
2754.23	13977.9
2753.02	14010.3
2751.81	13848.2
2750.61	13711
2749.4	13867.6
2748.19	14135.8
2746.98	13899.3
2745.77	13911
2744.56	14034.4
2743.35	14106
2742.14	13985.4
2740.93	14073.6
2739.72	14035.7
2738.51	14268.3
2737.3	14137.5
2736.09	14204.9
2734.88	14001.9
2733.66	14265.3
2732.45	14299.6
2731.24	14113.2
2730.03	14326.9
2728.82	14258.1
2727.6	14385.1
2726.39	14411.1
2725.18	14420.7
2723.96	14541.4
2722.75	14503.5
2721.53	14694.2
2720.32	14483.4
2719.11	14525.8
2717.89	14704
2716.68	14723.7
2715.46	14776.4
2714.25	14769.3
2713.03	14700.6
2711.81	14872.4
2710.6	14684.5
2709.38	14780.2
2708.16	14890.3
2706.95	14571
2705.73	14874.1
2704.51	14756.2
2703.29	14968.8
2702.08	14889.9
2700.86	14856.2
2699.64	15021.5
2698.42	15018.5
2697.2	14892.5
2695.98	15199.2
2694.76	15069.1
2693.54	15117.3
2692.32	15173.7
2691.1	15199.4
2689.88	15290.6
2688.66	15134
2687.44	15266.1
2686.22	15332.7
2685	15323.5
2683.78	15445.3
2682.56	15329.7
2681.33	15361.5
2680.11	15632.5
2678.89	15349.2
2677.67	15434.1
2676.44	15692.7
2675.22	15769.3
2674	15678.3
2672.77	15515.8
2671.55	15563.8
2670.33	15619.9
2669.1	15561.7
2667.88	15664.8
2666.65	15749.4
2665.43	15832
2664.2	15871.7
2662.97	15638.1
2661.75	15679.8
2660.52	15768.4
2659.3	15855
2658.07	15572.6
2656.84	15781.5
2655.62	15994.3
2654.39	15848.5
2653.16	15920.7
2651.93	16047.8
2650.7	16048.7
2649.48	16002.8
2648.25	16164.4
2647.02	16273.1
2645.79	15985.1
2644.56	15981.9
2643.33	16466.7
2642.1	16189
2640.87	16155.3
2639.64	16194.8
2638.41	16408.9
2637.18	16186.3
2635.95	16426.8
2634.72	16380.8
2633.48	16196.9
2632.25	16220.1
2631.02	16300
2629.79	16528.1
2628.56	16090.7
2627.32	16436.3
2626.09	16548.6
2624.86	16287.9
2623.62	16507.6
2622.39	16542.8
2621.16	16519.2
2619.92	16546.3
2618.69	17004.7
2617.45	16596.4
2616.22	16633.6
2614.98	16869.1
2613.75	16732.2
2612.51	16722.8
2611.27	16689.1
2610.04	16892
2608.8	16664.2
2607.57	16853
2606.33	16687.9
2605.09	16795.7
2603.85	16770.1
2602.62	16776.9
2601.38	16989.6
2600.14	16986.2
2598.9	16839.5
2597.66	16739.3
2596.42	16984.1
2595.18	16926.3
2593.94	17171
2592.71	17016.3
2591.47	17188.3
2590.23	17130.5
2588.98	17028.3
2587.74	16938.3
2586.5	17206.8
2585.26	17241.7
2584.02	17200
2582.78	17254.9
2581.54	17356.2
2580.29	17147.4
2579.05	17413.6
2577.81	17339.7
2576.57	17424.7
2575.32	17336.8
2574.08	17474.1
2572.84	17665.6
2571.59	17501.3
2570.35	17170.2
2569.1	17655
2567.86	17739.8
2566.61	17816.6
2565.37	17519.9
2564.12	17687
2562.88	17440.6
2561.63	17431.1
2560.39	17798.8
2559.14	17510.4
2557.89	17589.1
2556.65	17774.1
2555.4	17796.6
2554.15	17933.3
2552.9	17709.3
2551.66	17705.8
2550.41	17716.2
2549.16	17804.8
2547.91	17763.2
2546.66	17775.6
2545.41	17826.1
2544.16	17850.6
2542.91	18093.1
2541.66	17959.4
2540.41	18051.8
2539.16	17728.3
2537.91	18108.5
2536.66	18078.9
2535.41	18081.3
2534.16	18103.7
2532.91	17808.4
2531.66	18032.5
2530.4	18148.7
2529.15	18332.7
2527.9	18171.3
2526.65	18241.5
2525.39	18028.4
2524.14	18323.9
2522.89	18246.5
2521.63	18041.5
2520.38	18301
2519.12	18293.3
2517.87	18341.4
2516.61	18284
2515.36	18264.4
2514.1	18304.5
2512.85	18334.7
2511.59	18321
2510.33	18528.3
2509.08	18238.1
2507.82	18399.5
2506.56	18501.2
2505.31	18577.1
2504.05	18642.9
2502.79	18390.7
2501.53	18508.2
2500.28	18550.2
2499.02	18808.7
2497.76	18536.8
2496.5	18737.6
2495.24	18731.9
2493.98	18620.9
2492.72	18774
2491.46	18847.6
2490.2	18587.9
2488.94	18693.2
2487.68	18614.1
2486.42	18884
2485.16	18670
2483.9	18719.8
2482.63	18797.3
2481.37	18793.5
2480.11	18752.1
2478.85	18827.5
2477.59	18851.4
2476.32	18954.5
2475.06	18780.5
2473.8	18871.7
2472.53	19000.5
2471.27	18911.6
2470	18935.5
2468.74	18809.1
2467.47	18939.7
2466.21	19034.7
2464.94	19042.7
2463.68	19092.2
2462.41	18892.8
2461.15	19153.6
2459.88	19017.5
2458.61	18918.9
2457.35	18840.1
2456.08	18962.6
2454.81	19144.2
2453.54	19083.1
2452.28	19067.5
2451.01	18923.7
2449.74	19209.6
2448.47	19268.8
2447.2	18902.4
2445.93	19113.3
2444.66	19345.7
2443.39	19050.4
2442.12	18950.1
2440.85	18966
2439.58	19440.3
2438.31	19208.2
2437.04	19131.5
2435.77	19045.1
2434.5	19224.1
2433.23	19373.5
2431.96	19357.8
2430.68	19405
2429.41	19648.7
2428.14	19269.5
2426.87	19379.5
2425.59	19385.4
2424.32	19369.7
2423.04	19475.7
2421.77	19467.9
2420.5	19507.1
2419.22	19677.7
2417.95	19283.5
2416.67	19467.8
2415.4	19556
2414.12	19620.7
2412.85	19448.2
2411.57	19683.3
2410.29	19315
2409.02	19604.8
2407.74	19571.5
2406.46	19518.6
2405.18	19553.8
2403.91	19600.7
2402.63	19675
2401.35	19446.1
2400.07	19835.2
2398.79	19745.2
2397.52	19508.6
2396.24	19549.6
2394.96	19780.1
2393.68	19873.8
2392.4	20063.1
2391.12	19936
2389.84	19451.7
2388.56	19830.3
2387.27	19687.8
2385.99	19919.9
2384.71	19872.9
2383.43	19831.8
2382.15	19677.7
2380.87	20063.6
2379.58	19765.2
2378.3	19808
2377.02	19934.5
2375.73	20101.9
2374.45	19885.5
2373.17	20183.3
2371.88	19959.2
2370.6	20005.8
2369.31	20233.3
2368.03	20120.3
2366.74	20102.6
2365.46	20170.4
2364.17	19898
2362.89	20129.2
2361.6	19973.5
2360.31	20134.7
2359.03	20128.6
2357.74	20048.8
2356.45	20036.9
2355.17	20246.5
2353.88	20298.7
2352.59	19985.9
2351.3	19902.3
2350.01	20162.1
2348.72	20152.2
2347.43	20068.6
2346.15	20299.2
2344.86	20139.9
2343.57	20269.6
2342.28	20127.9
2340.99	20271
2339.69	20131.3
2338.4	20003.3
2337.11	20241.3
2335.82	20264.3
2334.53	20055
2333.24	20331.5
2331.95	20238.4
2330.65	20410.3
2329.36	20458.3
2328.07	20162.2
2326.77	20249
2325.48	20422.7
2324.19	20267.8
2322.89	20485.8
2321.6	20296.2
2320.3	20079.7
2319.01	20477.2
2317.71	20339.8
2316.42	20171.7
2315.12	20289.1
2313.83	20223.3
2312.53	20334.9
2311.23	20215
2309.94	20390.2
2308.64	20193.3
2307.34	20376.1
2306.05	20479.9
2304.75	20468
2303.45	20284.7
2302.15	20500.1
2300.85	20457.4
2299.55	20276.2
2298.25	20185.4
2296.96	20252.5
2295.66	20354.2
2294.36	20275
2293.06	20324.8
2291.76	20261
2290.45	20331.8
2289.15	20454.5
2287.85	20506.1
2286.55	20377
2285.25	20253.8
2283.95	20194
2282.65	20472.1
2281.34	20456.4
2280.04	20312.1
2278.74	20219.7
2277.43	20432.4
2276.13	20420.5
2274.83	20410.6
2273.52	20389.2
2272.22	20314.1
2270.91	20267.8
2269.61	20566.4
2268.3	20508.5
2267	20027.5
2265.69	20157.5
2264.39	20176.3
2263.08	20179.8
2261.77	20284.8
2260.47	20445.2
2259.16	20387.4
2257.85	20083
2256.54	20161.2
2255.24	20239.2
2253.93	20233.2
2252.62	20315
2251.31	20444.6
2250	20322
2248.69	20329.3
2247.38	20061.7
2246.07	20384
2244.76	20305.4
2243.45	20074.2
2242.14	20104.4
2240.83	20384.5
2239.52	20193.5
2238.21	20435.3
2236.9	20152.8
2235.59	20064.8
2234.27	20220.8
2232.96	20310
2231.65	20155.3
2230.34	20410.2
2229.02	20289.9
2227.71	20257.2
2226.4	20011.4
2225.08	20195.6
2223.77	20507.2
2222.45	20168.3
2221.14	20217.4
2219.82	20232.3
2218.51	20287.1
2217.19	20387.4
2215.88	20189.5
2214.56	20234.7
2213.24	20067.3
2211.93	20118.2
2210.61	20062.8
2209.29	20193.5
2207.97	20261.4
2206.66	20221.2
2205.34	20317.6
2204.02	20205.4
2202.7	20104.5
2201.38	20163
2200.06	20291.5
2198.74	20211.5
2197.42	20258.5
2196.1	20040.4
2194.78	20180.2
2193.46	20064.3
2192.14	20075.4
2190.82	20073.1
2189.5	20381.2
2188.18	20331.6
2186.86	20151.5
2185.54	20009.4
2184.21	20135.7
2182.89	20008.7
2181.57	19923.4
2180.24	20115.8
2178.92	19815.1
2177.6	20069.7
2176.27	20099.6
2174.95	19987.9
2173.62	20078.1
2172.3	19947.6
2170.97	19777.4
2169.65	20209.1
2168.32	20165.3
2167	19769
2165.67	19908.2
2164.34	19851.4
2163.02	19540.1
2161.69	19694.4
2160.36	19756.2
2159.04	19626
2157.71	19942
2156.38	19774.2
2155.05	19896.2
2153.72	19692.7
2152.39	19874.9
2151.06	19889.6
2149.74	19761.4
2148.41	19584.3
2147.08	19999.5
2145.75	19833.7
2144.41	19722.6
2143.08	19883.8
2141.75	19849.7
2140.42	19577.1
2139.09	19788.9
2137.76	19711.7
2136.43	19934.7
2135.09	19701.7
2133.76	19609.4
2132.43	19594.1
2131.09	19580.7
2129.76	19469.8
2128.43	19645.8
2127.09	19559.3
2125.76	19463.4
2124.42	19504.4
2123.09	19560.3
2121.75	19631.1
2120.42	19705.7
2119.08	19351.7
2117.75	19551.6
2116.41	19353
2115.07	19433.2
2113.74	19556.4
2112.4	19359.8
2111.06	19439.9
2109.72	19505
2108.38	19344.1
2107.05	19450.3
2105.71	19487.4
2104.37	19449.7
2103.03	19214.2
2101.69	19339
2100.35	19536.6
2099.01	19568
2097.67	19351.3
2096.33	19425.6
2094.99	19373.1
2093.65	19356.1
2092.31	19219.8
2090.97	19294.1
2089.62	19137.3
2088.28	19191.1
2086.94	19265.3
2085.6	19037.9
2084.25	18970.7
2082.91	19182.7
2081.57	18998.2
2080.22	19105.9
2078.88	19025.7
2077.53	19267.2
2076.19	19114.5
2074.84	19095.7
2073.5	18941.2
2072.15	18848.1
2070.81	18955.7
2069.46	18890.5
2068.12	18877.3
2066.77	18895.6
2065.42	18849
2064.08	18798.7
2062.73	18919.2
2061.38	18592.5
2060.03	18800.1
2058.68	18900
2057.34	18807.1
2055.99	18560.4
2054.64	18706.7
2053.29	18730.6
2051.94	18582.2
2050.59	18593.2
2049.24	18417.1
2047.89	18617
2046.54	18452.1
2045.19	18603.7
2043.83	18205.8
2042.48	18742.1
2041.13	18542.2
2039.78	18592
2038.43	18608.4
2037.07	18310.7
2035.72	18663.6
2034.37	18635.7
2033.01	18334.4
2031.66	18485.8
2030.31	18517
2028.95	18524.2
2027.6	18372.8
2026.24	18204.7
2024.89	18134.6
2023.53	18184.3
2022.17	18411
2020.82	18407.2
2019.46	18381.2
2018.11	18248.4
2016.75	18261.2
2015.39	18320.1
2014.03	18181.8
2012.68	18080.5
2011.32	18286.6
2009.96	18251.5
2008.6	18271.6
2007.24	18168.5
2005.88	18219.9
2004.52	18078.2
2003.16	18232.5
2001.8	18260
2000.44	18006.2
1999.08	18184.4
1997.72	18197.2
1996.36	18066.6
1995	17886.6
1993.64	18024.3
1992.27	18002.2
1990.91	18022.3
1989.55	17857.1
1988.19	17669.9
1986.82	17884.5
1985.46	17921.1
1984.1	18025.5
1982.73	17851.3
1981.37	17660.7
1980	17963
1978.64	17915.3
1977.27	17873.1
1975.91	17737.6
1974.54	17700.9
1973.18	17691.7
1971.81	17669.8
1970.44	17448.4
1969.08	17655.1
1967.71	17400.9
1966.34	17485
1964.97	17633.1
1963.61	17649.5
1962.24	17428.4
1960.87	17589.2
1959.5	17517.9
1958.13	17444.9
1956.76	17528.9
1955.39	17570.9
1954.02	17322.7
1952.65	17253.4
1951.28	17306.3
1949.91	17284.5
1948.54	17457.8
1947.17	17206.2
1945.8	17312
1944.42	17213.6
1943.05	17173.6
1941.68	17128.1
1940.31	17093.6
1938.93	17002.6
1937.56	17243
1936.19	16957.3
1934.81	17283.1
1933.44	17134
1932.06	17034
1930.69	17077.7
1929.31	17006.9
1927.94	16941.5
1926.56	17092.4
1925.18	17023.5
1923.81	17019.9
1922.43	16896.5
1921.05	16958.3
1919.68	17038.3
1918.3	16873.2
1916.92	17013
1915.54	16904.3
1914.17	16869.9
1912.79	16859.1
1911.41	16688.8
1910.03	16582
1908.65	16728.9
1907.27	16846.8
1905.89	16696.6
1904.51	16740.2
1903.13	16541.1
1901.75	16613.7
1900.37	16803.9
1898.99	16697.2
1897.6	16760.7
1896.22	16594.4
1894.84	16907.4
1893.46	16789.9
1892.07	16495.4
1890.69	16443.1
1889.31	16526.4
1887.92	16631.3
1886.54	16432.8
1885.15	16709.2
1883.77	16566.7
1882.38	16402.6
1881	16388.3
1879.61	16366.9
1878.23	16410.3
1876.84	16509.7
1875.46	16360.2
1874.07	16360.4
1872.68	16212.7
1871.29	16157.1
1869.91	16317.6
1868.52	16280
1867.13	16300
1865.74	16242.6
1864.35	16426.4
1862.96	16235.7
1861.57	16286.3
1860.19	16094
1858.8	16227.3
1857.4	15970.4
1856.01	16191.8
1854.62	16208.1
1853.23	16255.1
1851.84	16138.4
1850.45	16303.9
1849.06	16135.3
1847.67	16254
1846.27	16189.5
1844.88	16096.4
1843.49	16130.7
1842.09	16163.2
1840.7	16170.6
1839.31	16186.9
1837.91	15930.7
1836.52	15775
1835.12	16135.5
1833.73	15927.8
1832.33	15677.2
1830.93	15921.1
1829.54	15862.2
1828.14	15876.8
1826.75	15980.9
1825.35	15839.7
1823.95	15768.4
1822.55	15779.4
1821.16	15854.8
1819.76	15551
1818.36	15785.5
1816.96	15791.1
1815.56	15664.5
1814.16	15713
1812.76	15641.9
1811.36	15749.3
1809.96	15774.5
1808.56	15774.8
1807.16	15742.9
1805.76	15816.3
1804.36	15607.8
1802.96	15540.3
1801.56	15319.5
1800.15	15639
1798.75	15649.9
1797.35	15425.7
1795.94	15613.1
1794.54	15381.8
1793.14	15503.2
1791.73	15492.8
1790.33	15521.6
1788.92	15440
1787.52	15463.4
1786.11	15264.5
1784.71	15350.2
1783.3	15347
1781.9	15411.3
1780.49	15224.9
1779.08	15326.6
1777.68	15140.3
1776.27	15266.8
1774.86	15219.2
1773.45	15251.5
1772.05	15248.3
1770.64	15238
1769.23	15185.1
1767.82	14951.2
1766.41	15125.5
1765	15038.9
1763.59	15032.2
1762.18	15018.4
1760.77	15305.9
1759.36	15049.2
1757.95	15049.6
1756.54	15021.6
1755.12	15061
1753.71	15091.4
1752.3	14946.6
1750.89	14849.7
1749.47	14892.5
1748.06	14877
1746.65	14863.3
1745.23	14708
1743.82	14872.9
1742.4	14846.8
1740.99	14933.7
1739.58	14753.9
1738.16	14696
1736.74	14911.9
1735.33	14797.5
1733.91	14921.5
1732.5	14699.5
1731.08	14878.1
1729.66	14848.5
1728.24	14709.6
1726.83	14604.2
1725.41	14713.9
1723.99	14823.6
1722.57	14603.7
1721.15	14482.6
1719.73	14618.7
1718.31	14633.2
1716.89	14587.8
1715.47	14486.2
1714.05	14550
1712.63	14487.1
1711.21	14550.8
1709.79	14581.2
1708.37	14586.9
1706.95	14471.3
1705.52	14559.6
1704.1	14445.8
1702.68	14616.7
1701.26	14564.4
1699.83	14445.4
1698.41	14661.8
1696.98	14455.1
1695.56	14550.3
1694.14	14449
1692.71	14596.8
1691.28	14392
1689.86	14434.5
1688.43	14427.9
1687.01	14461.7
1685.58	14208
1684.15	14275.1
1682.73	14406.9
1681.3	14410.9
1679.87	14364
1678.44	14371.5
1677.02	14203.9
1675.59	14416.1
1674.16	14425.3
1672.73	14282.3
1671.3	14279.3
1669.87	14234.3
1668.44	14247
1667.01	14212.5
1665.58	14192
1664.15	14227.5
1662.72	14341.5
1661.28	14179.5
1659.85	14255
1658.42	13967.5
1656.99	14193.1
1655.55	14170.9
1654.12	14059.8
1652.69	14091.7
1651.25	14175.8
1649.82	14136.2
1648.39	13911.9
1646.95	14074.4
1645.52	14303.2
1644.08	14000.5
1642.64	14109
1641.21	14123.4
1639.77	14110
1638.34	14176.6
1636.9	14224
1635.46	14144.4
1634.02	14106.6
1632.59	14223.6
1631.15	14039.8
1629.71	14035.1
1628.27	14198.9
1626.83	14213.2
1625.39	14234.5
1623.95	14019.6
1622.51	14018.4
1621.07	13992.8
1619.63	14231.1
1618.19	14281.8
1616.75	14317
1615.31	14104
1613.87	14151.3
1612.43	14141.4
1610.98	14252.8
1609.54	14199.5
1608.1	14184.3
1606.66	14245.4
1605.21	14129.8
1603.77	14081.7
1602.32	14336.7
1600.88	14108.6
1599.43	14119.4
1597.99	14016.1
1596.54	14058.1
1595.1	14164
1593.65	14109.1
1592.21	13926.3
1590.76	14144.6
1589.31	14086.3
1587.86	14021.1
1586.42	14102.7
1584.97	13968.5
1583.52	13936.1
1582.07	13840
1580.62	13930.2
1579.17	13894.4
1577.72	14117.4
1576.28	13719.5
1574.83	13871.7
1573.37	13780.9
1571.92	13914.1
1570.47	13795.6
1569.02	13718.6
1567.57	13751.9
1566.12	13652.5
1564.67	13622
1563.21	13488.3
1561.76	13714.3
1560.31	13565.1
1558.85	13723.9
1557.4	13406.3
1555.95	13427.5
1554.49	13515.7
1553.04	13543.7
1551.58	13468.7
1550.13	13465.8
1548.67	13487
1547.21	13466.9
1545.76	13287.2
1544.3	13140.2
1542.84	13315.8
1541.39	13184.3
1539.93	13224.4
1538.47	13403.3
1537.01	13290.7
1535.56	13116.4
1534.1	13219.9
1532.64	13068
1531.18	13198.8
1529.72	12980.2
1528.26	13302.7
1526.8	13089.3
1525.34	13273.1
1523.88	13258.2
1522.42	13012.5
1520.95	12972
1519.49	12921.4
1518.03	12927.2
1516.57	12936.3
1515.1	12935.3
1513.64	12966.7
1512.18	12934.9
1510.71	12819.4
1509.25	12729.5
1507.79	12989.7
1506.32	12905
1504.86	12772.5
1503.39	12640.1
1501.92	12837
1500.46	12440.3
1498.99	12807.6
1497.53	12697.4
1496.06	12563.5
1494.59	12542
1493.12	12694.4
1491.66	12482.2
1490.19	12554.4
1488.72	12560.2
1487.25	12475.8
1485.78	12634.8
1484.31	12637.2
1482.84	12457.6
1481.37	12565.4
1479.9	12469.2
1478.43	12622.9
1476.96	12514.8
1475.49	12500.2
1474.02	12456.8
1472.54	12522
1471.07	12570.3
1469.6	12433.5
1468.13	12354.4
1466.65	12384
1465.18	12437.3
1463.71	12331.2
1462.23	12291.2
1460.76	12288.6
1459.28	12280.8
1457.81	12356.2
1456.33	12311.1
1454.86	12460.9
1453.38	12205.9
1451.9	12203.3
1450.43	12283.6
1448.95	12213.2
1447.47	12225.8
1445.99	12297.7
1444.52	12066.7
1443.04	12192.6
1441.56	12110.5
1440.08	12238
1438.6	12243.8
1437.12	12237.8
1435.64	11997
1434.16	12089
1432.68	12145.5
1431.2	12043.3
1429.72	12093
1428.24	11972.3
1426.75	12108
1425.27	12046.4
1423.79	12180.4
1422.31	12081.6
1420.82	11888.5
1419.34	12148.9
1417.86	11991.2
1416.37	12140.3
1414.89	12097.2
1413.4	12114.8
1411.92	11984.3
1410.43	11919.4
1408.95	12075
1407.46	11959.7
1405.97	12046.2
1404.49	12121
1403	12044.4
1401.51	12011.5
1400.03	12114.8
1398.54	12098.7
1397.05	11871
1395.56	11890.3
1394.07	12077.5
1392.58	11952.3
1391.09	11963.2
1389.6	12177
1388.11	11929.5
1386.62	11712.2
1385.13	11966.2
1383.64	11827.8
1382.15	11759.9
1380.66	11946.7
1379.17	11831.9
1377.67	11826
1376.18	11845.2
1374.69	11897.9
1373.19	11925.4
1371.7	11631.6
1370.21	11903.5
1368.71	11633.3
1367.22	11726.1
1365.72	11676.7
1364.23	11657.5
1362.73	11656.6
1361.23	11624
1359.74	11688.3
1358.24	11712.5
1356.74	11678.3
1355.25	11416.9
1353.75	11563
1352.25	11577.2
1350.75	11624.8
1349.25	11435.4
1347.76	11531.3
1346.26	11660.6
1344.76	11554.7
1343.26	11467.2
1341.76	11694.6
1340.26	11378.9
1338.75	11433
1337.25	11573.8
1335.75	11454.7
1334.25	11625.4
1332.75	11524.6
1331.25	11542.1
1329.74	11331.7
1328.24	11360.8
1326.74	11388.3
1325.23	11327.6
1323.73	11413.2
1322.22	11442.3
1320.72	11272
1319.21	11279.6
1317.71	11165.9
1316.2	11294.6
1314.7	11278.9
1313.19	11098.8
1311.68	11273.9
1310.18	11122.2
1308.67	11118.1
1307.16	11238.4
1305.65	11116.6
1304.14	11049.6
1302.63	11193
1301.13	11034.8
1299.62	10994.3
1298.11	11106.2
1296.6	11034.2
1295.09	11000.4
1293.58	10933.5
1292.06	10878.1
1290.55	10786.4
1289.04	11005.7
1287.53	10838
1286.02	10761.2
1284.5	10844.8
1282.99	10728.4
1281.48	10820.3
1279.96	10717.2
1278.45	10739.6
1276.94	10643.2
1275.42	10683.7
1273.91	10669.9
1272.39	10657.6
1270.87	10686.7
1269.36	10700.8
1267.84	10593
1266.33	10518.1
1264.81	10611.4
1263.29	10505.3
1261.77	10428.9
1260.26	10403.6
1258.74	10360.1
1257.22	10343.1
1255.7	10367.1
1254.18	10415.9
1252.66	10160.3
1251.14	10401.5
1249.62	10321.9
1248.1	10212.8
1246.58	10190.8
1245.06	10287.2
1243.54	10358.9
1242.01	10243.3
1240.49	10147.5
1238.97	10161.7
1237.45	10077.4
1235.92	10272.1
1234.4	10050
1232.88	10134.7
1231.35	10247.3
1229.83	10050
1228.3	9970.72
1226.78	10135.7
1225.25	10041.7
1223.72	9936.33
1222.2	10101.2
1220.67	10100.7
1219.14	9965.83
1217.62	9721.39
1216.09	10004
1214.56	10005.1
1213.03	9981.65
1211.5	9860.08
1209.98	9596.31
1208.45	9736.43
1206.92	9863.42
1205.39	9787.73
1203.86	9849.3
1202.33	9765.48
1200.79	9675.16
1199.26	9769.36
1197.73	9626.85
1196.2	9557.84
1194.67	9637.32
1193.13	9547.13
1191.6	9600.49
1190.07	9750.01
1188.53	9669.63
1187	9488.25
1185.47	9570.89
1183.93	9627.44
1182.4	9561.81
1180.86	9504.35
1179.33	9565.76
1177.79	9519.72
1176.25	9509.5
1174.72	9450.47
1173.18	9412.61
1171.64	9342.25
1170.1	9640.98
1168.57	9307.27
1167.03	9409.23
1165.49	9259.32
1163.95	9325.51
1162.41	9326.71
1160.87	9293.82
1159.33	9343.72
1157.79	9258.9
1156.25	9185.47
1154.71	9165.61
1153.17	9363.09
1151.63	9275.1
1150.08	9300.62
1148.54	9029.52
1147	9170.14
1145.46	9172.98
1143.91	9111.04
1142.37	9016.73
1140.82	9055.23
1139.28	9037.05
1137.73	9001.08
1136.19	9047.64
1134.64	8998.74
1133.1	8925.6
1131.55	8980.23
1130.01	8965.32
1128.46	8997.29
1126.91	8951.68
1125.36	9004.64
1123.82	8908.98
1122.27	9042.66
1120.72	8885.69
1119.17	8840.16
1117.62	8880.17
1116.07	8778.19
1114.52	8827.87
1112.97	8877.53
1111.42	8770.78
1109.87	8778.52
1108.32	8845.88
1106.77	8655.42
1105.22	8769.5
1103.66	8820.71
1102.11	8747.92
1100.56	8602.73
1099	8800.4
1097.45	8557.1
1095.9	8534.3
1094.34	8718.99
1092.79	8660.79
1091.23	8654.06
1089.68	8616.79
1088.12	8549
1086.56	8556.76
1085.01	8562.9
1083.45	8541.74
1081.89	8520.59
1080.34	8462.53
1078.78	8513.62
1077.22	8360.92
1075.66	8466.56
1074.1	8540.06
1072.54	8374.63
1070.98	8523.47
1069.43	8374.14
1067.86	8494.07
1066.3	8346.41
1064.74	8437.47
1063.18	8281.88
1061.62	8398.52
1060.06	8391.86
1058.5	8356.4
1056.93	8234.57
1055.37	8277.53
1053.81	8331.68
1052.24	8293.06
1050.68	8232.09
1049.12	8151.96
1047.55	8268.39
1045.99	8172.32
1044.42	8172.11
1042.85	8098.45
1041.29	8150.93
1039.72	8267.23
1038.16	8062.76
1036.59	8121.6
1035.02	8076.74
1033.45	8047.84
1031.88	7980.7
1030.32	8055.44
1028.75	7938.92
1027.18	7956.28
1025.61	8139.29
1024.04	8076.97
1022.47	8049.71
1020.9	7930.14
1019.33	7988.86
1017.76	7882.08
1016.18	8072.81
1014.61	7819.74
1013.04	7852.99
1011.47	7833.77
1009.89	7865.41
1008.32	7901.8
1006.75	7935
1005.17	7988.82
1003.6	7861.61
1002.02	7872.57
1000.45	7962.88
998.873	7770.7
997.297	7924.45
995.721	7699.05
994.145	7879.7
992.568	7717.83
990.991	7830.24
989.413	7676.37
987.835	7688.93
986.257	7674.55
984.678	7676.01
983.099	7569.81
981.52	7678.94
979.94	7587.02
978.36	7688.19
976.78	7670.66
975.199	7578.81
973.618	7513.88
972.037	7613.38
970.455	7589.56
968.873	7535.73
967.29	7611.47
965.707	7556.08
964.124	7440.7
962.541	7456.42
960.957	7456.34
959.373	7490.98
957.788	7418.31
956.203	7489.22
954.618	7538.02
953.032	7440.17
951.446	7392.8
949.86	7372.25
948.273	7417.88
946.686	7457.18
945.099	7487.02
943.511	7318.45
941.923	7353.03
940.334	7359.26
938.745	7256.92
937.156	7333.96
935.567	7311.89
933.977	7340.13
932.387	7201.73
930.796	7330.58
929.205	7193.81
927.614	7211.06
926.022	7203.17
924.43	7236.11
922.838	7182.69
921.245	7273.7
919.652	7196.75
918.058	7193.58
916.465	7141.78
914.87	7116.67
913.276	7132.33
911.681	7105.66
910.086	7072.73
908.49	7075.85
906.894	7179.23
905.298	7060.17
903.701	6974.04
902.104	6995.97
900.507	7191.61
898.909	6972.5
897.311	7094.53
895.713	7153.95
894.114	6978.78
892.515	7031.94
890.916	6933.47
889.316	7097.56
887.715	7072.54
886.115	6992.86
884.514	6874.18
882.913	7038.14
881.311	6824.28
879.709	6956.97
878.107	6950.73
876.504	6963.22
874.901	6961.66
873.298	6921.13
871.694	6880.61
870.09	6826.08
868.485	6785.61
866.88	6805.9
865.275	6893.15
863.669	6886.94
862.064	6893.18
860.457	6771.8
858.851	6672.25
857.244	6902.56
855.636	6834.13
854.028	6705.1
852.42	6660.07
850.812	6728.52
849.203	6708.36
847.594	6759.69
845.984	6765.94
844.375	6621.56
842.764	6624.73
841.154	6696.2
839.543	6739.71
837.931	6645.11
836.32	6607.94
834.708	6820.47
833.095	6730.57
831.482	6605.05
829.869	6598.92
828.256	6698.16
826.642	6589.77
825.028	6616.17
823.413	6690.56
821.798	6690.6
820.183	6596.24
818.567	6611.79
816.951	6549.97
815.335	6472.72
813.718	6537.75
812.101	6616.68
810.483	6353.99
808.865	6565.81
807.247	6521.07
805.629	6431.57
804.01	6505.79
802.39	6373.11
800.771	6411.81
799.151	6411.91
797.53	6422.81
795.91	6438.34
794.288	6382.92
792.667	6319.81
791.045	6392.38
789.423	6330.84
787.8	6415.7
786.177	6375.75
784.554	6264.97
782.93	6212.76
781.306	6420.71
779.682	6311.54
778.057	6231.65
776.432	6253.32
774.807	6205.78
773.181	6184.39
771.554	6261.4
769.928	6281.51
768.301	6270.88
766.674	6240.28
765.046	6137.51
763.418	6085.45
761.789	6231.46
760.161	6160.99
758.531	6174.95
756.902	6006.33
755.272	6093.94
753.642	6193.78
752.011	6131.06
750.38	6126.62
748.749	6128.3
747.117	6096.28
745.485	6108.69
743.852	6076.69
742.22	6184.02
740.586	6040.27
738.953	6126.14
737.319	6114.05
735.685	6063.73
734.05	5869.66
732.415	6048.76
730.779	6055.04
729.144	6047.56
727.507	6082.87
725.871	5904.29
724.234	6048.05
722.597	5999.35
720.959	5970.52
719.321	5975.28
717.683	5966.3
716.044	5899.36
714.405	5832.44
712.765	5954.64
711.126	5980.74
709.485	5866.6
707.845	5927.75
706.204	5848.71
704.563	5821.5
702.921	5937.44
701.279	5919.35
699.636	5829.73
697.993	5832.98
696.35	5802.75
694.707	5816.65
693.063	5728.66
691.419	5730.4
689.774	5809.67
688.129	5870.67
686.483	5690.05
684.838	5766.24
683.191	5620.66
681.545	5718.08
679.898	5587.76
678.251	5682.1
676.603	5677.78
674.955	5744.76
673.307	5707.06
671.658	5595.08
670.009	5692.35
668.359	5666.82
666.709	5624.62
665.059	5583.96
663.408	5669.03
661.757	5664.72
660.106	5630.13
658.454	5715.12
656.802	5508.04
655.15	5674.71
653.497	5469.24
651.844	5510.34
650.19	5487.93
648.536	5525.98
646.881	5556.46
645.227	5633.77
643.572	5528.27
641.916	5445.47
640.26	5491.04
638.604	5417.34
636.947	5414.6
635.29	5448.07
633.633	5372.93
631.975	5438.06
630.317	5451.91
628.659	5447.66
627	5437.38
625.34	5404.5
623.681	5383.69
622.021	5344.82
620.36	5543.86
618.7	5456.8
617.038	5408.91
615.377	5404.67
613.715	5346.28
612.053	5317.99
610.39	5304.76
608.727	5404.27
607.064	5345.93
605.4	5346.22
603.736	5221.82
602.071	5196.6
600.406	5327.56
598.741	5203.25
597.075	5218.58
595.409	5127.36
593.743	5279.21
592.076	5197.02
590.409	5255.82
588.741	5260.62
587.073	5278.91
585.405	5195.29
583.736	5180.62
582.067	5240.86
580.397	5170.78
578.728	5157.63
577.057	5222.31
575.387	5228.6
573.716	5273.79
572.044	5178.36
570.373	5193.63
568.7	5146.1
567.028	5144.93
565.355	5070.53
563.682	5049.95
562.008	5093.61
560.334	5167.12
558.66	5086.81
556.985	5022.96
555.31	5132.25
553.634	5074.38
551.958	5037.43
550.282	4981.1
548.605	5033.64
546.928	5069.76
545.25	5026.87
543.573	5049.57
541.894	4933.71
540.216	5066.62
538.537	5028.24
536.857	4973.51
535.178	4939.63
533.497	4917.67
531.817	4889.77
530.136	4948.15
528.455	4836.98
526.773	4926.56
525.091	4931.38
523.408	4814.35
521.725	4979.64
520.042	4821.07
518.359	4797.69
516.675	4864.89
514.99	4929.08
513.305	4914.6
511.62	4867.49
509.935	4919.77
508.249	4841.54
506.562	4849.32
504.876	4815.61
503.189	4821.92
501.501	4669.7
499.813	4868.59
498.125	4753.45
496.436	4736.08
494.747	4828.25
493.058	4720.6
491.368	4786.09
489.678	4662.23
487.987	4782.42
486.297	4736.97
484.605	4638.33
482.913	4879.63
481.221	4608.14
479.529	4645.49
477.836	4628.18
476.143	4661.08
474.449	4660.01
472.755	4735.68
471.061	4620.99
469.366	4671.56
467.67	4654.27
465.975	4600.12
464.279	4631.5
462.582	4612.75
460.886	4585.17
459.189	4588.54
457.491	4580.13
455.793	4645.33
454.095	4538.28
452.396	4599.05
450.697	4531.79
448.997	4567.52
447.298	4503.24
445.597	4590.42
443.897	4584.96
442.196	4454.58
440.494	4494.7
438.792	4474.57
437.09	4522.01
435.387	4410.84
433.684	4379
431.981	4454.31
430.277	4407.81
428.573	4466.94
426.868	4493.78
425.163	4420.9
423.458	4422.81
421.752	4310.41
420.046	4409.06
418.34	4367.03
416.633	4475.87
414.925	4321.09
413.218	4365.48
411.51	4310.32
409.801	4378.11
408.092	4384.41
406.383	4346.84
404.673	4278.58
402.963	4305.37
401.253	4272.22
399.542	4335.54
397.831	4359.37
396.119	4307.25
394.407	4281.44
392.694	4264.39
390.982	4216.7
389.268	4291.61
387.555	4268.74
385.841	4232.75
384.126	4209.91
382.411	4281.83
380.696	4196.31
378.981	4188.05
377.265	4195.83
375.548	4213.8
373.832	4179.33
372.114	4140.52
370.397	4081.34
368.679	4246.29
366.96	4108.56
365.242	4097.43
363.523	3962.7
361.803	4059.19
360.083	4093.14
358.363	4050.05
356.642	4070.91
354.921	4026.4
353.199	4045.8
351.477	4008.57
349.755	4088.93
348.032	4031.39
346.309	3994.19
344.586	4029.53
342.862	4040.2
341.137	3955.18
339.413	4076.02
337.688	3891.04
335.962	3882.89
334.236	3980.49
332.51	3927.44
330.783	3864.28
329.056	3976.29
327.328	3921.83
325.601	3973
323.872	3872.28
322.144	3979.85
320.414	3877.72
318.685	3884.05
316.955	3919.28
315.225	3851.91
313.494	3882.8
311.763	3857.35
310.031	3810.26
308.299	3800.71
306.567	3827.25
304.834	3810.5
303.101	3777.88
301.368	3775.56
299.634	3793.43
297.9	3825.71
296.165	3803.21
294.43	3728.84
292.694	3752.47
290.958	3717.04
289.222	3746.41
287.485	3735.47
285.748	3763.39
284.011	3644.53
282.273	3691.16
280.534	3730.57
278.795	3715.33
277.056	3711.59
275.317	3588.57
273.577	3612.17
271.836	3688.9
270.096	3679.43
268.355	3700.11
266.613	3603.07
264.871	3579.28
263.129	3598.53
261.386	3593.39
259.643	3601.17
257.899	3499.96
256.155	3609.53
254.411	3562.83
252.666	3550.54
250.921	3543.99
249.175	3515.95
247.429	3497.95
245.683	3555.83
243.936	3416.18
242.189	3452.59
240.441	3454.65
238.693	3513.92
236.944	3444.47
235.196	3442.24
233.446	3420
231.697	3383.49
229.947	3431.27
228.196	3360.49
226.445	3389.69
224.694	3420.31
222.942	3335.31
221.19	3374.49
219.437	3339.47
217.685	3355.8
215.931	3292.29
214.177	3339.99
212.423	3295.03
210.669	3297.11
208.914	3272.13
207.158	3258.55
205.403	3284.84
203.646	3294.04
201.89	3274.77
200.133	3302.47
