4501.29	5859.5
4500.4	5754.82
4499.52	5954.66
4498.64	5781.1
4497.75	5768.78
4496.87	5739.51
4495.98	5730.03
4495.1	5754.47
4494.22	5651.74
4493.33	5560.34
4492.45	5644.12
4491.56	5436.96
4490.68	5656.28
4489.79	5624.24
4488.9	5657.13
4488.02	5500.92
4487.13	5626.95
4486.25	5572.36
4485.36	5424.7
4484.47	5432.22
4483.59	5606.11
4482.7	5407.77
4481.81	5341.99
4480.93	5417.16
4480.04	5495.13
4479.15	5533.61
4478.26	5479.13
4477.38	5362.7
4476.49	5277.28
4475.6	5459.37
4474.71	5241.66
4473.83	5395.55
4472.94	5242.65
4472.05	5337.4
4471.16	5325.22
4470.27	5428.36
4469.38	5312.11
4468.49	5339.3
4467.6	5268.1
4466.71	5222.21
4465.82	5207.25
4464.93	5332.77
4464.04	5143.63
4463.15	5325.3
4462.26	5397.38
4461.37	5154.98
4460.48	5260.76
4459.59	5181.25
4458.7	5258.92
4457.81	5367.43
4456.92	5332.83
4456.03	5079.47
4455.14	5373.03
4454.24	5159.01
4453.35	5225.39
4452.46	5235.69
4451.57	5147.9
4450.68	5203.04
4449.78	5210.54
4448.89	5075.19
4448	5119.11
4447.11	5165.81
4446.21	5204.1
4445.32	5270.37
4444.43	5151.91
4443.53	5285.32
4442.64	5236.84
4441.75	5258.3
4440.85	5128.74
4439.96	5153.01
4439.06	5196.84
4438.17	5223.88
4437.27	5172.67
4436.38	5244.41
4435.48	5165.27
4434.59	5225.82
4433.69	5261.21
4432.8	5226.79
4431.9	5329.16
4431.01	5314.27
4430.11	5346.83
4429.22	5111.53
4428.32	5308.7
4427.42	5307.77
4426.53	5359.83
4425.63	5478.78
4424.73	5324.5
4423.84	5423.91
4422.94	5255.76
4422.04	5385.79
4421.14	5370.92
4420.25	5445.19
4419.35	5513.85
4418.45	5434.93
4417.55	5400.57
4416.65	5555.49
4415.76	5548.96
4414.86	5431.13
4413.96	5458
4413.06	5557.17
4412.16	5450.52
4411.26	5535.76
4410.36	5640.43
4409.46	5481.02
4408.56	5627.34
4407.66	5670.81
4406.76	5550.37
4405.86	5574.39
4404.96	5715.04
4404.06	5766.8
4403.16	5632.54
4402.26	5734.25
4401.36	5736.02
4400.46	5673.97
4399.56	5778.39
4398.66	5952.12
4397.76	5759.73
4396.85	5789.22
4395.95	5946.22
4395.05	5886.97
4394.15	5830.52
4393.25	5859.97
4392.34	6019.62
4391.44	6024.1
4390.54	5998.12
4389.64	6146.58
4388.73	6065.23
4387.83	6055.86
4386.93	6046.5
4386.02	5893.26
4385.12	6072.04
4384.21	5985.23
4383.31	6150.1
4382.41	6201.56
4381.5	6134.13
4380.6	6271.24
4379.69	6212.11
4378.79	6371.27
4377.88	6383.97
4376.98	6357.99
4376.07	6376.2
4375.17	6430.3
4374.26	6327.04
4373.36	6461.17
4372.45	6457.27
4371.54	6585.82
4370.64	6443.97
4369.73	6608.33
4368.82	6540.98
4367.92	6548.11
4367.01	6687.54
4366.1	6600.93
4365.2	6718.26
4364.29	6529.73
4363.38	6476.25
4362.47	6703.71
4361.57	6666.73
4360.66	6905.09
4359.75	6925.9
4358.84	6701.75
4357.93	6827.16
4357.02	6718.66
4356.11	6934.79
4355.21	6889.57
4354.3	7012.1
4353.39	6911.89
4352.48	6918.92
4351.57	6936.94
4350.66	6806.57
4349.75	6942.75
4348.84	7065.14
4347.93	6992.49
4347.02	7177.99
4346.11	7014.74
4345.2	7013.51
4344.29	7144.01
4343.37	7134.52
4342.46	7039.98
4341.55	7126.52
4340.64	7256.92
4339.73	7230.96
4338.82	7306.45
4337.9	7261.31
4336.99	7213.44
4336.08	7253.27
4335.17	7273.91
4334.26	7552.04
4333.34	7367.21
4332.43	7305.67
4331.52	7413.9
4330.6	7434.49
4329.69	7419.5
4328.78	7563.22
4327.86	7293.77
4326.95	7483.96
4326.03	7447.09
4325.12	7516.87
4324.21	7326.91
4323.29	7530.63
4322.38	7619.49
4321.46	7503.38
4320.55	7586.75
4319.63	7768.43
4318.72	7472.1
4317.8	7580.01
4316.88	7518.61
4315.97	7705.63
4315.05	7636.04
4314.14	7752.03
4313.22	7777.94
4312.3	7670.19
4311.39	7707.02
4310.47	7664.76
4309.55	7783.36
4308.63	7841.96
4307.72	7783.34
4306.8	7599.41
4305.88	7734.29
4304.96	7773.78
4304.05	7946.7
4303.13	7912.62
4302.21	7875.84
4301.29	7830.9
4300.37	7723.38
4299.45	7898.88
4298.54	7949.17
4297.62	7833.53
4296.7	8079.62
4295.78	7920.49
4294.86	7910.94
4293.94	7936.72
4293.02	7799.44
4292.1	7993.7
4291.18	7940.67
4290.26	7887.66
4289.34	7978.6
4288.42	8001.63
4287.5	7932.35
4286.57	7955.37
4285.65	8089.66
4284.73	8031.25
4283.81	8195.31
4282.89	8017.56
4281.97	8029.7
4281.04	8020.15
4280.12	8135.3
4279.2	8131.15
4278.28	8094.49
4277.35	8171.63
4276.43	8064.54
4275.51	8179.57
4274.59	8069.81
4273.66	8263.32
4272.74	8061.54
4271.81	8246.87
4270.89	8028.92
4269.97	8271.01
4269.04	8199.21
4268.12	8273.49
4267.19	8415.35
4266.27	8238.12
4265.34	8450.21
4264.42	8248.72
4263.49	8395.88
4262.57	8251.2
4261.64	8382.1
4260.72	8169.96
4259.79	8133.41
4258.87	8277.76
4257.94	8359.98
4257.01	8420.57
4256.09	8381.3
4255.16	8250.32
4254.23	8262.34
4253.31	8463.15
4252.38	8275.6
4251.45	8392.76
4250.52	8472.14
4249.6	8389.78
4248.67	8620.03
4247.74	8564.62
4246.81	8635.83
4245.88	8564.28
4244.96	8425.44
4244.03	8493.94
4243.1	8317.47
4242.17	8442.49
4241.24	8519.02
4240.31	8611.67
4239.38	8489.1
4238.45	8476.84
4237.52	8625.92
4236.59	8879.79
4235.66	8493.84
4234.73	8618.64
4233.8	8547.25
4232.87	8559.17
4231.94	8810.14
4231.01	8714.58
4230.08	8812.38
4229.15	8716.86
4228.22	8530.11
4227.28	8646.67
4226.35	8744.42
4225.42	8839.44
4224.49	8585.74
4223.56	8514.49
4222.62	8641.68
4221.69	8782.23
4220.76	8895.93
4219.83	8647.8
4218.89	8715.93
4217.96	8741.17
4217.03	8771.76
4216.09	8968.37
4215.16	8776.68
4214.23	8871.49
4213.29	8698.62
4212.36	8798.76
4211.42	8968.43
4210.49	8736.78
4209.55	8780.7
4208.62	8835.3
4207.68	8940.67
4206.75	8947.1
4205.81	8859.99
4204.88	8885.13
4203.94	9059.89
4203.01	8927.39
4202.07	8864.37
4201.13	9031.03
4200.2	8976.02
4199.26	8934.39
4198.32	9055.57
4197.39	8984.58
4196.45	9009.66
4195.51	9120.09
4194.58	9033.12
4193.64	9068.85
4192.7	9125.89
4191.76	9113.6
4190.82	8968.07
4189.89	9051.74
4188.95	9108.74
4188.01	9282.92
4187.07	9257.3
4186.13	8954.76
4185.19	9001.09
4184.25	9079.34
4183.31	9133.61
4182.37	9169.24
4181.43	9148.98
4180.49	9349.5
4179.55	9135.09
4178.61	9269.07
4177.67	9113.22
4176.73	9276.4
4175.79	9115.29
4174.85	9140.24
4173.91	8987.19
4172.97	9240.57
4172.03	9180.5
4171.09	9271.8
4170.14	9195.81
4169.2	9321.58
4168.26	9264.19
4167.32	9262.53
4166.38	9478.41
4165.43	9102.75
4164.49	9127.64
4163.55	9377.89
4162.6	9347.06
4161.66	9011.44
4160.72	9314.58
4159.77	9355.31
4158.83	9393.38
4157.89	9349.32
4156.94	9461.52
4156	9271.86
4155.05	9341.68
4154.11	9234.14
4153.16	9454.77
4152.22	9376.36
4151.27	9231.85
4150.33	9280.45
4149.38	9331.68
4148.44	9306.22
4147.49	9235.83
4146.55	9345.18
4145.6	9441.28
4144.65	9376.19
4143.71	9348.1
4142.76	9423.02
4141.81	9505.83
4140.87	9298.21
4139.92	9272.8
4138.97	9397.82
4138.03	9361.84
4137.08	9621.34
4136.13	9374.32
4135.18	9370.01
4134.23	9544.99
4133.29	9400.93
4132.34	9415.06
4131.39	9481.9
4130.44	9690.99
4129.49	9531.2
4128.54	9579.54
4127.59	9598.89
4126.64	9560.32
4125.69	9434.88
4124.74	9604.27
4123.79	9742.03
4122.84	9464.02
4121.89	9438.65
4120.94	9526.39
4119.99	9482.61
4119.04	9575.57
4118.09	9529.17
4117.14	9632.59
4116.19	9659.77
4115.24	9668.55
4114.28	9635.3
4113.33	9394.58
4112.38	9524.19
4111.43	9383.34
4110.48	9646.78
4109.52	9456.09
4108.57	9567.23
4107.62	9589.13
4106.66	9548.07
4105.71	9577.83
4104.76	9819.97
4103.8	9621.59
4102.85	9690.64
4101.9	9757.04
4100.94	9590.22
4099.99	9475.85
4099.03	9780.61
4098.08	9692.44
4097.12	9732.59
4096.17	9620.9
4095.21	9716.02
4094.26	9766.62
4093.3	9594.79
4092.35	9624.47
4091.39	9722.13
4090.44	9764.85
4089.48	9561.77
4088.52	9797.94
4087.57	9861.53
4086.61	9791.82
4085.65	9724.74
4084.7	9851
4083.74	9658.57
4082.78	9714.29
4081.82	9495.84
4080.87	9877.87
4079.91	9829.12
4078.95	9788.21
4077.99	9729.06
4077.03	9774.27
4076.08	9728.17
4075.12	9744.68
4074.16	9662.11
4073.2	9769.86
4072.24	9906.23
4071.28	9818.46
4070.32	9563.99
4069.36	9742
4068.4	9836.62
4067.44	9845.27
4066.48	9911.19
4065.52	9831.32
4064.56	9733.26
4063.6	9819.98
4062.64	9828.62
4061.68	9798.24
4060.72	9796.48
4059.75	9672.52
4058.79	9694.18
4057.83	9887.37
4056.87	9766.06
4055.91	9850.04
4054.94	9827.49
4053.98	9828.32
4053.02	9834.34
4052.06	9866.33
4051.09	9760.72
4050.13	9930.26
4049.17	9819.49
4048.2	9830.7
4047.24	9675.88
4046.27	9949.06
4045.31	9949.86
4044.35	9779.55
4043.38	9782.97
4042.42	10017.1
4041.45	9807.96
4040.49	9865.78
4039.52	9957.26
4038.56	9867.41
4037.59	9935.55
4036.63	9995.9
4035.66	9875.03
4034.69	9852.54
4033.73	9884.41
4032.76	9823.13
4031.8	9790.32
4030.83	9977.34
4029.86	9957.45
4028.89	10167.6
4027.93	10189.1
4026.96	9980.5
4025.99	10092.4
4025.02	9930.4
4024.06	10148.2
4023.09	9919.07
4022.12	9950.85
4021.15	9980.04
4020.18	10040.2
4019.21	9991.92
4018.25	9881.76
4017.28	10032.2
4016.31	10063.9
4015.34	10031.1
4014.37	9939.09
4013.4	9942.45
4012.43	10054.1
4011.46	9972.37
4010.49	9885.55
4009.52	9976.5
4008.55	10116.3
4007.58	10021.8
4006.6	10048.3
4005.63	10146.9
4004.66	10093.6
4003.69	9785.59
4002.72	10041.1
4001.75	9969.83
4000.77	10086.3
3999.8	9901.95
3998.83	9956.72
3997.86	9944.64
3996.88	10246.1
3995.91	9881.95
3994.94	10188.4
3993.96	9947.73
3992.99	10171.9
3992.02	10170.1
3991.04	10078.4
3990.07	10225.4
3989.1	10020.9
3988.12	10090.9
3987.15	10184
3986.17	10133.4
3985.2	10116.2
3984.22	10150.3
3983.25	10086.9
3982.27	10220.9
3981.3	10114
3980.32	10040.5
3979.34	9900.31
3978.37	9944.62
3977.39	10188.6
3976.41	10130.5
3975.44	10097.9
3974.46	10147.3
3973.48	10245.2
3972.51	10118
3971.53	10121.3
3970.55	10019.8
3969.57	10168.8
3968.6	10085.2
3967.62	10188.1
3966.64	10260.4
3965.66	10261.1
3964.68	10044.6
3963.7	10170.5
3962.73	10319.4
3961.75	10161.7
3960.77	10080.8
3959.79	10206.6
3958.81	10061.8
3957.83	10128.9
3956.85	10142.3
3955.87	10081.9
3954.89	10052
3953.91	9971.12
3952.93	9974.41
3951.94	10089.8
3950.96	10060
3949.98	10149.9
3949	10178.6
3948.02	10186.9
3947.04	10218.2
3946.06	10145.1
3945.07	10209.4
3944.09	10266.1
3943.11	10167.5
3942.13	10267.5
3941.14	10268.1
3940.16	10190
3939.18	10157.6
3938.19	10166
3937.21	10131.1
3936.23	10218.2
3935.24	10018.1
3934.26	10171.3
3933.27	10245.6
3932.29	10147.3
3931.3	10264.8
3930.32	10214.7
3929.33	10042.8
3928.35	10165.3
3927.36	10252.2
3926.38	10235.2
3925.39	10256.1
3924.41	10211.2
3923.42	10313.3
3922.43	10435.6
3921.45	10595.9
3920.46	10249.4
3919.47	10285.5
3918.49	10189.9
3917.5	10355.2
3916.51	10325.5
3915.52	10305.9
3914.54	10278.7
3913.55	10431.2
3912.56	10307.9
3911.57	10300.9
3910.58	10253.5
3909.6	10365.5
3908.61	10070.3
3907.62	10303.5
3906.63	10428
3905.64	10335.2
3904.65	10358.6
3903.66	10336.5
3902.67	10268.9
3901.68	10421.1
3900.69	10482.3
3899.7	10336.5
3898.71	10594.6
3897.72	10403.4
3896.73	10159.3
3895.74	10573.7
3894.74	10362.4
3893.75	10514.4
3892.76	10426.7
3891.77	10306.4
3890.78	10412.9
3889.79	10632.7
3888.79	10429.2
3887.8	10389.6
3886.81	10428
3885.81	10418.5
3884.82	10618
3883.83	10517.9
3882.83	10402.7
3881.84	10546.8
3880.85	10436.7
3879.85	10490.1
3878.86	10644.1
3877.86	10559.2
3876.87	10672.9
3875.88	10711.2
3874.88	10613.7
3873.89	10762.5
3872.89	10489.3
3871.89	10771.2
3870.9	10646.2
3869.9	10767.3
3868.91	10587.1
3867.91	10743.3
3866.91	10588.2
3865.92	10623.9
3864.92	10777.5
3863.92	10647.7
3862.93	10811.2
3861.93	10606.2
3860.93	10636.8
3859.93	10672.5
3858.94	10758.2
3857.94	10851.4
3856.94	10779.3
3855.94	10947.6
3854.94	10853
3853.94	10866
3852.95	10864.1
3851.95	10874.6
3850.95	10855.1
3849.95	11020.7
3848.95	10871.1
3847.95	10939.2
3846.95	10937.2
3845.95	10937.7
3844.95	11023.1
3843.95	11053.6
3842.95	10926.7
3841.95	10934.7
3840.94	11130
3839.94	10945.7
3838.94	11073.5
3837.94	10869.3
3836.94	10964.6
3835.94	10922.7
3834.93	11020.5
3833.93	10973.6
3832.93	10864.4
3831.93	11036.9
3830.92	11296.6
3829.92	11067.7
3828.92	11152.9
3827.91	11335.2
3826.91	11191.2
3825.91	11126.9
3824.9	11055.1
3823.9	11155.2
3822.89	11076
3821.89	11235.7
3820.88	11256.1
3819.88	11067.4
3818.87	11125.1
3817.87	11093.2
3816.86	11262.7
3815.86	11203.5
3814.85	11213.9
3813.84	11311.2
3812.84	11224.7
3811.83	11334.4
3810.83	11324.9
3809.82	11350.1
3808.81	11382.8
3807.8	11291.4
3806.8	11363.7
3805.79	11522.9
3804.78	11185.9
3803.77	11330.2
3802.77	11397.6
3801.76	11365.7
3800.75	11361.2
3799.74	11664
3798.73	11275.2
3797.72	11317.8
3796.71	11568.4
3795.7	11425.1
3794.69	11551.7
3793.68	11294.6
3792.67	11550
3791.66	11416.7
3790.65	11412.1
3789.64	11615.4
3788.63	11529.2
3787.62	11527
3786.61	11690.6
3785.6	11421.5
3784.59	11550.4
3783.58	11723.7
3782.56	11392.9
3781.55	11734.2
3780.54	11692.6
3779.53	11705.2
3778.52	11705.5
3777.5	11789.8
3776.49	11686.4
3775.48	11694.2
3774.46	11741.4
3773.45	11670.1
3772.44	11727.2
3771.42	11702.8
3770.41	11801.8
3769.39	11841.5
3768.38	11925.6
3767.36	11856.9
3766.35	11709.3
3765.34	11896.9
3764.32	11929.2
3763.3	11700.4
3762.29	12013.4
3761.27	11925
3760.26	11836.7
3759.24	11891.1
3758.23	11672.5
3757.21	11975.3
3756.19	11773.9
3755.18	11926.7
3754.16	12054.7
3753.14	11828.9
3752.12	12146.1
3751.11	12026
3750.09	11748.7
3749.07	11940.5
3748.05	11800.8
3747.03	11916.5
3746.02	12073.8
3745	12206.6
3743.98	11797
3742.96	12248.7
3741.94	12202.3
3740.92	12006.3
3739.9	12136.5
3738.88	12139.2
3737.86	12146.8
3736.84	12046.5
3735.82	12147.2
3734.8	11988.2
3733.78	12172.1
3732.76	12289.9
3731.74	12223.9
3730.71	12233.9
3729.69	12261
3728.67	12168.3
3727.65	12337.3
3726.63	12268.9
3725.61	12212.9
3724.58	12306
3723.56	12213.3
3722.54	12215.9
3721.51	12228.3
3720.49	12282.3
3719.47	12358.2
3718.44	12346.1
3717.42	12365.8
3716.4	12463.6
3715.37	12332
3714.35	12232.1
3713.32	12456.8
3712.3	12464.2
3711.27	12737.6
3710.25	12464.5
3709.22	12528
3708.2	12652.5
3707.17	12620.9
3706.15	12487
3705.12	12450.6
3704.09	12494.6
3703.07	12740.7
3702.04	12392.5
3701.01	12638.6
3699.99	12480.5
3698.96	12648.5
3697.93	12690
3696.9	12532
3695.88	12636.7
3694.85	12522.5
3693.82	12532.3
3692.79	12559.2
3691.76	12440.2
3690.74	12914.2
3689.71	12622.7
3688.68	12785.5
3687.65	12754
3686.62	12817.2
3685.59	12586.6
3684.56	12710.6
3683.53	12693.6
3682.5	12722.8
3681.47	12754.5
3680.44	12868.5
3679.41	12764.3
3678.38	12895.3
3677.34	12793.5
3676.31	13055.4
3675.28	12859.1
3674.25	12844.6
3673.22	12873.7
3672.19	13004.5
3671.15	12917.4
3670.12	13094.2
3669.09	12856.9
3668.06	13067.5
3667.02	12975.6
3665.99	12944.1
3664.96	13089.3
3663.92	13103.8
3662.89	13360.1
3661.85	13099
3660.82	13115.9
3659.79	13176.3
3658.75	13125.5
3657.72	13089.3
3656.68	13284.9
3655.65	13074.8
3654.61	13205.1
3653.57	13164.1
3652.54	13253.4
3651.5	13248.5
3650.47	13525.9
3649.43	13388.3
3648.39	13349.7
3647.36	13380.9
3646.32	13188
3645.28	13527.9
3644.25	13518.1
3643.21	13385.5
3642.17	13604.7
3641.13	13645.5
3640.09	13527.4
3639.06	13561
3638.02	13640.3
3636.98	13840
3635.94	13618.4
3634.9	13769.9
3633.86	13880.4
3632.82	13904.3
3631.78	13877.6
3630.74	13675.5
3629.7	13903.7
3628.66	13663.2
3627.62	13768.8
3626.58	13874.4
3625.54	14169.7
3624.5	13910.1
3623.46	14068.4
3622.42	13979.3
3621.38	14120.7
3620.33	14043.7
3619.29	13959.5
3618.25	13916.2
3617.21	14124.7
3616.17	14285.1
3615.12	14272.9
3614.08	14284.6
3613.04	14008.7
3611.99	14276.9
3610.95	14144.9
3609.91	14223.7
3608.86	14240.2
3607.82	14335.7
3606.77	14139.1
3605.73	14210.7
3604.69	14033.4
3603.64	14071.4
3602.6	14181.3
3601.55	14185.8
3600.5	14238.2
3599.46	14020.3
3598.41	14369.1
3597.37	14533.8
3596.32	14289.7
3595.27	14227.3
3594.23	14222.3
3593.18	14305.6
3592.13	14197.9
3591.09	14183.3
3590.04	14457.6
3588.99	14354.6
3587.94	14485.6
3586.9	14301.6
3585.85	14365.7
3584.8	14315.3
3583.75	14317.4
3582.7	14209.9
3581.65	14276.4
3580.6	14261.8
3579.56	14311.6
3578.51	14223.1
3577.46	14530.1
3576.41	14558.3
3575.36	14441.4
3574.31	14343.5
3573.26	14217
3572.2	14290.5
3571.15	14437.7
3570.1	14423.2
3569.05	14380
3568	14348.8
3566.95	14415.1
3565.9	14490.8
3564.84	14533.3
3563.79	14571
3562.74	14793.9
3561.69	14529.9
3560.63	14558.1
3559.58	14823.6
3558.53	14455.3
3557.47	14502.5
3556.42	14677.7
3555.37	14760.4
3554.31	14693.6
3553.26	14467.9
3552.2	14678.6
3551.15	14860.8
3550.09	14836.7
3549.04	14732
3547.98	14681.9
3546.93	14691
3545.87	14745.1
3544.82	14792.1
3543.76	14763.3
3542.71	14812.6
3541.65	14790.9
3540.59	14930.1
3539.54	14783
3538.48	14742.4
3537.42	15108.5
3536.36	14831.5
3535.31	14918.5
3534.25	14667.6
3533.19	15016.9
3532.13	15035.4
3531.07	14964.1
3530.02	15112.4
3528.96	15081.3
3527.9	15137.5
3526.84	15188.9
3525.78	15056.3
3524.72	14949.7
3523.66	15107.3
3522.6	15227.1
3521.54	14979
3520.48	15174.3
3519.42	15143.1
3518.36	15220.4
3517.3	15302.4
3516.24	15294.8
3515.17	15409.8
3514.11	15472.8
3513.05	15345.1
3511.99	15424.6
3510.93	15365.3
3509.87	15522.4
3508.8	15505.4
3507.74	15601.3
3506.68	15676
3505.61	15682.5
3504.55	15745.4
3503.49	15436.8
3502.42	15624.3
3501.36	15595.5
3500.3	15743
3499.23	15608.5
3498.17	15791.1
3497.1	15776.4
3496.04	15728.8
3494.97	15711.8
3493.91	15718.2
3492.84	15872.5
3491.77	15738.2
3490.71	16129.2
3489.64	15985.5
3488.58	16059.9
3487.51	15946.7
3486.44	16194.5
3485.38	15989.9
3484.31	16394.6
3483.24	16225.2
3482.17	15906
3481.11	16116.1
3480.04	16265.2
3478.97	16009.4
3477.9	16371.5
3476.83	16302.9
3475.77	16468.3
3474.7	16530.7
3473.63	16310.1
3472.56	16508.1
3471.49	16563.4
3470.42	16284.5
3469.35	16435.7
3468.28	16631.2
3467.21	16614.1
3466.14	16466.2
3465.07	16220.2
3464	16579
3462.92	16358.9
3461.85	16514.5
3460.78	16497.4
3459.71	16652.9
3458.64	16565.8
3457.57	16956.8
3456.49	16715.8
3455.42	16843.2
3454.35	16923.9
3453.28	16790.2
3452.2	16957.1
3451.13	16723.4
3450.06	16901.9
3448.98	17038.4
3447.91	16930.4
3446.83	17148.4
3445.76	17147.5
3444.68	16993
3443.61	16927
3442.53	16947.1
3441.46	16946.2
3440.38	16973.3
3439.31	17493
3438.23	17029.6
3437.16	17170.5
3436.08	17209.1
3435	17203.5
3433.93	17156.1
3432.85	17166.8
3431.77	17302.9
3430.7	17438.9
3429.62	17298.7
3428.54	17499.6
3427.46	17591.4
3426.39	17446.6
3425.31	17515.2
3424.23	17525.8
3423.15	17320.9
3422.07	17454.3
3420.99	17692
3419.91	17552
3418.83	17530.2
3417.75	17642.7
3416.68	17648.6
3415.6	17744.8
3414.51	17852.6
3413.43	17724.2
3412.35	17933.7
3411.27	17874.8
3410.19	17716.5
3409.11	17666.9
3408.03	18024.2
3406.95	17803.6
3405.87	18084.5
3404.78	18085.7
3403.7	17860.5
3402.62	18157.4
3401.54	18327.1
3400.45	17831.9
3399.37	18361.8
3398.29	18106.8
3397.2	18172.6
3396.12	18095.3
3395.04	18128.8
3393.95	18150.7
3392.87	18400.9
3391.78	18432
3390.7	18368.6
3389.61	18397.4
3388.53	18311
3387.44	18351.3
3386.36	18389.3
3385.27	18436.5
3384.19	18497.5
3383.1	18645.9
3382.01	18520.4
3380.93	18452.5
3379.84	18612.3
3378.75	18555.9
3377.67	18791.6
3376.58	18532.8
3375.49	18779.9
3374.4	18728.1
3373.31	18903.7
3372.23	18721
3371.14	18917.3
3370.05	18925.2
3368.96	18799.9
3367.87	18849.2
3366.78	19013.1
3365.69	19037.1
3364.6	19038.1
3363.51	18908.3
3362.42	19154.7
3361.33	18999.8
3360.24	19060.4
3359.15	19308.9
3358.06	19085.2
3356.97	19033.5
3355.88	19066.5
3354.79	19314.9
3353.69	19217.3
3352.6	19465.6
3351.51	19432.1
3350.42	19458.2
3349.33	19424.8
3348.23	19473.7
3347.14	19419.7
3346.05	19281.1
3344.95	19531.2
3343.86	19294.4
3342.77	19686.1
3341.67	19705.2
3340.58	19502.7
3339.48	19718.3
3338.39	19927
3337.29	19580.7
3336.2	19766.5
3335.1	19810.7
3334.01	19594.7
3332.91	19921.8
3331.82	19790.3
3330.72	19706.7
3329.62	19705.3
3328.53	19925
3327.43	19987.3
3326.33	19880.9
3325.24	20150.6
3324.14	20194.6
3323.04	19910.6
3321.94	20107.3
3320.85	19830.2
3319.75	20042.7
3318.65	20198.2
3317.55	20117
3316.45	19992.6
3315.35	20211.8
3314.25	20153.4
3313.16	20026.7
3312.06	20439
3310.96	20376
3309.86	20310.8
3308.76	20227.4
3307.66	20237.2
3306.55	20303.8
3305.45	20433.9
3304.35	20300.6
3303.25	20664.5
3302.15	20444.9
3301.05	20640.7
3299.95	20523.4
3298.84	20646.5
3297.74	20513.3
3296.64	20389.2
3295.54	20496.5
3294.43	20692
3293.33	20595.2
3292.23	20777.1
3291.12	20664.4
3290.02	20558.5
3288.92	20529.7
3287.81	20399
3286.71	20521.9
3285.6	20762.4
3284.5	20873.9
3283.39	20636.9
3282.29	20988.1
3281.18	20882.3
3280.08	20688.4
3278.97	20806.6
3277.86	20780
3276.76	21051.7
3275.65	20731.4
3274.54	20890.1
3273.44	20953.9
3272.33	20947.6
3271.22	21063.3
3270.12	20741
3269.01	21053
3267.9	20861.7
3266.79	21175.9
3265.68	21041
3264.57	21077.6
3263.47	21109.6
3262.36	21125.9
3261.25	21045.3
3260.14	21122.4
3259.03	21231
3257.92	21184.2
3256.81	21042.7
3255.7	21151.3
3254.59	21259.8
3253.48	21314.3
3252.37	21263
3251.25	21387.2
3250.14	21146.9
3249.03	21201.3
3247.92	21446.9
3246.81	21519.2
3245.69	21339.8
3244.58	21418.9
3243.47	21484.5
3242.36	21334.3
3241.24	21274.1
3240.13	21384.6
3239.02	21405.2
3237.9	21488.7
3236.79	21525
3235.68	21276.3
3234.56	21577.3
3233.45	21393.8
3232.33	21587
3231.22	21665.9
3230.1	21690.9
3228.99	21570.2
3227.87	21514.5
3226.75	21790.5
3225.64	21578
3224.52	21620.9
3223.41	21867.6
3222.29	21984.3
3221.17	21644.3
3220.05	21817
3218.94	21470.5
3217.82	21842.2
3216.7	21974.5
3215.58	22061.9
3214.47	21937
3213.35	21727.2
3212.23	21968.8
3211.11	21951.2
3209.99	21627.6
3208.87	21833.4
3207.75	22253.5
3206.63	21992.5
3205.51	22093.2
3204.39	22026.5
3203.27	22131.6
3202.15	22085
3201.03	21833.2
3199.91	21976.2
3198.79	21889.5
3197.67	21985.6
3196.55	21887.8
3195.42	22064.1
3194.3	21968.5
3193.18	22236.1
3192.06	22191.7
3190.93	22009.4
3189.81	22323.5
3188.69	22203.5
3187.56	22005.6
3186.44	22014.8
3185.32	22141.8
3184.19	22308.8
3183.07	22168.9
3181.94	22233.6
3180.82	22360.5
3179.7	22354
3178.57	22194.1
3177.44	22318.7
3176.32	22390
3175.19	22065.9
3174.07	22052.8
3172.94	22497
3171.82	22601.4
3170.69	22499.4
3169.56	22317.6
3168.43	22200.2
3167.31	22353.4
3166.18	22637.4
3165.05	22420.2
3163.92	22704.1
3162.8	22254.3
3161.67	22351.9
3160.54	22682.2
3159.41	22611.4
3158.28	22378.9
3157.15	22824.1
3156.02	22197.7
3154.89	22518.8
3153.76	22638.4
3152.63	22658.3
3151.5	22839.8
3150.37	22536.9
3149.24	22808.9
3148.11	22862
3146.98	22585.8
3145.85	22833.3
3144.72	22727.3
3143.59	22672.2
3142.45	22875.4
3141.32	22844.5
3140.19	22603.9
3139.06	22800.4
3137.92	22822.5
3136.79	22774
3135.66	22857.9
3134.52	22855.7
3133.39	22908.6
3132.26	22988
3131.12	23294.4
3129.99	23056.3
3128.85	22791.8
3127.72	22961.5
3126.58	23089.2
3125.45	22961.5
3124.31	22950.4
3123.18	23254.2
3122.04	22932.8
3120.9	23086.8
3119.77	23155
3118.63	23253.9
3117.49	23187.9
3116.36	23080.1
3115.22	23146
3114.08	23216.2
3112.95	23163.4
3111.81	23363.3
3110.67	23224.8
3109.53	23292.8
3108.39	23191.7
3107.25	23455.1
3106.11	23571.3
3104.98	23136.6
3103.84	23402
3102.7	23272.5
3101.56	23261.4
3100.42	23474
3099.28	23254.6
3098.14	23543.9
3096.99	23243.5
3095.85	23293.8
3094.71	23462.3
3093.57	23343.9
3092.43	23510.2
3091.29	23556.1
3090.15	23437.7
3089	23481.3
3087.86	23500.9
3086.72	23745.7
3085.57	23706.1
3084.43	23723.4
3083.29	23732
3082.14	23493.5
3081	23755.6
3079.86	23622.1
3078.71	23501.8
3077.57	23872.9
3076.42	23505.8
3075.28	24020.9
3074.13	23776.1
3072.99	23863.2
3071.84	23662.2
3070.7	23768.9
3069.55	23969.4
3068.4	23881.9
3067.26	24060.4
3066.11	23774.5
3064.96	23933.4
3063.82	23957.1
3062.67	23804.3
3061.52	23926.1
3060.37	24213.3
3059.23	23953.9
3058.08	23979.7
3056.93	23694.3
3055.78	23968.3
3054.63	23830.9
3053.48	23939.4
3052.33	24224.1
3051.18	24047.6
3050.03	23836.4
3048.88	23775.3
3047.73	23957.6
3046.58	24139.8
3045.43	24091.7
3044.28	24139.2
3043.13	24130.2
3041.98	24273.1
3040.83	23997.1
3039.68	24153.1
3038.52	24018.2
3037.37	24184.9
3036.22	23889.6
3035.07	24299.2
3033.91	23938.9
3032.76	23945.1
3031.61	23936.1
3030.45	24096.2
3029.3	24388.3
3028.14	24032.7
3026.99	24084.3
3025.84	24471.6
3024.68	24466.9
3023.53	24137.5
3022.37	24189
3021.22	24270.9
3020.06	24101.8
3018.9	24075.5
3017.75	24284.9
3016.59	24269.4
3015.44	24359.8
3014.28	24437.2
3013.12	24253.1
3011.96	24038.9
3010.81	24470.5
3009.65	24098.6
3008.49	24046.5
3007.33	24102.2
3006.18	24438.6
3005.02	24202.9
3003.86	24064.5
3002.7	24387.7
3001.54	24111.2
3000.38	24171.2
2999.22	24556.7
2998.06	24472.2
2996.9	24267.1
2995.74	24337.8
2994.58	24350.3
2993.42	24237.9
2992.26	24409.7
2991.1	24110
2989.94	24307.7
2988.77	24440.7
2987.61	24124
2986.45	24334.4
2985.29	24432.9
2984.12	24204.5
2982.96	24279.4
2981.8	24345.6
2980.64	24388.1
2979.47	24359.8
2978.31	24069.3
2977.14	24457.7
2975.98	24379.9
2974.82	24443.9
2973.65	24501.4
2972.49	24314.2
2971.32	24695.7
2970.16	24392.7
2968.99	24471.6
2967.82	24342.5
2966.66	24586.4
2965.49	24390.9
2964.33	24512.6
2963.16	24359.9
2961.99	24490.2
2960.83	24397.6
2959.66	24354.3
2958.49	24523
2957.32	24381.2
2956.15	24556.3
2954.99	24615.7
2953.82	24595.9
2952.65	24879.9
2951.48	24558.5
2950.31	24679.9
2949.14	24666.5
2947.97	24963.1
2946.8	24567.2
2945.63	24673.5
2944.46	24794.7
2943.29	24644.7
2942.12	24825.6
2940.95	24799.4
2939.78	24658
2938.61	24994.7
2937.44	24972.7
2936.26	24837.7
2935.09	24952.3
2933.92	24934.7
2932.75	24863.7
2931.57	24948.4
2930.4	24849.7
2929.23	24714.9
2928.05	24984.9
2926.88	24941.7
2925.71	24711.1
2924.53	25046.9
2923.36	24850.5
2922.18	24901
2921.01	25068.5
2919.83	25297.6
2918.66	24922.5
2917.48	24949.6
2916.31	24906.4
2915.13	25182.2
2913.95	25041.2
2912.78	24953.5
2911.6	25012.3
2910.42	25058.4
2909.25	25064.2
2908.07	25137.8
2906.89	24890.9
2905.71	25024
2904.54	25074.3
2903.36	25099.1
2902.18	25096.3
2901	25068.1
2899.82	25145.9
2898.64	25357.2
2897.46	25034.3
2896.28	25275.2
2895.1	24888.9
2893.92	25030.2
2892.74	25006.3
2891.56	24950.5
2890.38	25036.7
2889.2	25294.3
2888.02	25189.9
2886.84	24956.4
2885.65	24934.6
2884.47	24980.5
2883.29	25174.4
2882.11	25006.7
2880.92	24701.6
2879.74	25199.8
2878.56	24918
2877.38	24864.6
2876.19	25313.8
2875.01	24871.7
2873.82	25094.9
2872.64	25132.2
2871.45	24918.3
2870.27	24662.3
2869.08	24857.9
2867.9	25017.6
2866.71	24799.7
2865.53	24723.1
2864.34	24874.3
2863.16	24713.5
2861.97	24860.3
2860.78	24720.6
2859.6	24903.2
2858.41	24795.2
2857.22	24602.9
2856.03	24821.2
2854.85	24408.1
2853.66	24533.7
2852.47	24596.3
2851.28	24654.5
2850.09	24317.4
2848.9	24527.1
2847.71	24267.9
2846.52	24765.5
2845.34	24685
2844.15	24449
2842.96	24412.7
2841.76	24025.7
2840.57	24298.2
2839.38	24152.8
2838.19	24259.3
2837	24393
2835.81	24323.2
2834.62	24282.7
2833.43	23873.2
2832.23	23832.9
2831.04	24096.5
2829.85	23810.9
2828.65	24187.6
2827.46	23776.4
2826.27	23937.2
2825.07	23980.7
2823.88	23718.4
2822.69	23988
2821.49	24111
2820.3	23576.8
2819.1	23691.4
2817.91	23701.4
2816.71	24156.9
2815.52	23621
2814.32	23835.9
2813.13	23634.7
2811.93	23605
2810.73	23596.2
2809.54	23739.8
2808.34	23914.8
2807.14	23567.6
2805.94	23636.1
2804.75	23583.4
2803.55	23772.8
2802.35	23438.5
2801.15	23840.7
2799.95	23740
2798.75	23587.3
2797.56	23555.6
2796.36	23557.2
2795.16	23604.6
2793.96	23385.4
2792.76	23487
2791.56	23363.7
2790.36	23411.1
2789.16	23498.1
2787.95	23256.2
2786.75	23135.1
2785.55	23376
2784.35	23433.9
2783.15	23310.7
2781.95	23243.7
2780.74	23311.9
2779.54	23143.1
2778.34	23327.6
2777.13	23109
2775.93	23067.1
2774.73	22946.2
2773.52	22941.7
2772.32	23134.4
2771.12	23044.7
2769.91	22946.8
2768.71	23062.6
2767.5	23315.3
2766.3	22939.4
2765.09	23158.9
2763.89	23025.7
2762.68	22932.1
2761.47	22954.5
2760.27	22757.2
2759.06	22777.6
2757.85	22775.2
2756.65	22957.1
2755.44	22762
2754.23	22778.3
2753.02	22904.2
2751.81	22841.7
2750.61	22938.6
2749.4	22621.7
2748.19	22517.9
2746.98	22827.8
2745.77	22678.6
2744.56	22657.5
2743.35	22783.3
2742.14	22553.6
2740.93	22573.9
2739.72	22309.2
2738.51	22366.7
2737.3	22570.8
2736.09	22423.9
2734.88	22464.9
2733.66	22334.6
2732.45	22443.6
2731.24	22620.7
2730.03	22702.8
2728.82	22389.1
2727.6	22386.7
2726.39	22384.4
2725.18	22252.2
2723.96	22383.8
2722.75	22126
2721.53	22282.2
2720.32	22356.1
2719.11	21958.5
2717.89	22207.3
2716.68	22231.7
2715.46	22079.2
2714.25	22138.5
2713.03	22280.2
2711.81	21998.2
2710.6	21993.8
2709.38	22254.6
2708.16	22157.7
2706.95	22005.4
2705.73	21984.6
2704.51	22037.8
2703.29	21930.8
2702.08	22117.3
2700.86	21909.8
2699.64	21921.8
2698.42	21921.6
2697.2	21913.1
2695.98	21800.1
2694.76	21599
2693.54	21787.4
2692.32	21830.2
2691.1	21764.4
2689.88	21864.6
2688.66	21774.2
2687.44	21810.8
2686.22	21720.5
2685	21740.8
2683.78	21466.3
2682.56	21566.4
2681.33	21408.7
2680.11	21508.8
2678.89	21862.4
2677.67	21676.1
2676.44	21399.9
2675.22	21626.6
2674	21436.3
2672.77	21646.6
2671.55	21668.8
2670.33	21341.9
2669.1	21386.6
2667.88	21509
2666.65	21245.5
2665.43	21416.8
2664.2	21075.9
2662.97	21128.8
2661.75	21410.1
2660.52	21291.7
2659.3	21328.2
2658.07	21356.6
2656.84	21065
2655.62	21183.1
2654.39	21250.2
2653.16	20989.3
2651.93	21235.6
2650.7	21172.3
2649.48	21168.1
2648.25	20887.2
2647.02	20986.8
2645.79	21224.7
2644.56	20984.5
2643.33	20982.4
2642.1	21136.8
2640.87	21006.6
2639.64	21116.2
2638.41	21175
2637.18	20792.9
2635.95	20815.2
2634.72	20876
2633.48	20906.4
2632.25	20888
2631.02	21080.7
2629.79	20749.9
2628.56	20806.6
2627.32	20922.1
2626.09	20966.6
2624.86	21155
2623.62	20901.5
2622.39	20964.2
2621.16	20838.4
2619.92	20682.4
2618.69	20984
2617.45	20878.6
2616.22	20726.7
2614.98	20884.5
2613.75	20892.5
2612.51	20882.2
2611.27	20659.6
2610.04	20821.3
2608.8	20697.9
2607.57	20798.9
2606.33	20986.7
2605.09	20893.6
2603.85	20798.5
2602.62	20653
2601.38	20915.4
2600.14	20323.7
2598.9	20489.2
2597.66	20787.9
2596.42	20791.8
2595.18	20711
2593.94	20791.6
2592.71	20462.7
2591.47	21069.6
2590.23	20496.9
2588.98	20533.1
2587.74	20383.9
2586.5	20831.1
2585.26	20728.3
2584.02	20754.3
2582.78	20512.6
2581.54	20540.7
2580.29	20637.3
2579.05	20309.2
2577.81	20383.6
2576.57	20415.7
2575.32	20087.8
2574.08	20528.2
2572.84	20401.4
2571.59	20200.4
2570.35	20463.6
2569.1	20580.1
2567.86	20429.3
2566.61	20389.1
2565.37	20485.4
2564.12	20178.2
2562.88	20306.6
2561.63	20085.8
2560.39	20190.2
2559.14	20224.2
2557.89	20288.4
2556.65	20160
2555.4	20065.7
2554.15	20264.1
2552.9	20190
2551.66	20133.8
2550.41	20061.7
2549.16	20272
2547.91	20109.7
2546.66	20195.8
2545.41	20231.8
2544.16	20155.7
2542.91	20103.6
2541.66	20503.6
2540.41	20007.6
2539.16	19813.6
2537.91	19879.6
2536.66	20073.5
2535.41	19973.6
2534.16	20073.4
2532.91	19761.8
2531.66	19701.9
2530.4	20037.4
2529.15	19945.6
2527.9	19761.9
2526.65	19552.5
2525.39	19869.7
2524.14	19855.8
2522.89	19502.8
2521.63	19742.1
2520.38	19790
2519.12	19662.5
2517.87	19756.1
2516.61	19531.1
2515.36	19529.1
2514.1	19702.4
2512.85	19782.1
2511.59	19539.3
2510.33	19680.6
2509.08	19601.1
2507.82	19515.6
2506.56	19505.7
2505.31	19452
2504.05	19368.6
2502.79	19400.5
2501.53	19609.2
2500.28	19263.5
2499.02	19615.3
2497.76	19545.8
2496.5	19529.9
2495.24	19472.4
2493.98	19397
2492.72	19240.3
2491.46	19216.6
2490.2	19079.8
2488.94	19119.6
2487.68	19133.6
2486.42	19256.7
2485.16	19183.4
2483.9	19248.9
2482.63	19157.9
2481.37	19100.5
2480.11	19175.9
2478.85	19205.7
2477.59	19065.3
2476.32	18996.1
2475.06	19097.2
2473.8	18877.7
2472.53	18937.2
2471.27	18905.7
2470	18729.8
2468.74	18735.9
2467.47	18779.6
2466.21	18888.5
2464.94	18774
2463.68	18861.1
2462.41	18732.9
2461.15	18760.7
2459.88	18747
2458.61	18640.6
2457.35	18630.9
2456.08	18769.2
2454.81	18637.2
2453.54	18765.6
2452.28	18643.5
2451.01	18675.3
2449.74	18472.4
2448.47	18610.6
2447.2	18470.9
2445.93	18222.9
2444.66	18361
2443.39	18353.4
2442.12	18402.8
2440.85	18371.6
2439.58	18324.6
2438.31	18474.3
2437.04	18295.5
2435.77	18431.5
2434.5	18453.3
2433.23	18231.4
2431.96	18367.2
2430.68	18332.1
2429.41	18287.1
2428.14	18273.6
2426.87	18293.5
2425.59	17989.4
2424.32	18327.3
2423.04	18074.4
2421.77	18084.5
2420.5	18204.4
2419.22	18169.3
2417.95	17951.9
2416.67	17846.3
2415.4	18034.8
2414.12	17978.3
2412.85	17823.7
2411.57	17945.5
2410.29	17947.8
2409.02	17942.2
2407.74	18022.8
2406.46	17942.8
2405.18	18097.7
2403.91	17931.6
2402.63	17971
2401.35	17634.9
2400.07	17844.4
2398.79	17731.3
2397.52	17823.5
2396.24	17767.2
2394.96	17878.9
2393.68	17818.6
2392.4	17762.2
2391.12	17518.5
2389.84	17796.1
2388.56	17671.4
2387.27	17464.9
2385.99	17668.2
2384.71	17537.8
2383.43	17434.8
2382.15	17647.7
2380.87	17254.2
2379.58	17437.8
2378.3	17393.4
2377.02	17541.8
2375.73	17269.4
2374.45	17404.2
2373.17	17422.1
2371.88	17385.5
2370.6	17337.2
2369.31	17541.9
2368.03	17337.9
2366.74	17280
2365.46	17097.5
2364.17	17284.6
2362.89	17077
2361.6	17287.3
2360.31	17289.6
2359.03	17356.1
2357.74	17329.3
2356.45	16993.6
2355.17	17131.9
2353.88	17140.1
2352.59	17041.5
2351.3	17172
2350.01	17050.1
2348.72	17163
2347.43	17196.4
2346.15	17072.7
2344.86	17181.7
2343.57	17048.3
2342.28	17068.1
2340.99	17062.7
2339.69	16853.9
2338.4	17001.6
2337.11	16814.2
2335.82	16969.5
2334.53	17148
2333.24	16863.9
2331.95	16994
2330.65	17007.9
2329.36	16927.1
2328.07	16958.5
2326.77	16922.2
2325.48	16891.7
2324.19	16720.1
2322.89	16917.6
2321.6	16854.3
2320.3	16653.9
2319.01	16664
2317.71	16822.8
2316.42	16817.4
2315.12	16698.2
2313.83	16654.3
2312.53	16759
2311.23	16545.4
2309.94	16675
2308.64	16584.9
2307.34	16656.7
2306.05	16738.1
2304.75	16678.8
2303.45	16812.1
2302.15	16571.9
2300.85	16422.2
2299.55	16740.3
2298.25	16688.7
2296.96	16560.3
2295.66	16624.2
2294.36	16636.2
2293.06	16540.5
2291.76	16469.9
2290.45	16654.9
2289.15	16297.9
2287.85	16567.4
2286.55	16356.6
2285.25	16243.8
2283.95	16359.5
2282.65	16682.5
2281.34	16350.9
2280.04	16460.8
2278.74	16175.4
2277.43	16381.2
2276.13	16525.5
2274.83	16221.1
2273.52	16168
2272.22	16383.2
2270.91	16218.9
2269.61	16213.6
2268.3	16139.4
2267	15977.2
2265.69	16157.7
2264.39	16049.2
2263.08	16250.7
2261.77	16253.1
2260.47	16410.5
2259.16	16039.9
2257.85	16285.2
2256.54	15916.7
2255.24	16249.9
2253.93	16072.6
2252.62	16038.8
2251.31	15917.1
2250	15995.9
2248.69	16046.1
2247.38	15991.3
2246.07	15848.7
2244.76	16040.1
2243.45	15899.5
2242.14	16067.9
2240.83	15784.3
2239.52	15830.6
2238.21	15604.3
2236.9	15877.5
2235.59	15961.9
2234.27	15712.9
2232.96	15791.6
2231.65	15919.7
2230.34	15754.6
2229.02	15720.9
2227.71	15670.1
2226.4	15739.2
2225.08	15774.1
2223.77	15854.5
2222.45	15453.8
2221.14	15703.5
2219.82	15633.8
2218.51	15465.2
2217.19	15783.2
2215.88	15614.7
2214.56	15442.4
2213.24	15619.7
2211.93	15329.8
2210.61	15548.7
2209.29	15467.7
2207.97	15550
2206.66	15434.8
2205.34	15416.5
2204.02	15265.4
2202.7	15389.3
2201.38	15261.1
2200.06	15309.1
2198.74	15194.2
2197.42	15121
2196.1	15419
2194.78	15086.4
2193.46	15331.3
2192.14	15197.5
2190.82	15063.8
2189.5	15219.7
2188.18	15070.9
2186.86	15079.1
2185.54	15233
2184.21	15127.8
2182.89	15122.8
2181.57	14925
2180.24	14901.2
2178.92	15000.1
2177.6	14821.4
2176.27	14903.3
2174.95	14917.3
2173.62	14933.1
2172.3	15182.9
2170.97	14994.9
2169.65	14933.3
2168.32	15032.1
2167	14989.4
2165.67	14905.3
2164.34	14881.5
2163.02	14750.3
2161.69	14803.7
2160.36	15109.6
2159.04	14910.7
2157.71	14792.7
2156.38	14757.7
2155.05	14634.2
2153.72	14766.7
2152.39	14697.8
2151.06	14820.8
2149.74	14785.8
2148.41	14846.6
2147.08	14653.7
2145.75	14699.6
2144.41	14858.2
2143.08	14748
2141.75	14540.3
2140.42	14702.5
2139.09	14684.5
2137.76	14792.2
2136.43	14729.1
2135.09	14711
2133.76	14331
2132.43	14753.7
2131.09	14210.7
2129.76	14637.1
2128.43	14570.3
2127.09	14466.1
2125.76	14549.3
2124.42	14321.6
2123.09	14492.8
2121.75	14437.4
2120.42	14410
2119.08	14364
2117.75	14510.8
2116.41	14431.1
2115.07	14572.1
2113.74	14688.8
2112.4	14450.2
2111.06	14482.7
2109.72	14477.9
2108.38	14317.9
2107.05	14264.5
2105.71	14502.5
2104.37	14271.7
2103.03	14336
2101.69	14254.6
2100.35	14266.6
2099.01	14394.3
2097.67	14490.2
2096.33	14414.4
2094.99	14279.1
2093.65	14388
2092.31	14207.9
2090.97	14244.1
2089.62	14127.5
2088.28	14463.6
2086.94	14280
2085.6	14245.4
2084.25	14272.2
2082.91	14302.8
2081.57	14193.8
2080.22	14105.3
2078.88	14120.9
2077.53	14225.9
2076.19	14221.1
2074.84	14428.2
2073.5	14079.5
2072.15	14141.7
2070.81	14346.8
2069.46	14128.4
2068.12	14014
2066.77	14059.4
2065.42	13939.6
2064.08	14103.7
2062.73	14137.9
2061.38	13977.3
2060.03	13987.4
2058.68	14001.2
2057.34	13990.9
2055.99	14177
2054.64	13894.3
2053.29	14032.2
2051.94	14031.1
2050.59	14131.9
2049.24	13838.3
2047.89	14040.9
2046.54	14093.5
2045.19	13844.5
2043.83	14104.3
2042.48	14001.5
2041.13	13847
2039.78	14003.1
2038.43	14033.5
2037.07	13869.8
2035.72	14005.5
2034.37	13958.3
2033.01	13914.8
2031.66	13871.2
2030.31	13877.6
2028.95	13895
2027.6	14026.9
2026.24	13867.1
2024.89	13893.8
2023.53	13957.3
2022.17	13913.8
2020.82	13759.7
2019.46	13838
2018.11	13730.1
2016.75	13603.8
2015.39	13939.9
2014.03	13561.3
2012.68	13823.6
2011.32	13874.1
2009.96	13757.2
2008.6	13697.3
2007.24	13828.7
2005.88	13719.2
2004.52	13810.1
2003.16	13739.2
2001.8	13767.6
2000.44	13788.6
1999.08	13776.6
1997.72	13957.4
1996.36	13824.1
1995	13745.9
1993.64	13662.3
1992.27	13743.9
1990.91	13783.2
1989.55	13674
1988.19	13894.9
1986.82	13787.5
1985.46	13810.3
1984.1	13611.3
1982.73	13734.9
1981.37	13732
1980	13586.3
1978.64	13576.1
1977.27	13626.4
1975.91	13550.3
1974.54	13538.4
1973.18	13641.7
1971.81	13734
1970.44	13778.7
1969.08	13684.4
1967.71	13851.6
1966.34	13503.2
1964.97	13706.9
1963.61	13711.4
1962.24	13750.5
1960.87	13687.4
1959.5	13637
1958.13	13641.5
1956.76	13642.3
1955.39	13555.5
1954.02	13704.1
1952.65	13602.8
1951.28	13724
1949.91	13600.7
1948.54	13789.3
1947.17	13569.5
1945.8	13605
1944.42	13789.8
1943.05	13619.4
1941.68	13689.4
1940.31	13622.8
1938.93	13749.2
1937.56	13664.4
1936.19	13556
1934.81	13565.9
1933.44	13621.3
1932.06	13553
1930.69	13461.1
1929.31	13420.1
1927.94	13780.8
1926.56	13334.5
1925.18	13537
1923.81	13463.4
1922.43	13589.5
1921.05	13534
1919.68	13367.8
1918.3	13490.2
1916.92	13598.1
1915.54	13631.5
1914.17	13334.8
1912.79	13364.7
1911.41	13392.7
1910.03	13478.7
1908.65	13459.6
1907.27	13532.9
1905.89	13408.7
1904.51	13625
1903.13	13368.7
1901.75	13441.9
1900.37	13406.5
1898.99	13275.2
1897.6	13355.7
1896.22	13450.6
1894.84	13476.7
1893.46	13430.5
1892.07	13344.5
1890.69	13363.4
1889.31	13308.2
1887.92	13280.1
1886.54	13230.4
1885.15	13252.9
1883.77	13376.5
1882.38	13260
1881	13114.6
1879.61	13108.3
1878.23	13358.1
1876.84	13310.2
1875.46	13210
1874.07	13302.8
1872.68	13227.9
1871.29	13190.9
1869.91	13168.3
1868.52	13210.6
1867.13	13184.4
1865.74	13332.9
1864.35	13106.9
1862.96	13109.5
1861.57	12973.6
1860.19	13255.2
1858.8	13058.1
1857.4	13084.2
1856.01	13058
1854.62	13139.8
1853.23	13101.1
1851.84	13091.2
1850.45	13190.8
1849.06	13105.4
1847.67	13167.3
1846.27	13082
1844.88	12985.9
1843.49	13114.1
1842.09	13002
1840.7	12981.3
1839.31	13095.1
1837.91	13024.2
1836.52	12969.5
1835.12	13219.5
1833.73	13037.5
1832.33	13027.6
1830.93	12981.9
1829.54	13083
1828.14	12990.8
1826.75	12957.6
1825.35	13046.2
1823.95	12837.7
1822.55	12994.2
1821.16	13020
1819.76	12911.8
1818.36	13220.2
1816.96	12945.7
1815.56	12796.4
1814.16	12976
1812.76	13028.6
1811.36	13100.9
1809.96	12930.3
1808.56	13032.9
1807.16	12914.1
1805.76	12716.9
1804.36	12930.1
1802.96	12745.5
1801.56	12917.5
1800.15	13043.2
1798.75	12730.3
1797.35	12823.8
1795.94	12796.2
1794.54	12982.3
1793.14	12787.2
1791.73	12813
1790.33	12983
1788.92	12868.2
1787.52	12740.9
1786.11	12796.9
1784.71	12755.1
1783.3	12635
1781.9	12692.8
1780.49	12631.5
1779.08	12639.5
1777.68	12771.8
1776.27	12547.1
1774.86	12828.6
1773.45	12825.9
1772.05	12826.7
1770.64	12799.2
1769.23	12762.8
1767.82	12705.1
1766.41	12631.4
1765	12680.2
1763.59	12682.9
1762.18	12625.2
1760.77	12741.3
1759.36	12790
1757.95	12569.4
1756.54	12657.1
1755.12	12750
1753.71	12699.5
1752.3	12650.8
1750.89	12692.4
1749.47	12723.3
1748.06	12871
1746.65	12620.7
1745.23	12603.9
1743.82	12746.2
1742.4	12614.4
1740.99	12587
1739.58	12639.1
1738.16	12694.8
1736.74	12692.1
1735.33	12631.1
1733.91	12421.9
1732.5	12595.8
1731.08	12663.7
1729.66	12763.3
1728.24	12765.9
1726.83	12548.1
1725.41	12519
1723.99	12601
1722.57	12700.5
1721.15	12768.3
1719.73	12570
1718.31	12666
1716.89	12673.9
1715.47	12643
1714.05	12753
1712.63	12539.1
1711.21	12628
1709.79	12586.6
1708.37	12529.4
1706.95	12598.9
1705.52	12726.3
1704.1	12542.5
1702.68	12585.6
1701.26	12626.8
1699.83	12560.9
1698.41	12546
1696.98	12588.9
1695.56	12495
1694.14	12541.5
1692.71	12549.4
1691.28	12492.3
1689.86	12507.2
1688.43	12402.9
1687.01	12719.3
1685.58	12588.6
1684.15	12484.3
1682.73	12572.8
1681.3	12659.4
1679.87	12669
1678.44	12409
1677.02	12437.8
1675.59	12443.9
1674.16	12485
1672.73	12356.4
1671.3	12565.4
1669.87	12487.6
1668.44	12525.1
1667.01	12342.5
1665.58	12383.5
1664.15	12496.2
1662.72	12505.8
1661.28	12518.8
1659.85	12502.2
1658.42	12344.2
1656.99	12418.3
1655.55	12497.7
1654.12	12439.2
1652.69	12335.4
1651.25	12399.1
1649.82	12452.2
1648.39	12371.1
1646.95	12230.8
1645.52	12407.7
1644.08	12419
1642.64	12358.9
1641.21	12490.3
1639.77	12292.7
1638.34	12380.6
1636.9	12282.2
1635.46	12307.5
1634.02	12249.2
1632.59	12215.3
1631.15	12120.5
1629.71	12337
1628.27	12249.2
1626.83	12394.2
1625.39	12311.7
1623.95	12333.4
1622.51	12424.5
1621.07	12192.7
1619.63	12245.7
1618.19	12121.6
1616.75	12283.8
1615.31	12099.1
1613.87	12254.3
1612.43	12095.7
1610.98	12209.2
1609.54	12198
1608.1	12133
1606.66	12315.7
1605.21	12165.9
1603.77	12054.2
1602.32	12238.6
1600.88	12102.7
1599.43	12129.6
1597.99	12147.7
1596.54	12141.7
1595.1	12106.2
1593.65	12114
1592.21	12035.4
1590.76	12093.3
1589.31	12130.5
1587.86	12219.4
1586.42	12137.4
1584.97	12050.2
1583.52	11992.4
1582.07	12077.8
1580.62	12128.7
1579.17	11979.5
1577.72	12199.4
1576.28	12014
1574.83	11997.7
1573.37	12129.6
1571.92	12008.1
1570.47	11895.2
1569.02	11954.7
1567.57	11812.6
1566.12	11904.8
1564.67	11783.5
1563.21	11968.6
1561.76	11835.2
1560.31	11727.8
1558.85	11883.5
1557.4	11922.2
1555.95	11706.5
1554.49	11769.3
1553.04	11914.6
1551.58	11903.4
1550.13	11770.3
1548.67	11893.2
1547.21	11679.4
1545.76	11852
1544.3	11715.6
1542.84	11634.2
1541.39	11865
1539.93	11704.7
1538.47	11630.1
1537.01	11572.8
1535.56	11772.6
1534.1	11644.9
1532.64	11717.8
1531.18	11610.8
1529.72	11687.1
1528.26	11510
1526.8	11560.6
1525.34	11616.3
1523.88	11606.9
1522.42	11489.8
1520.95	11538.7
1519.49	11551.6
1518.03	11595.3
1516.57	11546.6
1515.1	11578.3
1513.64	11581
1512.18	11532.4
1510.71	11352.3
1509.25	11445.5
1507.79	11531.8
1506.32	11392.8
1504.86	11543.9
1503.39	11423.7
1501.92	11324
1500.46	11420.5
1498.99	11261.2
1497.53	11269
1496.06	11297.3
1494.59	11363
1493.12	11343.5
1491.66	11467.1
1490.19	11342
1488.72	11446.9
1487.25	11298
1485.78	11360.3
1484.31	11204.7
1482.84	11435.3
1481.37	11254.3
1479.9	11321.6
1478.43	11314
1476.96	11213
1475.49	11227.6
1474.02	11286.4
1472.54	11221.1
1471.07	11150.8
1469.6	11333.4
1468.13	11278.4
1466.65	11248.8
1465.18	11209
1463.71	11230.4
1462.23	11116
1460.76	11313.7
1459.28	11209.5
1457.81	11241
1456.33	11235.2
1454.86	11134.5
1453.38	11057.6
1451.9	11134.8
1450.43	11144.3
1448.95	10994.6
1447.47	10985.5
1445.99	11050.8
1444.52	11300.4
1443.04	11064.6
1441.56	10964.2
1440.08	11085.2
1438.6	10935.8
1437.12	10974
1435.64	11143.9
1434.16	11033.4
1432.68	11135.8
1431.2	11000
1429.72	11031.4
1428.24	11064.4
1426.75	11124.5
1425.27	11063
1423.79	11006.7
1422.31	11012.7
1420.82	10961.5
1419.34	11127.6
1417.86	10862.4
1416.37	11116.1
1414.89	10872.8
1413.4	10917.6
1411.92	10849.6
1410.43	10918
1408.95	10945.9
1407.46	10940.2
1405.97	10840.3
1404.49	11019.5
1403	10956.6
1401.51	10940.8
1400.03	10834.3
1398.54	10784.9
1397.05	11017.7
1395.56	10966.6
1394.07	11174.1
1392.58	10884.7
1391.09	10788.3
1389.6	10937
1388.11	10951.4
1386.62	10917.2
1385.13	10955.1
1383.64	10865.5
1382.15	10923.5
1380.66	10823.9
1379.17	10955.6
1377.67	10951.6
1376.18	10679.6
1374.69	10836.3
1373.19	10859.1
1371.7	10697.8
1370.21	10969.9
1368.71	10701.5
1367.22	10702.5
1365.72	10594.9
1364.23	10574.2
1362.73	10822.6
1361.23	10776.8
1359.74	10792.8
1358.24	10570
1356.74	10698
1355.25	10588.8
1353.75	10618.2
1352.25	10604.2
1350.75	10677
1349.25	10618
1347.76	10490.6
1346.26	10563.4
1344.76	10577.7
1343.26	10663.8
1341.76	10476.5
1340.26	10397.6
1338.75	10463.6
1337.25	10559.6
1335.75	10444.1
1334.25	10297
1332.75	10412.9
1331.25	10580.4
1329.74	10330.2
1328.24	10462.7
1326.74	10450.5
1325.23	10471.5
1323.73	10445.9
1322.22	10372.2
1320.72	10431.4
1319.21	10288
1317.71	10257.5
1316.2	10270.2
1314.7	10314.5
1313.19	10191.1
1311.68	10348.1
1310.18	10380.7
1308.67	10121.4
1307.16	10250.2
1305.65	10370.6
1304.14	10254
1302.63	10135.8
1301.13	10209.8
1299.62	10320.2
1298.11	10221.9
1296.6	10236.3
1295.09	10038.7
1293.58	10026.6
1292.06	10059.2
1290.55	10192.6
1289.04	9968.79
1287.53	10009.6
1286.02	10066.9
1284.5	10149
1282.99	9965.07
1281.48	9924.91
1279.96	10087.9
1278.45	9923.88
1276.94	9951.44
1275.42	9845.29
1273.91	9857.99
1272.39	9916.89
1270.87	9784.42
1269.36	9739.41
1267.84	9745.53
1266.33	9792.86
1264.81	9868.18
1263.29	9818.25
1261.77	9608.55
1260.26	9705.27
1258.74	9680.1
1257.22	9725.73
1255.7	9583.71
1254.18	9578.33
1252.66	9586.11
1251.14	9620.2
1249.62	9570.42
1248.1	9430.23
1246.58	9439.68
1245.06	9518.14
1243.54	9583.42
1242.01	9540.26
1240.49	9602.23
1238.97	9452.36
1237.45	9517.6
1235.92	9408.85
1234.4	9418.28
1232.88	9284.98
1231.35	9387.92
1229.83	9513.77
1228.3	9393.65
1226.78	9512.89
1225.25	9363.33
1223.72	9336.71
1222.2	9305.18
1220.67	9345.73
1219.14	9306.03
1217.62	9158.31
1216.09	9452.52
1214.56	9273.74
1213.03	9155.57
1211.5	9083.25
1209.98	9236.59
1208.45	9180.63
1206.92	8954.71
1205.39	9143.93
1203.86	9269.35
1202.33	9195.46
1200.79	9203.24
1199.26	9119.6
1197.73	8959.28
1196.2	9104.18
1194.67	8963.51
1193.13	9170.33
1191.6	9003.61
1190.07	8991.86
1188.53	9121.93
1187	8994.44
1185.47	8827.9
1183.93	8803.16
1182.4	8911.98
1180.86	8903.51
1179.33	9020.4
1177.79	9007.03
1176.25	9048.99
1174.72	8882.69
1173.18	9051.53
1171.64	8776.35
1170.1	8624.85
1168.57	8731.86
1167.03	8788.45
1165.49	8721.53
1163.95	8795.97
1162.41	8758.31
1160.87	8576.16
1159.33	8574.28
1157.79	8567.53
1156.25	8594.85
1154.71	8722.74
1153.17	8569.99
1151.63	8584.33
1150.08	8457.61
1148.54	8522.21
1147	8534.92
1145.46	8547.63
1143.91	8395.11
1142.37	8524.44
1140.82	8495.04
1139.28	8326.45
1137.73	8405.54
1136.19	8382.66
1134.64	8398.61
1133.1	8477.62
1131.55	8362.58
1130.01	8278.29
1128.46	8400.92
1126.91	8256.88
1125.36	8306.76
1123.82	8301.7
1122.27	8288.57
1120.72	8239.93
1119.17	8223.59
1117.62	8273.42
1116.07	8263.53
1114.52	8385.91
1112.97	8340.52
1111.42	8317.73
1109.87	8236.91
1108.32	8173.86
1106.77	8162.39
1105.22	8118.71
1103.66	8124.98
1102.11	8097.43
1100.56	8129.45
1099	8116.39
1097.45	8145.17
1095.9	7885.98
1094.34	7963.05
1092.79	7896.98
1091.23	8017.42
1089.68	7941.72
1088.12	7964.07
1086.56	8034.61
1085.01	7944.5
1083.45	8035.89
1081.89	7974.71
1080.34	7924.79
1078.78	7951.93
1077.22	7951.78
1075.66	7839.34
1074.1	7978.75
1072.54	7734.87
1070.98	7859.8
1069.43	7840.44
1067.86	7881.97
1066.3	7843.39
1064.74	7932.95
1063.18	7759.86
1061.62	7634.87
1060.06	7796.44
1058.5	7676.31
1056.93	7666.61
1055.37	7655.32
1053.81	7538.49
1052.24	7567.2
1050.68	7675.82
1049.12	7658.14
1047.55	7573.37
1045.99	7491.82
1044.42	7563.63
1042.85	7632.21
1041.29	7491.64
1039.72	7612.88
1038.16	7659.06
1036.59	7643.01
1035.02	7650.89
1033.45	7508.88
1031.88	7504.03
1030.32	7478.46
1028.75	7473.61
1027.18	7414.61
1025.61	7548.35
1024.04	7497.32
1022.47	7417.64
1020.9	7495.59
1019.33	7419.13
1017.76	7393.62
1016.18	7471.52
1014.61	7391.94
1013.04	7476.16
1011.47	7480.87
1009.89	7437.89
1008.32	7452.13
1006.75	7185.18
1005.17	7318.59
1003.6	7299.5
1002.02	7307.41
1000.45	7239.13
998.873	7315.28
997.297	7223.22
995.721	7269.21
994.145	7218.44
992.568	7174.03
990.991	7164.51
989.413	7131.23
987.835	7129.64
986.257	7120.14
984.678	7215.17
983.099	6990.32
981.52	7186.64
979.94	7128.07
978.36	7044.21
976.78	6957.22
975.199	7175.51
973.618	7110.67
972.037	7018.98
970.455	7129.64
968.873	7175.46
967.29	7066.44
965.707	6989.06
964.124	7015.93
962.541	6903.86
960.957	7023.86
959.373	6922.88
957.788	6949.74
956.203	6957.66
954.618	6975.03
953.032	6962.45
951.446	6962.48
949.86	6967.23
948.273	6979.86
946.686	6967.28
945.099	6893.29
943.511	6905.92
941.923	6909.11
940.334	6906
938.745	6860.4
937.156	6995.74
935.567	6756.69
933.977	6830.67
932.387	6748.97
930.796	6818.19
929.205	6775.82
927.614	6851.29
926.022	6867.04
924.43	6768.15
922.838	6711.69
921.245	6813.8
919.652	6755.78
918.058	6873.52
916.465	6765.32
914.87	6669.72
913.276	6710.56
911.681	6715.34
910.086	6677.8
908.49	6627.74
906.894	6770.37
905.298	6685.86
903.701	6698.46
902.104	6756.45
900.507	6753.38
898.909	6654.86
897.311	6728.47
895.713	6628.43
894.114	6686.37
892.515	6631.72
890.916	6588.04
889.316	6699.08
887.715	6763.2
886.115	6680.47
884.514	6708.65
882.913	6630.65
881.311	6686.92
879.709	6686.99
878.107	6655.85
876.504	6679.32
874.901	6584.26
873.298	6649.83
871.694	6628.08
870.09	6561.14
868.485	6502.03
866.88	6682.83
865.275	6530.27
863.669	6603.55
862.064	6670.57
860.457	6721.99
858.851	6421.73
857.244	6527.64
855.636	6565.06
854.028	6642.9
852.42	6565.23
850.812	6597.96
849.203	6469.06
847.594	6537.52
845.984	6579.55
844.375	6553.23
842.764	6531.58
841.154	6432.33
839.543	6486.75
837.931	6550.46
836.32	6426.46
834.708	6491.7
833.095	6572.42
831.482	6557
829.869	6443.95
828.256	6468.84
826.642	6532.45
825.028	6582.1
823.413	6439.72
821.798	6589.98
820.183	6467.79
818.567	6418.37
816.951	6560.8
815.335	6602.63
813.718	6587.24
812.101	6428.07
810.483	6468.36
808.865	6457.64
807.247	6471.64
805.629	6476.36
804.01	6451.75
802.39	6516.69
800.771	6427.24
799.151	6506.04
797.53	6540.07
795.91	6381.27
794.288	6461.57
792.667	6410.78
791.045	6438.63
789.423	6455.67
787.8	6378.73
786.177	6474.34
784.554	6479.04
782.93	6551.49
781.306	6272.93
779.682	6451.59
778.057	6333.2
776.432	6371.77
774.807	6408.79
773.181	6232.06
771.554	6352.1
769.928	6372.19
768.301	6370.76
766.674	6390.83
765.046	6395.54
763.418	6407.92
761.789	6457.14
760.161	6478.71
758.531	6402.06
756.902	6501.88
755.272	6416.05
753.642	6416.14
752.011	6442.29
750.38	6463.83
748.749	6437.86
747.117	6499.22
745.485	6582.01
743.852	6539.18
742.22	6484.12
740.586	6576.03
738.953	6452.12
737.319	6501.15
735.685	6557.82
734.05	6707.75
732.415	6756.69
730.779	6703.19
729.144	6551.91
727.507	6587.1
725.871	6501.6
724.234	6623.84
722.597	6571.96
720.959	6436.13
719.321	6481.99
717.683	6385.93
716.044	6352.45
714.405	6358.64
712.765	6300.78
711.126	6282.59
709.485	6387.87
707.845	6244.71
706.204	6328.61
704.563	6179.44
702.921	6360.78
701.279	6303.01
699.636	6450.76
697.993	6275.82
696.35	6193.76
694.707	6371.85
693.063	6350.64
691.419	6204.77
689.774	6217.05
688.129	6226.28
686.483	6252.22
684.838	6262.96
683.191	6342.03
681.545	6178.14
679.898	6242.01
678.251	6195.07
676.603	6305.95
674.955	6231.71
673.307	6231.82
671.658	6180.37
670.009	6310.86
668.359	6274.57
666.709	6301.94
665.059	6268.7
663.408	6236.99
661.757	6281.01
660.106	6164.53
658.454	6184.32
656.802	6235.88
655.15	6285.91
653.497	6295.07
651.844	6287.6
650.19	6193.95
648.536	6310.44
646.881	6284.83
645.227	6210.89
643.572	6265.37
641.916	6330.39
640.26	6167.41
638.604	6215.83
636.947	6276.29
635.29	6428.76
633.633	6309.65
631.975	6243.37
630.317	6207.27
628.659	6237.52
627	6267.75
625.34	6270.85
623.681	6245.33
622.021	6272.52
620.36	6272.6
618.7	6295.27
617.038	6233.64
615.377	6280.37
613.715	6199.22
612.053	6295.57
610.39	6367.81
608.727	6355.84
607.064	6249.19
605.4	6276.32
603.736	6277.9
602.071	6232.92
600.406	6184.95
598.741	6281.13
597.075	6293.21
595.409	6374.31
593.743	6263.34
592.076	6236.42
590.409	6290.49
588.741	6380.51
587.073	6208.19
585.405	6335.65
583.736	6452.56
582.067	6298.31
580.397	6251.96
578.728	6361.32
577.057	6211.69
575.387	6358.43
573.716	6374.93
572.044	6358.52
570.373	6244.92
568.7	6274.89
567.028	6318.31
565.355	6354.23
563.682	6312.44
562.008	6212.42
560.334	6302.1
558.66	6311.11
556.985	6378.34
555.31	6285.85
553.634	6348.58
551.958	6302.38
550.282	6244.27
548.605	6269.68
546.928	6347.26
545.25	6324.95
543.573	6360.76
541.894	6356.33
540.216	6372.75
538.537	6217.93
536.857	6338.58
535.178	6283.55
533.497	6329.73
531.817	6358.04
530.136	6433.93
528.455	6306.07
526.773	6344.77
525.091	6283.87
523.408	6318.1
521.725	6417.67
520.042	6350.86
518.359	6359.8
516.675	6347.96
514.99	6327.21
513.305	6278.28
511.62	6318.39
509.935	6388.14
508.249	6437.09
506.562	6281.44
504.876	6324.47
503.189	6324.5
501.501	6376.39
499.813	6348.27
498.125	6277.22
496.436	6269.87
494.747	6333.56
493.058	6292.15
491.368	6358.77
489.678	6395.77
487.987	6304.1
486.297	6386.93
484.605	6280.52
482.913	6375.14
481.221	6311.63
479.529	6358.93
477.836	6449.03
476.143	6382.59
474.449	6311.76
472.755	6475.59
471.061	6428.37
469.366	6307.42
467.67	6513.91
465.975	6446.07
464.279	6432.8
462.582	6390.06
460.886	6292.83
459.189	6388.61
457.491	6345.91
455.793	6310.59
454.095	6309.14
452.396	6325.35
450.697	6306.25
448.997	6301.86
447.298	6319.53
445.597	6453.35
443.897	6406.3
442.196	6415.12
440.494	6369.57
438.792	6318.16
437.09	6428.33
435.387	6444.47
433.684	6379.87
431.981	6428.3
430.277	6469.38
428.573	6372.54
426.868	6481.07
425.163	6456.12
423.458	6299.25
421.752	6387.2
420.046	6305.15
418.34	6422.36
416.633	6401.84
414.925	6456.01
413.218	6423.79
411.51	6359.37
409.801	6331.57
408.092	6439.84
406.383	6401.79
404.673	6420.79
402.963	6387.15
401.253	6493.84
399.542	6395.9
397.831	6514.23
396.119	6441.16
394.407	6574.02
392.694	6404.62
390.982	6487.8
389.268	6516.95
387.555	6619.03
385.841	6635.01
384.126	6553.28
382.411	6426.39
380.696	6419.08
378.981	6544.38
377.265	6547.24
375.548	6472.91
373.832	6452.48
372.114	6472.83
370.397	6507.73
368.679	6525.15
366.96	6395.62
365.242	6472.69
363.523	6463.92
361.803	6465.34
360.083	6535.07
358.363	6443.47
356.642	6375.15
354.921	6500.05
353.199	6476.77
351.477	6466.56
349.755	6536.19
348.032	6391.02
346.309	6476.59
344.586	6448.99
342.862	6457.65
341.137	6493.86
339.413	6403.94
337.688	6461.87
335.962	6477.77
334.236	6479.17
332.51	6451.6
330.783	6523.95
329.056	6467.44
327.328	6476.08
325.601	6515.09
323.872	6500.57
322.144	6572.82
320.414	6467.2
318.685	6520.63
316.955	6537.91
315.225	6563.85
313.494	6425.11
311.763	6609.92
310.031	6735.45
308.299	6497.15
306.567	6593.79
304.834	6582.16
303.101	6579.2
301.368	6672.85
299.634	6530.01
297.9	6574.63
296.165	6529.87
294.43	6619.13
292.694	6642.09
290.958	6608.86
289.222	6600.13
287.485	6538.15
285.748	6543.83
284.011	6455.98
282.273	6529.29
280.534	6540.72
278.795	6547.83
277.056	6569.31
275.317	6585.04
273.577	6505.92
271.836	6527.4
270.096	6425.35
268.355	6462.63
266.613	6557.31
264.871	6413.71
263.129	6380.65
261.386	6476.72
259.643	6449.4
257.899	6341.8
256.155	6463.61
254.411	6340.29
252.666	6566.64
250.921	6490.62
249.175	6390.3
247.429	6437.5
245.683	6456.04
243.936	6332.89
242.189	6347.16
240.441	6454.41
238.693	6375.68
236.944	6352.75
235.196	6491.36
233.446	6442.69
231.697	6478.35
229.947	6499.7
228.196	6449.63
226.445	6430.99
224.694	6429.5
222.942	6480.81
221.19	6437.92
219.437	6593.34
217.685	6335.1
215.931	6447.69
214.177	6419.1
212.423	6416.19
210.669	6410.42
208.914	6294.96
207.158	6423.1
205.403	6414.49
203.646	6408.72
201.89	6363.11
200.133	6449.85
