4501.29	4320.36
4500.4	4393.92
4499.52	4350.72
4498.64	4333
4497.75	4292.65
4496.87	4272.12
4495.98	4285.51
4495.1	4426.08
4494.22	4306.62
4493.33	4404.76
4492.45	4350.33
4491.56	4307.2
4490.68	4201.97
4489.79	4158.89
4488.9	4316.25
4488.02	4205.42
4487.13	4108.74
4486.25	4297.07
4485.36	4290.68
4484.47	4191.21
4483.59	4213.04
4482.7	4184.12
4481.81	4177.75
4480.93	4157.29
4480.04	4086.12
4479.15	4130.49
4478.26	4256.54
4477.38	4109.33
4476.49	4176.2
4475.6	4183.92
4474.71	4191.64
4473.83	4210.61
4472.94	4221.14
4472.05	4048.77
4471.16	4118.39
4470.27	4196.43
4469.38	4150.7
4468.49	3961.6
4467.6	4093.03
4466.71	4137.29
4465.82	4074.75
4464.93	4220.14
4464.04	4042.43
4463.15	4151.26
4462.26	4170.2
4461.37	4090.85
4460.48	4067.68
4459.59	4047.32
4458.7	4156.06
4457.81	4093.61
4456.92	4053.62
4456.03	4167.91
4455.14	4094.27
4454.24	4057.11
4453.35	4160.13
4452.46	4106.15
4451.57	4097.02
4450.68	3995.44
4449.78	4036.77
4448.89	4033.26
4448	4155.77
4447.11	4079.45
4446.21	4070.34
4445.32	3991.26
4444.43	4012.95
4443.53	4255.67
4442.64	3975.18
4441.75	4033.23
4440.85	4099.64
4439.96	4051.39
4439.06	4154.12
4438.17	4214.88
4437.27	4197.38
4436.38	4001.06
4435.48	3975.22
4434.59	4184.01
4433.69	4219.58
4432.8	4238.39
4431.9	4067.36
4431.01	4119.68
4430.11	4130.12
4429.22	4213.1
4428.32	4229.11
4427.42	4194.9
4426.53	4177.43
4425.63	4104.21
4424.73	4215
4423.84	4300.67
4422.94	4213.53
4422.04	4262.94
4421.14	4173.05
4420.25	4303.23
4419.35	4205.01
4418.45	4254.39
4417.55	4401.19
4416.65	4314.14
4415.76	4338.43
4414.86	4218.03
4413.96	4306.31
4413.06	4389
4412.16	4243.62
4411.26	4390.24
4410.36	4403.37
4409.46	4255.29
4408.56	4418.51
4407.66	4301.04
4406.76	4444.74
4405.86	4346.75
4404.96	4448.74
4404.06	4445.18
4403.16	4466.61
4402.26	4443.62
4401.36	4498.35
4400.46	4478.14
4399.56	4510.64
4398.66	4612.47
4397.76	4486.88
4396.85	4538.77
4395.95	4499.17
4395.05	4625.87
4394.15	4503.13
4393.25	4748.93
4392.34	4604.05
4391.44	4708.49
4390.54	4571.98
4389.64	4728.99
4388.73	4481.79
4387.83	4732.87
4386.93	4671.16
4386.02	4764.41
4385.12	4724.85
4384.21	4685.3
4383.31	4670.65
4382.41	4802.54
4381.5	4757.47
4380.6	4834.03
4379.69	4692.25
4378.79	4641.69
4377.88	4817.67
4376.98	4604.16
4376.07	4810.46
4375.17	4779.24
4374.26	4806.01
4373.36	4818.97
4372.45	4785.01
4371.54	4809
4370.64	4910.22
4369.73	4856.95
4368.82	4809.22
4367.92	4846.98
4367.01	4928.83
4366.1	4889.37
4365.2	4984.96
4364.29	4849.08
4363.38	4994.23
4362.47	4982.34
4361.57	4926.39
4360.66	5063.18
4359.75	4886.12
4358.84	5177
4357.93	5044.01
4357.02	5034.87
4356.11	5102.75
4355.21	5096.35
4354.3	5254.95
4353.39	5061.57
4352.48	5046.94
4351.57	5048.8
4350.66	4998.45
4349.75	5090.98
4348.84	5274.13
4347.93	5245.74
4347.02	5275.02
4346.11	5073.67
4345.2	5160.62
4344.29	5384.77
4343.37	5306.99
4342.46	5215.51
4341.55	5137.79
4340.64	5216.42
4339.73	5212.76
4338.82	5239.26
4337.9	5323.32
4336.99	5429.26
4336.08	5236.5
4335.17	5364.34
4334.26	5325.05
4333.34	5367.93
4332.43	5427.23
4331.52	5396.16
4330.6	5403.42
4329.69	5470.89
4328.78	5535.6
4327.86	5416.98
4326.95	5558.26
4326.03	5316.62
4325.12	5528.96
4324.21	5410.43
4323.29	5477.81
4322.38	5501.44
4321.46	5533.27
4320.55	5600.59
4319.63	5372.89
4318.72	5429.29
4317.8	5521.17
4316.88	5416.46
4315.97	5500.12
4315.05	5594.67
4314.14	5675.54
4313.22	5690.91
4312.3	5755.37
4311.39	5623.45
4310.47	5698.81
4309.55	5588.76
4308.63	5557.79
4307.72	5823.88
4306.8	5561.28
4305.88	5759.17
4304.96	5657.37
4304.05	5640.03
4303.13	5818.75
4302.21	5776.88
4301.29	5735.04
4300.37	5717.7
4299.45	5781.99
4298.54	5726.56
4297.62	5608.59
4296.7	5797.97
4295.78	5720.81
4294.86	5964.47
4293.94	5770.43
4293.02	5951.49
4292.1	5779.26
4291.18	5851.59
4290.26	5769.07
4289.34	5871.25
4288.42	5957.1
4287.5	5790.45
4286.57	5846.43
4285.65	5943.09
4284.73	5931.19
4283.81	6054.93
4282.89	5820.6
4281.97	6025.67
4281.04	5883.61
4280.12	6031.67
4279.2	5960.13
4278.28	6146.06
4277.35	6031.18
4276.43	6000.32
4275.51	5996.55
4274.59	6063.19
4273.66	6016.09
4272.74	6193.69
4271.81	6105.98
4270.89	6045.37
4269.97	6030.77
4269.04	6124.39
4268.12	6098.96
4267.19	6170.89
4266.27	5983.25
4265.34	6109.24
4264.42	6056.81
4263.49	6085.46
4262.57	5981.72
4261.64	6034.68
4260.72	6082.23
4259.79	6102.76
4258.87	6071.98
4257.94	6267.96
4257.01	6380.2
4256.09	6271.13
4255.16	6286.21
4254.23	6233.85
4253.31	6103.29
4252.38	6463.54
4251.45	6214.36
4250.52	6267.17
4249.6	6303.79
4248.67	6240.7
4247.74	6231.51
4246.81	6198.08
4245.88	6277.78
4244.96	6241.66
4244.03	6326.71
4243.1	6400.95
4242.17	6302.93
4241.24	6326.03
4240.31	6357.2
4239.38	6313.03
4238.45	6484.03
4237.52	6356.5
4236.59	6358.07
4235.66	6408.01
4234.73	6277.88
4233.8	6236.46
4232.87	6380.42
4231.94	6269.16
4231.01	6319.08
4230.08	6387.77
4229.15	6523.55
4228.22	6519.71
4227.28	6475.61
4226.35	6536.18
4225.42	6569.89
4224.49	6590.18
4223.56	6422.75
4222.62	6590.52
4221.69	6466.04
4220.76	6596.23
4219.83	6584.33
4218.89	6690.34
4217.96	6600.75
4217.03	6312.99
4216.09	6443.09
4215.16	6559.75
4214.23	6630.86
4213.29	6490.51
4212.36	6601.75
4211.42	6528.33
4210.49	6567.3
4209.55	6638.35
4208.62	6524.85
4207.68	6478.24
4206.75	6584.02
4205.81	6590.87
4204.88	6616.42
4203.94	6596.54
4203.01	6686.19
4202.07	6650.28
4201.13	6520.92
4200.2	6631.9
4199.26	6550.64
4198.32	6648.22
4197.39	6588.33
4196.45	6461.77
4195.51	6471.29
4194.58	6739.51
4193.64	6746.31
4192.7	6601.14
4191.76	6797.22
4190.82	6596.13
4189.89	6810.79
4188.95	6788.26
4188.01	6704.48
4187.07	6673.99
4186.13	6598.25
4185.19	6794.08
4184.25	6662.44
4183.31	6711.82
4182.37	6734.57
4181.43	6595.04
4180.49	6782.71
4179.55	6621.94
4178.61	6527.7
4177.67	6709.97
4176.73	6660.93
4175.79	6723.53
4174.85	6637.3
4173.91	6768.95
4172.97	6778.37
4172.03	6678.9
4171.09	6688.33
4170.14	6772.09
4169.2	6632.86
4168.26	6737.83
4167.32	6707.44
4166.38	6724.82
4165.43	6625.48
4164.49	6674.69
4163.55	6737.13
4162.6	6754.49
4161.66	6668.47
4160.72	6659.33
4159.77	6570.71
4158.83	6720.53
4157.89	6623.98
4156.94	6906.14
4156	6851.96
4155.05	6631.03
4154.11	6756.88
4153.16	6835.06
4152.22	6598.38
4151.27	6808.82
4150.33	6744.13
4149.38	6814.32
4148.44	6659.76
4147.49	6645.36
4146.55	6628.31
4145.6	6769.82
4144.65	6845.23
4143.71	6582.5
4142.76	6713.37
4141.81	6757.06
4140.87	6716.26
4139.92	6585.72
4138.97	6655.8
4138.03	6633.5
4137.08	6692.99
4136.13	6718.17
4135.18	6764.44
4134.23	6628.76
4133.29	6690.85
4132.34	6700.19
4131.39	6583.04
4130.44	6650.37
4129.49	6622.84
4128.54	6679.6
4127.59	6557.27
4126.64	6737.77
4125.69	6639.16
4124.74	6622.18
4123.79	6663.11
4122.84	6630.34
4121.89	6476.58
4120.94	6754.22
4119.99	6616.26
4119.04	6657.15
4118.09	6606.01
4117.14	6846.63
4116.19	6695.62
4115.24	6704.93
4114.28	6748.39
4113.33	6899.51
4112.38	6924.54
4111.43	6868.16
4110.48	6932.56
4109.52	6905.07
4108.57	6880.22
4107.62	6991.8
4106.66	6972.19
4105.71	6774.24
4104.76	6904.14
4103.8	6939.6
4102.85	6927.88
4101.9	6916.15
4100.94	6870.37
4099.99	6916.29
4099.03	7046.02
4098.08	7002.86
4097.12	7006.84
4096.17	6864.22
4095.21	7090.7
4094.26	7039.71
4093.3	7166.66
4092.35	6929.93
4091.39	7106.55
4090.44	7107.89
4089.48	7080.47
4088.52	7006
4087.57	7208.61
4086.61	7243.91
4085.65	7287.02
4084.7	7087.18
4083.74	7198.22
4082.78	7194.32
4081.82	7159.09
4080.87	7199.57
4079.91	7281.8
4078.95	7337.9
4077.99	7417.46
4077.03	7314.4
4076.08	7354.81
4075.12	7249.19
4074.16	7498.17
4073.2	7366.49
4072.24	7289.59
4071.28	7382.09
4070.32	7388.58
4069.36	7587.82
4068.4	7375.51
4067.44	7488.76
4066.48	7466.58
4065.52	7525.11
4064.56	7635.66
4063.6	7410.52
4062.64	7521.06
4061.68	7527.51
4060.72	7705.6
4059.75	7719.81
4058.79	7760.02
4057.83	7571.48
4056.87	7661.08
4055.91	7524.59
4054.94	7749.25
4053.98	7802.4
4053.02	7660.77
4052.06	7771.03
4051.09	7735.89
4050.13	7726.71
4049.17	7751.27
4048.2	7887.39
4047.24	7805.55
4046.27	7910.49
4045.31	7893.51
4044.35	7853.2
4043.38	7916.59
4042.42	7772.62
4041.45	7885.24
4040.49	8075.54
4039.52	7884.99
4038.56	7873.21
4037.59	8076.36
4036.63	8105.97
4035.66	8184.75
4034.69	8053.88
4033.73	8047.25
4032.76	8050.98
4031.8	8106.44
4030.83	8102.39
4029.86	8093.17
4028.89	8249.41
4027.93	8203.99
4026.96	8150.82
4025.99	8216.54
4025.02	8246.06
4024.06	8303.98
4023.09	8359.29
4022.12	8257.09
4021.15	8459.54
4020.18	8589.65
4019.21	8407.46
4018.25	8491.09
4017.28	8430.23
4016.31	8397.76
4015.34	8744.37
4014.37	8559.74
4013.4	8658.73
4012.43	8587.58
4011.46	8774.14
4010.49	8638.58
4009.52	8670.51
4008.55	8565.93
4007.58	8659.66
4006.6	8717.31
4005.63	8610.2
4004.66	8737.33
4003.69	8617.39
4002.72	8844.8
4001.75	8904.94
4000.77	8954.76
3999.8	8778.3
3998.83	8787
3997.86	8859.95
3996.88	8845.51
3995.91	8789.95
3994.94	9006.72
3993.96	8930.61
3992.99	8885.34
3992.02	8973.6
3991.04	8951.45
3990.07	9150.03
3989.1	8961.04
3988.12	9036.4
3987.15	9152.76
3986.17	9012.61
3985.2	9057.14
3984.22	9206.77
3983.25	9202.54
3982.27	8898.46
3981.3	9265.84
3980.32	9184.75
3979.34	9147.22
3978.37	9294.11
3977.39	8987.72
3976.41	9236.99
3975.44	9179.01
3974.46	9215.73
3973.48	9526.24
3972.51	9258.45
3971.53	9323.28
3970.55	9411.1
3969.57	9296.9
3968.6	9397.47
3967.62	9439.22
3966.64	9470.74
3965.66	9543.12
3964.68	9347.24
3963.7	9516.68
3962.73	9691.16
3961.75	9592.38
3960.77	9457.9
3959.79	9573.6
3958.81	9548.9
3957.83	9465.53
3956.85	9553.09
3955.87	9426.39
3954.89	9743.43
3953.91	9609.09
3952.93	9546.17
3951.94	9801.85
3950.96	9733.83
3949.98	9569.01
3949	9712.47
3948.02	9644.49
3947.04	9749.69
3946.06	9852.3
3945.07	9623.98
3944.09	9451.73
3943.11	9666.29
3942.13	9743.4
3941.14	9792.51
3940.16	9778.02
3939.18	9987.28
3938.19	9932.08
3937.21	9998.91
3936.23	9979.3
3935.24	9870.78
3934.26	9838.51
3933.27	9836.72
3932.29	9931.44
3931.3	9823
3930.32	9887.22
3929.33	9959.03
3928.35	10046
3927.36	10003.6
3926.38	9773.51
3925.39	9921.36
3924.41	10041.3
3923.42	10120.6
3922.43	9936.24
3921.45	10007.9
3920.46	10132.8
3919.47	10110.7
3918.49	9987.28
3917.5	10112.1
3916.51	10196.3
3915.52	10014.8
3914.54	10040.8
3913.55	10036.4
3912.56	10110.5
3911.57	10053
3910.58	10073.9
3909.6	10213.7
3908.61	10267.5
3907.62	10167
3906.63	10119.7
3905.64	10234.1
3904.65	10287.8
3903.66	10515.8
3902.67	10210.8
3901.68	10181.2
3900.69	10260.2
3899.7	10250.7
3898.71	10246.3
3897.72	10310.1
3896.73	10449.5
3895.74	10210.5
3894.74	10317.1
3893.75	10358
3892.76	10439.3
3891.77	10402.2
3890.78	10380.1
3889.79	10587.3
3888.79	10472.1
3887.8	10515.5
3886.81	10281.9
3885.81	10645.1
3884.82	10562.6
3883.83	10525.4
3882.83	10513.5
3881.84	10710.3
3880.85	10537.3
3879.85	10786.9
3878.86	10669.3
3877.86	10556.7
3876.87	10622.6
3875.88	10781.5
3874.88	10626.3
3873.89	10684.7
3872.89	10712.9
3871.89	10625.5
3870.9	10455.4
3869.9	10684.4
3868.91	10717.6
3867.91	10778.4
3866.91	10796.5
3865.92	10581.3
3864.92	10717.3
3863.92	10687.8
3862.93	10693.4
3861.93	10912
3860.93	10862.4
3859.93	10642.4
3858.94	10888.5
3857.94	10843.9
3856.94	11125
3855.94	10847.5
3854.94	10792.9
3853.94	11033.8
3852.95	10753.9
3851.95	10999.7
3850.95	10765
3849.95	10815.6
3848.95	10983.7
3847.95	10931.7
3846.95	11074.7
3845.95	11040.2
3844.95	11238.1
3843.95	10958.7
3842.95	11191.5
3841.95	11216.9
3840.94	11377.2
3839.94	11295.2
3838.94	10963.6
3837.94	11251.2
3836.94	11281.5
3835.94	11097.3
3834.93	11135.2
3833.93	11340.2
3832.93	11268.3
3831.93	11288.7
3830.92	11289.1
3829.92	11459
3828.92	11576.5
3827.91	11330.3
3826.91	11539.9
3825.91	11455.6
3824.9	11361.4
3823.9	11401.6
3822.89	11319.9
3821.89	11611.5
3820.88	11549.6
3819.88	11574.9
3818.87	11639.9
3817.87	11501
3816.86	11839.5
3815.86	11829.9
3814.85	11773.1
3813.84	11860.4
3812.84	11699.2
3811.83	11610.1
3810.83	11809.2
3809.82	11921.2
3808.81	11871.9
3807.8	11827.5
3806.8	11808
3805.79	11962.1
3804.78	11930.2
3803.77	11992.5
3802.77	12191.1
3801.76	12005.4
3800.75	12152
3799.74	11981.2
3798.73	11751
3797.72	12075.9
3796.71	12155.5
3795.7	12272.1
3794.69	12111.4
3793.68	12190.9
3792.67	12352
3791.66	12253.2
3790.65	12231.2
3789.64	12330.4
3788.63	12271.2
3787.62	12449.5
3786.61	12373
3785.6	12474.6
3784.59	12390.7
3783.58	12734.5
3782.56	12667.9
3781.55	12764.4
3780.54	12771.9
3779.53	12562.1
3778.52	12636.4
3777.5	12888.3
3776.49	12777.3
3775.48	12881.1
3774.46	13083.5
3773.45	12967.6
3772.44	12938.1
3771.42	13046.7
3770.41	13194.7
3769.39	13268.7
3768.38	13194.8
3767.36	13175.1
3766.35	13325.5
3765.34	13219.6
3764.32	13155.6
3763.3	13190.1
3762.29	13446.1
3761.27	13416.6
3760.26	13660.2
3759.24	13684.8
3758.23	13645.4
3757.21	13596.1
3756.19	13655.1
3755.18	13947.6
3754.16	13733.7
3753.14	13812.2
3752.12	14097.2
3751.11	14052.8
3750.09	13662.1
3749.07	13996.1
3748.05	14266.1
3747.03	14315
3746.02	14388.5
3745	14191.9
3743.98	14476.4
3742.96	14417.3
3741.94	14385.2
3740.92	14439
3739.9	14387.3
3738.88	14830.8
3737.86	14587.9
3736.84	14668.5
3735.82	14771.2
3734.8	14810.1
3733.78	14880.8
3732.76	14870.7
3731.74	14961
3730.71	15337.7
3729.69	14992.2
3728.67	15175.4
3727.65	15028.3
3726.63	15133.2
3725.61	15260
3724.58	15340.3
3723.56	15476.8
3722.54	15452
3721.51	15141.2
3720.49	15646.6
3719.47	15580.2
3718.44	15504.1
3717.42	15870
3716.4	15630.2
3715.37	15605.4
3714.35	15680.6
3713.32	15897.3
3712.3	15621.1
3711.27	15989
3710.25	15930
3709.22	16046.5
3708.2	16141.1
3707.17	16164.9
3706.15	16169.2
3705.12	16349
3704.09	16333.8
3703.07	16304
3702.04	16444.7
3701.01	16419.7
3699.99	16533.5
3698.96	16374.7
3697.93	16405.8
3696.9	16483
3695.88	16574.8
3694.85	16433.2
3693.82	16785.1
3692.79	16828.2
3691.76	16715.7
3690.74	17052.9
3689.71	17074
3688.68	16934.8
3687.65	17055.6
3686.62	17331.7
3685.59	17029.9
3684.56	16963.6
3683.53	17300.2
3682.5	17064.1
3681.47	17558.3
3680.44	17210.6
3679.41	17435.4
3678.38	17422.5
3677.34	17254.4
3676.31	17319.1
3675.28	17439.5
3674.25	17445.9
3673.22	17493.6
3672.19	17274.8
3671.15	17600.9
3670.12	17573.5
3669.09	17638
3668.06	17901
3667.02	17892.8
3665.99	17773.4
3664.96	17987.8
3663.92	17730.5
3662.89	18145.6
3661.85	17680.5
3660.82	17829.5
3659.79	18150
3658.75	18166
3657.72	18017.7
3656.68	18296.9
3655.65	18151.1
3654.61	18326.4
3653.57	18412.3
3652.54	18242.4
3651.5	18359.7
3650.47	18226
3649.43	18475.9
3648.39	18361.5
3647.36	18592
3646.32	18364.4
3645.28	18404.3
3644.25	18711.8
3643.21	18556.6
3642.17	18765.1
3641.13	18706.2
3640.09	18866.5
3639.06	19243.5
3638.02	18816.2
3636.98	19094.3
3635.94	19252
3634.9	19111.3
3633.86	19081.3
3632.82	19000.8
3631.78	19314.7
3630.74	19202.9
3629.7	19153.7
3628.66	19515.5
3627.62	19468.6
3626.58	19366.5
3625.54	19403.7
3624.5	19421.7
3623.46	19603
3622.42	19923.5
3621.38	19727.8
3620.33	19556.1
3619.29	19955.6
3618.25	19884.7
3617.21	19753.9
3616.17	19882.1
3615.12	19861.6
3614.08	19886.7
3613.04	19588.2
3611.99	20142.9
3610.95	20100.8
3609.91	20281.5
3608.86	19858.7
3607.82	19960.3
3606.77	19882.4
3605.73	20122.9
3604.69	19910.9
3603.64	20239.8
3602.6	20102.1
3601.55	20019.4
3600.5	20309.8
3599.46	20279.8
3598.41	20130.2
3597.37	20329.6
3596.32	20340.1
3595.27	20298.1
3594.23	20036.4
3593.18	20333.6
3592.13	20485
3591.09	20443
3590.04	20455.9
3588.99	20208.7
3587.94	20381.5
3586.9	20566.1
3585.85	20490.8
3584.8	20243.7
3583.75	20569
3582.7	20534.1
3581.65	20323
3580.6	20638.5
3579.56	20355.9
3578.51	20371.2
3577.46	20400.7
3576.41	20525.5
3575.36	20502.6
3574.31	20491.7
3573.26	20778.2
3572.2	20503.1
3571.15	20789.5
3570.1	21002.1
3569.05	20826.9
3568	20670.9
3566.95	20733.6
3565.9	20691.7
3564.84	20935
3563.79	21125.9
3562.74	20870.2
3561.69	20920.9
3560.63	20843.4
3559.58	20974.8
3558.53	21115.7
3557.47	20976.5
3556.42	21088.8
3555.37	20812.1
3554.31	20850.9
3553.26	21570.3
3552.2	20838.4
3551.15	21277.8
3550.09	21089
3549.04	21099.2
3547.98	21173.5
3546.93	21399.3
3545.87	21243.7
3544.82	21133.2
3543.76	21553
3542.71	21326.5
3541.65	21410.1
3540.59	21614.3
3539.54	21456.5
3538.48	21443.1
3537.42	21576.2
3536.36	21458.7
3535.31	21289.2
3534.25	21436.5
3533.19	21498.7
3532.13	21619.9
3531.07	21436.3
3530.02	21623.6
3528.96	21718.7
3527.9	21601.3
3526.84	21620.9
3525.78	21539
3524.72	21714.3
3523.66	21748
3522.6	21394.8
3521.54	21475.7
3520.48	21804.1
3519.42	21642.1
3518.36	21718.2
3517.3	21634
3516.24	21651.2
3515.17	21642.4
3514.11	22130.6
3513.05	21756.8
3511.99	21759.8
3510.93	21706.3
3509.87	21674
3508.8	21524
3507.74	21990.5
3506.68	21984
3505.61	21742.4
3504.55	21884.1
3503.49	22096.3
3502.42	21899.4
3501.36	21841.3
3500.3	22074.5
3499.23	22119.7
3498.17	21988.7
3497.1	21963.4
3496.04	22123.7
3494.97	22147.7
3493.91	22063.7
3492.84	22146.4
3491.77	22161
3490.71	22182.7
3489.64	22483.4
3488.58	22275.2
3487.51	22151.5
3486.44	22067.6
3485.38	22136.1
3484.31	22441.2
3483.24	22144.2
3482.17	22193.9
3481.11	22173.4
3480.04	22239.5
3478.97	22534.9
3477.9	22373.9
3476.83	22432.8
3475.77	22229.8
3474.7	22405.7
3473.63	22361.8
3472.56	22495.5
3471.49	22505.3
3470.42	22725.4
3469.35	22534.3
3468.28	22698.2
3467.21	22724.3
3466.14	22715.4
3465.07	22477.6
3464	22753.6
3462.92	22487.9
3461.85	22542
3460.78	22682.4
3459.71	22843.8
3458.64	22417.4
3457.57	22308.2
3456.49	22728.3
3455.42	22905.9
3454.35	22712.8
3453.28	22685.2
3452.2	22757.8
3451.13	22567.2
3450.06	22670.1
3448.98	22370.2
3447.91	22815.2
3446.83	22669
3445.76	22848.5
3444.68	22928
3443.61	22809.7
3442.53	22840.3
3441.46	22873.2
3440.38	22638.8
3439.31	22708.9
3438.23	22790.6
3437.16	22990.8
3436.08	22703
3435	22863.7
3433.93	22794.3
3432.85	22987.4
3431.77	22876.3
3430.7	22793.1
3429.62	22781.8
3428.54	23359.9
3427.46	23142.1
3426.39	22878
3425.31	23019.7
3424.23	23036.3
3423.15	23066.7
3422.07	22932.6
3420.99	22858.8
3419.91	22856.8
3418.83	23211.5
3417.75	23267.3
3416.68	23096.2
3415.6	23017.8
3414.51	23008.8
3413.43	23314.5
3412.35	22808.1
3411.27	22801.5
3410.19	23236.6
3409.11	23327
3408.03	23110
3406.95	23054.8
3405.87	23212.2
3404.78	23092.3
3403.7	23129.5
3402.62	23238.3
3401.54	23044.6
3400.45	23257.2
3399.37	23384.4
3398.29	23412.3
3397.2	23172.6
3396.12	23366.6
3395.04	23055.4
3393.95	23376.2
3392.87	23102
3391.78	23445.8
3390.7	23402.2
3389.61	23144.3
3388.53	23349.5
3387.44	23154
3386.36	23140.4
3385.27	23288
3384.19	23117.8
3383.1	23237.7
3382.01	23134.4
3380.93	23367
3379.84	23463.8
3378.75	23484.7
3377.67	23402.1
3376.58	23517.2
3375.49	23105.9
3374.4	23260.1
3373.31	23212.1
3372.23	23425.9
3371.14	23453.6
3370.05	23508.9
3368.96	23695
3367.87	23263.6
3366.78	23417.6
3365.69	23562.3
3364.6	23255
3363.51	23491.4
3362.42	23269.1
3361.33	23361
3360.24	23402.5
3359.15	23448.5
3358.06	23334
3356.97	23666.4
3355.88	23600.1
3354.79	23664.3
3353.69	23678.2
3352.6	23298.2
3351.51	23534.2
3350.42	23776.9
3349.33	23575.6
3348.23	23530
3347.14	23516.3
3346.05	23877.8
3344.95	23779.5
3343.86	23432.1
3342.77	23548.8
3341.67	23729.5
3340.58	23857.5
3339.48	23725
3338.39	23789.1
3337.29	23581.3
3336.2	23709.3
3335.1	23898.8
3334.01	23921.7
3332.91	23949.1
3331.82	23873.8
3330.72	23682.3
3329.62	23721.1
3328.53	23896.7
3327.43	23771.4
3326.33	23723.6
3325.24	23846.7
3324.14	23890
3323.04	23949.2
3321.94	23714.7
3320.85	23912.8
3319.75	23705.7
3318.65	24104.1
3317.55	24051.7
3316.45	24042.6
3315.35	23894.7
3314.25	24104
3313.16	24115.3
3312.06	23876.6
3310.96	24001.6
3309.86	23947
3308.76	24190.2
3307.66	24185.6
3306.55	24126.5
3305.45	24144.6
3304.35	24233.1
3303.25	24255.7
3302.15	24407.7
3301.05	24232.9
3299.95	24126.2
3298.84	24382.5
3297.74	24033.1
3296.64	24246.2
3295.54	23915.2
3294.43	23999
3293.33	24169
3292.23	24391
3291.12	24393.1
3290.02	24336.4
3288.92	24438.2
3287.81	24358.8
3286.71	23985.2
3285.6	24265.8
3284.5	24290.6
3283.39	24181.9
3282.29	24385.4
3281.18	24720
3280.08	24260.8
3278.97	24249.4
3277.86	24441.5
3276.76	24504.6
3275.65	24594.8
3274.54	24244.5
3273.44	24662.3
3272.33	24391.1
3271.22	24305.2
3270.12	24460.8
3269.01	24625.4
3267.9	24257.5
3266.79	24316
3265.68	24401.6
3264.57	24424
3263.47	24329.2
3262.36	24507.1
3261.25	24274.8
3260.14	24560.9
3259.03	24675.6
3257.92	24465.9
3256.81	24159.5
3255.7	24524.2
3254.59	24652.3
3253.48	24348.3
3252.37	24496.6
3251.25	24487.5
3250.14	24545.8
3249.03	24541.1
3247.92	24671.4
3246.81	24740.8
3245.69	24497.9
3244.58	24598.8
3243.47	24731.2
3242.36	24340.1
3241.24	24445.5
3240.13	24431.8
3239.02	24411.5
3237.9	24815.3
3236.79	24521.1
3235.68	24790.2
3234.56	24666.5
3233.45	24816.6
3232.33	24497.9
3231.22	24717.4
3230.1	24771
3228.99	24672.1
3227.87	24454.5
3226.75	24714.2
3225.64	24440.7
3224.52	24393.5
3223.41	24726.9
3222.29	24814
3221.17	24547.4
3220.05	24390.5
3218.94	24703.6
3217.82	24748.1
3216.7	24792.6
3215.58	24602.2
3214.47	24733.9
3213.35	24686.7
3212.23	24384.7
3211.11	24829.2
3209.99	24799.9
3208.87	24529.3
3207.75	24848.5
3206.63	24678.5
3205.51	24620.2
3204.39	24780.6
3203.27	24541.6
3202.15	24360.6
3201.03	24567.9
3199.91	24587.7
3198.79	24547.3
3197.67	24444.6
3196.55	24698.4
3195.42	24673.6
3194.3	24457.3
3193.18	24659.7
3192.06	24684
3190.93	24884.1
3189.81	24799.2
3188.69	24721
3187.56	24473.7
3186.44	24564.7
3185.32	24506.6
3184.19	24726.5
3183.07	24577.2
3181.94	24614.8
3180.82	24456.7
3179.7	24592
3178.57	24707.3
3177.44	24560.4
3176.32	24586.8
3175.19	24786.4
3174.07	24450.8
3172.94	24614.8
3171.82	24481.4
3170.69	24374.6
3169.56	24569.6
3168.43	24376.3
3167.31	24413.8
3166.18	24107.5
3165.05	24333.5
3163.92	24331
3162.8	24222.2
3161.67	24270.7
3160.54	24175.3
3159.41	24330.1
3158.28	24329.8
3157.15	24464.7
3156.02	24232
3154.89	24309.2
3153.76	24098.8
3152.63	23972.4
3151.5	24102.8
3150.37	24182.2
3149.24	24166.5
3148.11	23704.2
3146.98	24152.8
3145.85	24373.5
3144.72	23896.1
3143.59	23562.3
3142.45	23831.7
3141.32	23822.7
3140.19	23632.6
3139.06	23537.6
3137.92	23789.1
3136.79	23533
3135.66	23261.5
3134.52	23521.7
3133.39	23453.3
3132.26	23638.3
3131.12	23043.1
3129.99	23329.5
3128.85	23032
3127.72	22990.1
3126.58	23197.1
3125.45	23289.6
3124.31	22800.7
3123.18	23016.5
3122.04	23161.7
3120.9	23025.2
3119.77	22783.2
3118.63	22939.4
3117.49	22827.2
3116.36	22945.9
3115.22	22715.1
3114.08	22497.5
3112.95	22732.7
3111.81	22715.2
3110.67	22425.2
3109.53	22436.3
3108.39	22416.6
3107.25	22243.2
3106.11	22528.7
3104.98	22366.3
3103.84	22234.8
3102.7	22151.5
3101.56	22428
3100.42	22263.6
3099.28	21777
3098.14	22051.1
3096.99	21801.4
3095.85	21786.3
3094.71	21624.4
3093.57	21692.5
3092.43	21933.5
3091.29	21905.2
3090.15	21474.1
3089	21384.7
3087.86	21616.9
3086.72	21684.9
3085.57	21647.9
3084.43	21508.1
3083.29	21521.5
3082.14	21228.8
3081	21364.5
3079.86	21194.3
3078.71	21159.7
3077.57	21234.2
3076.42	21269.4
3075.28	20922.5
3074.13	21141.1
3072.99	20770.4
3071.84	21172.3
3070.7	21039.4
3069.55	21170.6
3068.4	20852.5
3067.26	20990.2
3066.11	20805.2
3064.96	20894.9
3063.82	21036.9
3062.67	20804
3061.52	20850.1
3060.37	20791.6
3059.23	20720.1
3058.08	21027.4
3056.93	20888.4
3055.78	20723.3
3054.63	20802
3053.48	20491.2
3052.33	20624.3
3051.18	20550.7
3050.03	20398.9
3048.88	20594.9
3047.73	20462.7
3046.58	20452.3
3045.43	20448.3
3044.28	20316.2
3043.13	20238.4
3041.98	20347.4
3040.83	20217.6
3039.68	20298.3
3038.52	20203.2
3037.37	20155.9
3036.22	20329.9
3035.07	20132.9
3033.91	20326.4
3032.76	19914.8
3031.61	20129.9
3030.45	20171.5
3029.3	20124.3
3028.14	19923.3
3026.99	20129.5
3025.84	19876.6
3024.68	19929
3023.53	19974.9
3022.37	19949.4
3021.22	19978
3020.06	20082.3
3018.9	19883.7
3017.75	19992.3
3016.59	19793.9
3015.44	19880.8
3014.28	19931
3013.12	19708.9
3011.96	19683.5
3010.81	19707.7
3009.65	19777.3
3008.49	19581.3
3007.33	19605.6
3006.18	19830.6
3005.02	19503.1
3003.86	19630.9
3002.7	19670.2
3001.54	19593.1
3000.38	19479.3
2999.22	19699.7
2998.06	19629.1
2996.9	19629.6
2995.74	19498.6
2994.58	19645.7
2993.42	19590.1
2992.26	19396.9
2991.1	19515.8
2989.94	19309.7
2988.77	19329.6
2987.61	19519.5
2986.45	19502.8
2985.29	19488.3
2984.12	19428.6
2982.96	19336.6
2981.8	19427.5
2980.64	19625.7
2979.47	19301.7
2978.31	19407.5
2977.14	19167.5
2975.98	19492.3
2974.82	19346.8
2973.65	19250.8
2972.49	19431.6
2971.32	19318.4
2970.16	19265.3
2968.99	19366.6
2967.82	19315.7
2966.66	19384.8
2965.49	19329.6
2964.33	19478
2963.16	19446.4
2961.99	19412.6
2960.83	19216.1
2959.66	19315.1
2958.49	19234.3
2957.32	19359
2956.15	19104.8
2954.99	19437
2953.82	19300.6
2952.65	19170.6
2951.48	19290.9
2950.31	19158.9
2949.14	19311.2
2947.97	19324.6
2946.8	19092.1
2945.63	19139.7
2944.46	19366.7
2943.29	19275.3
2942.12	19395.4
2940.95	19229.4
2939.78	19229.9
2938.61	19324.3
2937.44	19416.6
2936.26	19124.8
2935.09	19413.3
2933.92	19373.2
2932.75	19164.8
2931.57	19237.8
2930.4	19434.4
2929.23	19125.9
2928.05	19311.8
2926.88	19071.6
2925.71	19321.3
2924.53	19119.5
2923.36	19360.5
2922.18	19378.1
2921.01	19355.1
2919.83	19232.2
2918.66	19179.5
2917.48	19292.7
2916.31	19340
2915.13	19259.7
2913.95	19241.1
2912.78	19260.7
2911.6	19269.7
2910.42	19098.1
2909.25	18981.8
2908.07	19141.6
2906.89	19103.9
2905.71	19140.5
2904.54	18926.7
2903.36	18980.3
2902.18	19065.6
2901	18775.6
2899.82	19066.7
2898.64	18755.5
2897.46	18883.3
2896.28	18953.8
2895.1	18827.2
2893.92	18884.9
2892.74	19078.2
2891.56	18951.7
2890.38	18799.8
2889.2	19096.6
2888.02	18405.1
2886.84	19084.9
2885.65	18983.9
2884.47	18637.6
2883.29	18830.6
2882.11	18738.1
2880.92	18584.3
2879.74	18916.7
2878.56	18809.5
2877.38	18611.5
2876.19	18542.3
2875.01	18912.5
2873.82	18535.1
2872.64	18637
2871.45	18637.6
2870.27	18585.4
2869.08	18714.6
2867.9	18384
2866.71	18498.5
2865.53	18372.6
2864.34	18474.4
2863.16	18557.2
2861.97	18427.2
2860.78	18596.3
2859.6	18382
2858.41	18500.6
2857.22	18393.8
2856.03	18457.5
2854.85	18386.6
2853.66	18599.7
2852.47	18379.3
2851.28	18331.6
2850.09	18456.3
2848.9	18364.3
2847.71	18367
2846.52	18203.7
2845.34	18004.7
2844.15	18284.8
2842.96	17972.4
2841.76	18139
2840.57	18022.1
2839.38	18003.8
2838.19	17958.3
2837	17946.4
2835.81	17989
2834.62	17935.2
2833.43	17684.2
2832.23	17915.5
2831.04	17821.9
2829.85	17640.2
2828.65	17902.9
2827.46	17836.5
2826.27	17833
2825.07	17358.3
2823.88	17784.1
2822.69	17663.4
2821.49	17494.6
2820.3	17660.6
2819.1	17404
2817.91	17440.3
2816.71	17505.9
2815.52	17414.6
2814.32	17432.1
2813.13	17165.3
2811.93	17224.6
2810.73	17327.8
2809.54	17186.5
2808.34	17076.6
2807.14	17090
2805.94	17381
2804.75	17212.7
2803.55	16981.8
2802.35	17061.9
2801.15	17177.5
2799.95	17082.3
2798.75	17239.5
2797.56	17013
2796.36	17080.6
2795.16	16877.1
2793.96	17196.8
2792.76	17033
2791.56	17092.1
2790.36	16938.8
2789.16	16960.5
2787.95	16848.9
2786.75	16922.6
2785.55	16800.6
2784.35	16961.7
2783.15	17089.4
2781.95	16855.2
2780.74	16941.2
2779.54	16734.2
2778.34	16805.7
2777.13	16700.6
2775.93	16724.3
2774.73	16507
2773.52	16738.5
2772.32	16633.4
2771.12	16922.8
2769.91	16778.4
2768.71	16764.7
2767.5	16412.8
2766.3	16542.4
2765.09	16613.7
2763.89	16430.1
2762.68	16663.2
2761.47	16498.2
2760.27	16548.8
2759.06	16429.5
2757.85	16277.2
2756.65	16433.4
2755.44	16332.9
2754.23	16377.2
2753.02	16434
2751.81	16277.7
2750.61	16375.8
2749.4	16149.2
2748.19	16197.7
2746.98	16484
2745.77	16005.2
2744.56	16217
2743.35	16089.8
2742.14	15995.7
2740.93	15945.1
2739.72	16113.3
2738.51	16066.8
2737.3	16098.7
2736.09	16035.7
2734.88	16368.9
2733.66	16041.7
2732.45	15972.5
2731.24	15983.8
2730.03	15960
2728.82	16024.9
2727.6	15642.5
2726.39	15810.4
2725.18	15834.1
2723.96	15884.5
2722.75	15965.8
2721.53	15839.1
2720.32	15953.3
2719.11	15622.9
2717.89	15582.7
2716.68	15651.7
2715.46	15609.5
2714.25	15631.1
2713.03	15636.2
2711.81	15740
2710.6	15782.1
2709.38	15618.7
2708.16	15880.7
2706.95	15641.3
2705.73	15531.4
2704.51	15417.4
2703.29	15410.3
2702.08	15577.6
2700.86	15434.9
2699.64	15569.3
2698.42	15391.9
2697.2	15507.8
2695.98	15307.9
2694.76	15415.5
2693.54	15410.4
2692.32	15272.1
2691.1	15334.7
2689.88	15343.9
2688.66	15406.4
2687.44	15030.7
2686.22	15199.7
2685	15143.4
2683.78	15402.4
2682.56	15196.7
2681.33	15312.4
2680.11	15088.4
2678.89	15234.7
2677.67	15096.8
2676.44	15001.8
2675.22	15225.7
2674	15069.4
2672.77	14766.1
2671.55	14996
2670.33	14803.1
2669.1	14945.1
2667.88	14723.7
2666.65	15057.6
2665.43	14766.9
2664.2	14692.5
2662.97	14952.7
2661.75	14949.8
2660.52	15022.2
2659.3	14591.2
2658.07	14790
2656.84	14544.6
2655.62	14484.7
2654.39	14657
2653.16	14713.1
2651.93	14531
2650.7	14526.1
2649.48	14547.6
2648.25	14589.5
2647.02	14611
2645.79	14294.9
2644.56	14442.5
2643.33	14529.1
2642.1	14363.6
2640.87	14190
2639.64	14341.6
2638.41	14407.8
2637.18	14382.6
2635.95	14351.3
2634.72	14376.9
2633.48	14303
2632.25	14127.6
2631.02	14195.8
2629.79	14288.4
2628.56	14058.3
2627.32	14150.8
2626.09	14160.2
2624.86	14307.4
2623.62	14193.1
2622.39	14020
2621.16	14153
2619.92	14144.1
2618.69	14033.9
2617.45	13826.6
2616.22	14074.9
2614.98	13873.7
2613.75	13800.1
2612.51	13941
2611.27	14112.2
2610.04	13862.7
2608.8	13775
2607.57	13768.2
2606.33	13874.6
2605.09	13784.9
2603.85	13719.6
2602.62	13585.5
2601.38	13647.4
2600.14	13628.6
2598.9	13773.2
2597.66	13669.5
2596.42	13408.5
2595.18	13698.4
2593.94	13366.9
2592.71	13652.6
2591.47	13700.3
2590.23	13453.6
2588.98	13461
2587.74	13696.1
2586.5	13508
2585.26	13295.8
2584.02	13557
2582.78	13048.9
2581.54	13382.5
2580.29	13369.7
2579.05	13135.7
2577.81	13320.1
2576.57	13327.5
2575.32	13210.2
2574.08	13308.1
2572.84	13649.2
2571.59	13192.3
2570.35	13155.5
2569.1	13329.6
2567.86	13244.6
2566.61	13310.2
2565.37	13373.8
2564.12	13347.1
2562.88	13089.5
2561.63	13229.4
2560.39	13112.4
2559.14	13272.2
2557.89	13129.2
2556.65	13154.6
2555.4	13091.8
2554.15	13129.3
2552.9	13070.6
2551.66	13102
2550.41	12911.1
2549.16	13072.7
2547.91	13030.1
2546.66	12791.3
2545.41	13056.9
2544.16	12912.2
2542.91	12903.6
2541.66	13085
2540.41	12868.4
2539.16	12749.9
2537.91	12939.2
2536.66	12942.6
2535.41	12652.3
2534.16	13029.4
2532.91	13010.8
2531.66	12962.2
2530.4	12650.2
2529.15	12743.4
2527.9	12589.2
2526.65	12574.7
2525.39	12713.8
2524.14	12807
2522.89	12593.1
2521.63	12752
2520.38	12621.9
2519.12	12735
2517.87	12608.9
2516.61	12698
2515.36	12484.3
2514.1	12509.7
2512.85	12622.6
2511.59	12663.9
2510.33	12651.4
2509.08	12451.9
2507.82	12509.1
2506.56	12602
2505.31	12619.4
2504.05	12561.2
2502.79	12409.6
2501.53	12423
2500.28	12460.2
2499.02	12497.4
2497.76	12332.1
2496.5	12327.6
2495.24	12428.4
2493.98	12219.4
2492.72	12312.2
2491.46	12305.8
2490.2	12279.5
2488.94	12142.2
2487.68	12449.1
2486.42	12200.7
2485.16	12390.5
2483.9	12465.3
2482.63	12112.1
2481.37	12107.7
2480.11	12327.1
2478.85	12174.1
2477.59	12235
2476.32	12198.9
2475.06	12269.7
2473.8	12112.9
2472.53	12138.1
2471.27	12125.8
2470	12247.9
2468.74	12304.8
2467.47	12035.5
2466.21	12141.7
2464.94	12024.7
2463.68	12022.3
2462.41	11897.4
2461.15	12151.7
2459.88	11949.9
2458.61	12004.7
2457.35	11868.1
2456.08	11846
2454.81	12178.9
2453.54	11908.2
2452.28	11840.8
2451.01	12033.5
2449.74	11802.5
2448.47	11908.5
2447.2	12077.5
2445.93	11704.7
2444.66	11921
2443.39	11920.5
2442.12	11845.3
2440.85	12071.2
2439.58	11881.8
2438.31	11846
2437.04	11841.6
2435.77	11622.9
2434.5	11722.8
2433.23	11838.4
2431.96	11804.6
2430.68	11741.3
2429.41	11815.5
2428.14	11693.3
2426.87	11575.1
2425.59	11352.8
2424.32	11594
2423.04	11536.7
2421.77	11681.5
2420.5	11384.9
2419.22	11490.4
2417.95	11482.2
2416.67	11672.1
2415.4	11469.8
2414.12	11408.6
2412.85	11394.6
2411.57	11539.2
2410.29	11617.2
2409.02	11419
2407.74	11336.4
2406.46	11306.7
2405.18	11312.3
2403.91	11251.3
2402.63	11477.9
2401.35	11256.5
2400.07	11258.1
2398.79	11302.8
2397.52	11372.8
2396.24	11333.4
2394.96	11192.4
2393.68	11209.6
2392.4	11244.5
2391.12	11232.4
2389.84	11366.8
2388.56	10796.5
2387.27	11089
2385.99	11049.7
2384.71	10955.8
2383.43	11074.5
2382.15	10890.9
2380.87	11025.1
2379.58	10909.8
2378.3	10743.9
2377.02	10850.9
2375.73	10913
2374.45	10864
2373.17	10894.9
2371.88	10840.1
2370.6	10767.9
2369.31	10835.7
2368.03	10971.7
2366.74	10856.6
2365.46	11010
2364.17	11002
2362.89	10789.8
2361.6	10855.6
2360.31	10711.5
2359.03	10835.7
2357.74	10582.9
2356.45	10646.8
2355.17	10807.7
2353.88	10673.5
2352.59	10752.8
2351.3	10787.5
2350.01	10632.1
2348.72	10628
2347.43	10497.8
2346.15	10751.6
2344.86	10491.6
2343.57	10541.8
2342.28	10570.7
2340.99	10551.1
2339.69	10390.1
2338.4	10506.1
2337.11	10678.3
2335.82	10391.5
2334.53	10414.6
2333.24	10460.8
2331.95	10362
2330.65	10570.7
2329.36	10440.9
2328.07	10326.7
2326.77	10380.6
2325.48	10428.8
2324.19	10430.5
2322.89	10426.5
2321.6	10250.5
2320.3	10205.9
2319.01	10211.6
2317.71	10224.9
2316.42	10448.7
2315.12	10255.5
2313.83	10243.8
2312.53	10114.4
2311.23	10110.4
2309.94	10148.8
2308.64	10179.5
2307.34	10165.9
2306.05	10212
2304.75	10171.4
2303.45	10084.6
2302.15	10284.7
2300.85	10199.8
2299.55	9943.68
2298.25	10205.3
2296.96	10216.7
2295.66	10160.7
2294.36	10127.9
2293.06	10091.2
2291.76	10104.6
2290.45	9979.48
2289.15	9917.87
2287.85	9902.4
2286.55	10004.1
2285.25	10013.6
2283.95	9961.63
2282.65	9982.64
2281.34	9938.38
2280.04	9921
2278.74	9834.56
2277.43	10078.1
2276.13	9949.45
2274.83	9887.98
2273.52	9813.11
2272.22	9830.28
2270.91	9772.7
2269.61	9803.28
2268.3	9761.05
2267	9858.64
2265.69	9854.71
2264.39	9799.1
2263.08	9680.35
2261.77	9812.32
2260.47	9798.84
2259.16	9858.04
2257.85	9683.92
2256.54	9758.42
2255.24	9704.82
2253.93	9534.65
2252.62	9693.21
2251.31	9563.23
2250	9691.16
2248.69	9587.97
2247.38	9631.83
2246.07	9555.42
2244.76	9551.55
2243.45	9595.39
2242.14	9644.94
2240.83	9644.87
2239.52	9549.46
2238.21	9614.24
2236.9	9593.21
2235.59	9347.32
2234.27	9469.25
2232.96	9511.13
2231.65	9337.78
2230.34	9295.88
2229.02	9383.45
2227.71	9292.07
2226.4	9301.59
2225.08	9444.28
2223.77	9282.56
2222.45	9301.58
2221.14	9423.27
2219.82	9282.57
2218.51	9176.13
2217.19	9392.78
2215.88	9265.46
2214.56	9189.49
2213.24	9288.25
2211.93	9204.71
2210.61	9050.96
2209.29	9136.41
2207.97	9163
2206.66	9100.41
2205.34	9345.12
2204.02	9288.21
2202.7	9155.49
2201.38	9110.01
2200.06	8988.75
2198.74	9180.17
2197.42	9047.58
2196.1	9043.83
2194.78	9252.16
2193.46	8964.39
2192.14	9057.19
2190.82	8966.39
2189.5	9044.01
2188.18	8979.73
2186.86	8976
2185.54	9064.92
2184.21	8909.93
2182.89	8987.48
2181.57	8908.16
2180.24	8912
2178.92	9004.61
2177.6	9027.32
2176.27	8753.57
2174.95	8823.5
2173.62	8895.3
2172.3	8797.23
2170.97	8899.19
2169.65	9070.9
2168.32	8876.67
2167	8720.24
2165.67	8854.18
2164.34	8652.58
2163.02	8984.32
2161.69	9014.5
2160.36	8860.08
2159.04	8798
2157.71	8709.58
2156.38	8673.91
2155.05	8869.73
2153.72	8717.38
2152.39	8598.95
2151.06	8773.98
2149.74	8674.39
2148.41	8708.33
2147.08	8729.09
2145.75	8676.56
2144.41	8593.98
2143.08	8688.01
2141.75	8712.52
2140.42	8489.15
2139.09	8727.7
2137.76	8648.95
2136.43	8769.15
2135.09	8735.45
2133.76	8759.91
2132.43	8645.58
2131.09	8630.67
2129.76	8623.27
2128.43	8730.2
2127.09	8509.16
2125.76	8550.5
2124.42	8565.59
2123.09	8560.08
2121.75	8560.19
2120.42	8608.97
2119.08	8569.76
2117.75	8556.77
2116.41	8641.06
2115.07	8528.92
2113.74	8502.85
2112.4	8502.97
2111.06	8669.44
2109.72	8484.51
2108.38	8312.73
2107.05	8481.01
2105.71	8464.32
2104.37	8561.54
2103.03	8395.48
2101.69	8488.94
2100.35	8367.76
2099.01	8569.4
2097.67	8468.76
2096.33	8392.41
2094.99	8448.48
2093.65	8515.71
2092.31	8491.59
2090.97	8469.34
2089.62	8421.01
2088.28	8264.67
2086.94	8439.88
2085.6	8352.49
2084.25	8387.99
2082.91	8496.06
2081.57	8470.12
2080.22	8496.27
2078.88	8306.66
2077.53	8477.88
2076.19	8360.86
2074.84	8364.71
2073.5	8323.95
2072.15	8294.36
2070.81	8272.21
2069.46	8376.36
2068.12	8402.48
2066.77	8400.74
2065.42	8387.87
2064.08	8352.73
2062.73	8330.59
2061.38	8212
2060.03	8273.36
2058.68	8432.96
2057.34	8294.03
2055.99	8338.65
2054.64	8340.63
2053.29	8212.92
2051.94	8383.49
2050.59	8215.08
2049.24	8254.11
2047.89	8204.27
2046.54	8095.23
2045.19	8311.89
2043.83	8397.12
2042.48	8217.82
2041.13	8249.4
2039.78	8042.47
2038.43	8155.41
2037.07	8188.83
2035.72	8020.84
2034.37	8157.72
2033.01	8276.08
2031.66	8115.56
2030.31	8289.27
2028.95	8128.81
2027.6	8224.93
2026.24	8214
2024.89	8020.45
2023.53	8074.11
2022.17	8148.04
2020.82	8186.9
2019.46	8275.52
2018.11	8152.18
2016.75	8111.8
2015.39	8174.58
2014.03	8112.11
2012.68	8066.24
2011.32	8156.6
2009.96	8048.17
2008.6	8206.58
2007.24	8008.03
2005.88	8068.9
2004.52	8157.33
2003.16	8146.44
2001.8	8080.42
2000.44	7981.34
1999.08	8080.73
1997.72	8101.1
1996.36	8057.17
1995	8097.73
1993.64	8066.67
1992.27	8107.21
1990.91	8030.29
1989.55	8138.7
1988.19	8008.6
1986.82	8219.67
1985.46	8049.28
1984.1	8175.92
1982.73	8066.09
1981.37	8121.21
1980	7998.61
1978.64	7973.13
1977.27	8112.48
1975.91	7982.63
1974.54	8024.9
1973.18	8014.08
1971.81	8129.51
1970.44	8147.94
1969.08	8029.19
1967.71	7926.95
1966.34	7965.52
1964.97	7991.28
1963.61	8095.6
1962.24	8071.99
1960.87	8048.39
1959.5	8108.81
1958.13	8046.86
1956.76	7941.13
1955.39	7996.05
1954.02	8049.13
1952.65	8109.48
1951.28	8042.13
1949.91	8005.8
1948.54	8219.27
1947.17	8020.69
1945.8	7909.67
1944.42	7999.12
1943.05	7888.15
1941.68	8083.21
1940.31	7921.28
1938.93	7959.68
1937.56	7967.12
1936.19	7958.18
1934.81	7858.26
1933.44	7980.32
1932.06	7824.06
1930.69	8038.81
1929.31	7902.61
1927.94	7840.98
1926.56	7892.04
1925.18	7875.85
1923.81	7886.92
1922.43	7928.86
1921.05	7927.2
1919.68	7958.22
1918.3	7836.78
1916.92	7880.5
1915.54	7895.18
1914.17	7873.58
1912.79	7946.28
1911.41	7828.59
1910.03	7953.84
1908.65	7957.61
1907.27	7818.24
1905.89	7778.57
1904.51	7889.23
1903.13	7835.07
1901.75	7824.38
1900.37	7837.22
1898.99	7701.67
1897.6	7875.55
1896.22	7801.55
1894.84	7964.49
1893.46	7742.24
1892.07	7821.96
1890.69	7829.36
1889.31	7751.83
1887.92	7907.38
1886.54	7875.02
1885.15	7952.83
1883.77	7887.97
1882.38	7837.58
1881	7758.34
1879.61	7735.06
1878.23	7769.52
1876.84	7767.89
1875.46	7847.41
1874.07	7692.52
1872.68	7795.45
1871.29	7680.29
1869.91	7714.71
1868.52	7878.81
1867.13	7648.45
1865.74	7839.5
1864.35	7686.64
1862.96	7868.61
1861.57	7812.97
1860.19	7805.94
1858.8	7780.92
1857.4	7700.16
1856.01	7720.12
1854.62	7675.36
1853.23	7736.65
1851.84	7727.84
1850.45	7898.67
1849.06	7800.03
1847.67	7590.1
1846.27	7701.6
1844.88	7689.22
1843.49	7694.78
1842.09	7777.49
1840.7	7635.94
1839.31	7648.69
1837.91	7681.15
1836.52	7636.51
1835.12	7771.12
1833.73	7669.14
1832.33	7637.07
1830.93	7597.85
1829.54	7589.09
1828.14	7750.42
1826.75	7619.91
1825.35	7575.36
1823.95	7799.21
1822.55	7788.63
1821.16	7681.47
1819.76	7638.73
1818.36	7633.54
1816.96	7558.66
1815.56	7694.66
1814.16	7693.04
1812.76	7686.07
1811.36	7579.09
1809.96	7663.19
1808.56	7688.36
1807.16	7677.81
1805.76	7629.8
1804.36	7663.88
1802.96	7642.64
1801.56	7544.74
1800.15	7470.06
1798.75	7577.21
1797.35	7670.07
1795.94	7604.31
1794.54	7766.59
1793.14	7674.13
1791.73	7644.02
1790.33	7621.05
1788.92	7623
1787.52	7658.76
1786.11	7618.01
1784.71	7516.79
1783.3	7648.58
1781.9	7504.74
1780.49	7508.49
1779.08	7659.74
1777.68	7487.55
1776.27	7796.85
1774.86	7578.52
1773.45	7623.09
1772.05	7491.89
1770.64	7697.98
1769.23	7579.23
1767.82	7613.11
1766.41	7721.48
1765	7673.74
1763.59	7434.53
1762.18	7518.05
1760.77	7621.03
1759.36	7482.98
1757.95	7479.63
1756.54	7478.05
1755.12	7570.33
1753.71	7460.73
1752.3	7496.32
1750.89	7554.91
1749.47	7454.23
1748.06	7608.32
1746.65	7504.14
1745.23	7461.88
1743.82	7433.79
1742.4	7439.29
1740.99	7527.84
1739.58	7545.68
1738.16	7367.45
1736.74	7434.76
1735.33	7381.99
1733.91	7394.55
1732.5	7407.1
1731.08	7440.83
1729.66	7458.66
1728.24	7397.11
1726.83	7511.93
1725.41	7432.77
1723.99	7512.27
1722.57	7597.03
1721.15	7537.28
1719.73	7430
1718.31	7403.77
1716.89	7349.38
1715.47	7337.26
1714.05	7298.75
1712.63	7383.42
1711.21	7395.93
1709.79	7503.42
1708.37	7477.21
1706.95	7605.73
1705.52	7386.15
1704.1	7331.86
1702.68	7291.66
1701.26	7367.4
1699.83	7407.99
1698.41	7337.94
1696.98	7288.99
1695.56	7492.79
1694.14	7292.91
1692.71	7463.3
1691.28	7444.18
1689.86	7528.53
1688.43	7267.44
1687.01	7418.41
1685.58	7364.25
1684.15	7282.09
1682.73	7476.75
1681.3	7368.32
1679.87	7338.74
1678.44	7284.66
1677.02	7424.89
1675.59	7395.32
1674.16	7252.03
1672.73	7278.48
1671.3	7257.7
1669.87	7200.2
1668.44	7382.22
1667.01	7286.28
1665.58	7375.59
1664.15	7225.53
1662.72	7382.94
1661.28	7341.21
1659.85	7388.53
1658.42	7329.36
1656.99	7357.47
1655.55	7340.2
1654.12	7265.38
1652.69	7310.92
1651.25	7166.39
1649.82	7421.12
1648.39	7186
1646.95	7257.65
1645.52	7275.27
1644.08	7332.95
1642.64	7354.02
1641.21	7449.96
1639.77	7413.56
1638.34	7185.74
1636.9	7255.55
1635.46	7227.91
1634.02	7238.55
1632.59	7386.54
1631.15	7376.28
1629.71	7299.97
1628.27	7496.52
1626.83	7362.88
1625.39	7338.73
1623.95	7333.7
1622.51	7385.96
1621.07	7446.87
1619.63	7365.45
1618.19	7310.09
1616.75	7344.97
1615.31	7294.84
1613.87	7463.22
1612.43	7411.35
1610.98	7269.37
1609.54	7524.29
1608.1	7415.27
1606.66	7481.25
1605.21	7349.77
1603.77	7448.62
1602.32	7414.14
1600.88	7353.72
1599.43	7305.43
1597.99	7419.78
1596.54	7340.36
1595.1	7316.31
1593.65	7598.28
1592.21	7506.78
1590.76	7268.43
1589.31	7482.84
1587.86	7292.96
1586.42	7363.94
1584.97	7333.01
1583.52	7290.02
1582.07	7367.85
1580.62	7331.77
1579.17	7161.13
1577.72	7478.69
1576.28	7256.37
1574.83	7397.91
1573.37	7427.36
1571.92	7356.84
1570.47	7307.02
1569.02	7258.95
1567.57	7290.12
1566.12	7395.31
1564.67	7302.49
1563.21	7356.01
1561.76	7218.5
1560.31	7421.68
1558.85	7418.37
1557.4	7239.66
1555.95	7227.79
1554.49	7300.16
1553.04	7322.66
1551.58	7181.92
1550.13	7225.04
1548.67	7218.34
1547.21	7228.82
1545.76	7141.44
1544.3	7272.06
1542.84	7196.72
1541.39	7102.54
1539.93	7250.24
1538.47	7262.41
1537.01	7228.27
1535.56	7298.72
1534.1	7144.63
1532.64	7168.8
1531.18	7237.5
1529.72	7045.84
1528.26	7193.3
1526.8	7207.17
1525.34	7157.7
1523.88	7216.05
1522.42	7233.33
1520.95	7185.59
1519.49	7250.74
1518.03	7055.99
1516.57	7204.9
1515.1	7198.23
1513.64	7220.6
1512.18	7181.47
1510.71	7070.63
1509.25	7246.69
1507.79	7142.71
1506.32	7096.8
1504.86	7172.06
1503.39	7134.7
1501.92	7129.75
1500.46	7051.48
1498.99	7140.33
1497.53	7133.68
1496.06	7036.71
1494.59	7116.99
1493.12	7142.71
1491.66	7057.73
1490.19	7194.13
1488.72	7184.07
1487.25	7172.32
1485.78	7153.76
1484.31	7099.48
1482.84	6995.9
1481.37	7130.44
1479.9	7140.81
1478.43	7067.88
1476.96	7030.67
1475.49	6969.69
1474.02	7051.43
1472.54	7029.53
1471.07	7126.5
1469.6	7123.27
1468.13	7089.49
1466.65	7059.12
1465.18	7144.12
1463.71	6993.32
1462.23	7020.64
1460.76	7103.91
1459.28	6909.14
1457.81	7041.53
1456.33	7084.07
1454.86	7068.99
1453.38	7108.11
1451.9	6991.44
1450.43	6984.86
1448.95	6929.19
1447.47	7030.92
1445.99	6958.35
1444.52	7000.83
1443.04	7019.61
1441.56	7050.22
1440.08	6981.09
1438.6	7015.07
1437.12	7016.94
1435.64	6978.26
1434.16	6964.93
1432.68	6963.43
1431.2	7061.53
1429.72	6859.16
1428.24	6945.43
1426.75	6947.3
1425.27	7041.95
1423.79	6868.42
1422.31	6888.85
1420.82	6998.62
1419.34	6949.92
1417.86	6970.32
1416.37	7037.88
1414.89	6975.73
1413.4	6893.41
1411.92	7014.81
1410.43	6944.29
1408.95	7047.11
1407.46	6951.38
1405.97	7005.38
1404.49	7182.12
1403	6938.47
1401.51	7004.2
1400.03	6933.79
1398.54	6814.68
1397.05	6967.75
1395.56	6902.42
1394.07	6860.63
1392.58	6959.87
1391.09	7038.93
1389.6	6965.25
1388.11	6886.57
1386.62	6960.56
1385.13	6865.15
1383.64	6868.69
1382.15	6914.14
1380.66	6976.32
1379.17	6909.47
1377.67	7036.96
1376.18	6929.93
1374.69	6965.26
1373.19	6878.38
1371.7	6945.51
1370.21	7024.32
1368.71	6893.99
1367.22	6992.85
1365.72	6912.74
1364.23	6939.66
1362.73	6745.94
1361.23	6921.62
1359.74	6856.63
1358.24	6952.02
1356.74	7064.08
1355.25	6802.08
1353.75	6827.32
1352.25	6762.42
1350.75	6881.09
1349.25	6789.51
1347.76	6969.83
1346.26	6838.26
1344.76	6800.1
1343.26	6820.29
1341.76	6785.49
1340.26	6749.03
1338.75	6834.18
1337.25	6806.05
1335.75	6784.59
1334.25	6828.06
1332.75	6726.73
1331.25	6841.74
1329.74	6700.52
1328.24	6857.06
1326.74	6729.2
1325.23	6662.91
1323.73	6817.69
1322.22	6759.71
1320.72	6778.18
1319.21	6675.39
1317.71	6748.67
1316.2	6750.52
1314.7	6694.28
1313.19	6667.93
1311.68	6605.09
1310.18	6792.76
1308.67	6719.97
1307.16	6786.49
1305.65	6667.31
1304.14	6707.3
1302.63	6644.53
1301.13	6658
1299.62	6605.2
1298.11	6655.1
1296.6	6628.82
1295.09	6643.93
1293.58	6599.46
1292.06	6682.4
1290.55	6646.21
1289.04	6520.73
1287.53	6524.27
1286.02	6560.87
1284.5	6496.64
1282.99	6515.05
1281.48	6437.64
1279.96	6522.12
1278.45	6489.33
1276.94	6580.36
1275.42	6519.51
1273.91	6524.69
1272.39	6455.63
1270.87	6432.78
1269.36	6485.8
1267.84	6464.6
1266.33	6380.77
1264.81	6366.2
1263.29	6498.27
1261.77	6399.66
1260.26	6403.21
1258.74	6467.67
1257.22	6395.47
1255.7	6338.12
1254.18	6430.53
1252.66	6450.51
1251.14	6324.1
1249.62	6291.48
1248.1	6303.26
1246.58	6290.38
1245.06	6272.57
1243.54	6320.49
1242.01	6307.61
1240.49	6348.93
1238.97	6332.77
1237.45	6227.97
1235.92	6295.54
1234.4	6248.22
1232.88	6317.4
1231.35	6188.09
1229.83	6322.83
1228.3	6303.42
1226.78	6300.4
1225.25	6189.24
1223.72	6151.84
1222.2	6217.65
1220.67	6198.28
1219.14	6206.75
1217.62	6306.88
1216.09	6146.75
1214.56	6263.21
1213.03	6148.97
1211.5	6208.14
1209.98	6089.05
1208.45	6231.58
1206.92	6177.91
1205.39	6071.99
1203.86	6234.02
1202.33	6167.33
1200.79	6071.27
1199.26	6066.67
1197.73	6096.36
1196.2	6080.33
1194.67	6057.79
1193.13	6087.46
1191.6	5983.38
1190.07	6078.27
1188.53	6073.68
1187	6018.57
1185.47	6053.09
1183.93	5981.72
1182.4	5980.41
1180.86	6031.2
1179.33	5998.95
1177.79	6069.25
1176.25	6033.75
1174.72	6048.69
1173.18	5954.65
1171.64	6003.76
1170.1	5942.29
1168.57	5887.34
1167.03	5913.68
1165.49	5907.51
1163.95	5915.96
1162.41	5989.36
1160.87	5921.48
1159.33	6009.46
1157.79	5826.37
1156.25	5943.54
1154.71	5938.99
1153.17	6017.16
1151.63	5889.36
1150.08	5886.45
1148.54	5922.43
1147	5804.46
1145.46	6064.02
1143.91	5717.68
1142.37	5951.24
1140.82	5805.84
1139.28	5739.81
1137.73	5808.14
1136.19	5716.26
1134.64	5842.79
1133.1	5771.96
1131.55	5820.82
1130.01	5864.8
1128.46	5743.91
1126.91	5608.54
1125.36	5618.61
1123.82	5730.43
1122.27	5764.7
1120.72	5742.44
1119.17	5781.53
1117.62	5630.18
1116.07	5672.51
1114.52	5729.32
1112.97	5637.76
1111.42	5713.9
1109.87	5611.1
1108.32	5645.31
1106.77	5586.07
1105.22	5583.23
1103.66	5619.04
1102.11	5664.49
1100.56	5595.64
1099	5689.36
1097.45	5686.5
1095.9	5675.59
1094.34	5770.84
1092.79	5591.08
1091.23	5634.86
1089.68	5517.89
1088.12	5646.84
1086.56	5573.3
1085.01	5575.28
1083.45	5527.48
1081.89	5755.85
1080.34	5709.64
1078.78	5525.43
1077.22	5480.89
1075.66	5545.45
1074.1	5452.81
1072.54	5595.91
1070.98	5519.34
1069.43	5580.62
1067.86	5488.06
1066.3	5579.76
1064.74	5535.28
1063.18	5471.61
1061.62	5484.81
1060.06	5610.05
1058.5	5459.99
1056.93	5522.78
1055.37	5529.55
1053.81	5504.34
1052.24	5450.37
1050.68	5532.28
1049.12	5455.95
1047.55	5461.13
1045.99	5560.56
1044.42	5452.33
1042.85	5575.67
1041.29	5448.32
1039.72	5402.43
1038.16	5455.49
1036.59	5427.16
1035.02	5449.88
1033.45	5375.33
1031.88	5512.84
1030.32	5452.64
1028.75	5366.98
1027.18	5480.5
1025.61	5452.21
1024.04	5387.3
1022.47	5414.77
1020.9	5459.73
1019.33	5450.56
1017.76	5393.67
1016.18	5328.85
1014.61	5248.15
1013.04	5393.27
1011.47	5272.85
1009.89	5441.74
1008.32	5246.68
1006.75	5248.69
1005.17	5292
1003.6	5273.36
1002.02	5222.98
1000.45	5275.78
998.873	5374.59
997.297	5286.14
995.721	5400.75
994.145	5248.91
992.568	5252.5
990.991	5346.44
989.413	5305.63
987.835	5185.63
986.257	5189.23
984.678	5300.52
983.099	5202.76
981.52	5342.49
979.94	5246.35
978.36	5265.75
976.78	5193.4
975.199	5279.23
973.618	5162.63
972.037	5234.2
970.455	5256.75
968.873	5205.01
967.29	5211.76
965.707	5213.76
964.124	5266.29
962.541	5214.6
960.957	5158.19
959.373	5160.2
957.788	5187.46
956.203	5151.6
954.618	5188.3
953.032	5103.59
951.446	5141.86
949.86	5187.99
948.273	5186.84
946.686	5102.2
945.099	5168.78
943.511	5121.97
941.923	5188.52
940.334	5146.45
938.745	5126.42
937.156	5144.16
935.567	5083.25
933.977	5041.23
932.387	5165.88
930.796	5067.28
929.205	5121.15
927.614	5109.01
926.022	5024.63
924.43	4988.96
922.838	4879.52
921.245	5054.23
919.652	4991.9
918.058	5009.62
916.465	5108.89
914.87	5023.07
913.276	5094.07
911.681	5086.67
910.086	5079.26
908.49	5020.16
906.894	4970.48
905.298	5074.3
903.701	5109.18
902.104	5064.21
900.507	5000.47
898.909	5000.92
897.311	5004.5
895.713	5059.69
894.114	5046.05
892.515	5085.57
890.916	5087.56
889.316	5028.61
887.715	4969.68
886.115	4892.04
884.514	4950.28
882.913	5070.96
881.311	4944.95
879.709	4973.5
878.107	5053.52
876.504	4961.92
874.901	4882.83
873.298	4933.19
871.694	4981.97
870.09	5012.03
868.485	4940.79
866.88	4947.48
865.275	4880.96
863.669	4965.51
862.064	4833.63
860.457	4888.58
858.851	4826.8
857.244	4936.18
855.636	4851.08
854.028	4829.78
852.42	4937.53
850.812	5066.98
849.203	4922.89
847.594	4921.78
845.984	4976.6
844.375	4866.78
842.764	4943.32
841.154	4931.35
839.543	4782.82
837.931	4958.62
836.32	4881.5
834.708	4888.16
833.095	4904.12
831.482	4935.58
829.869	4898.82
828.256	4831.1
826.642	4864.1
825.028	4886.24
823.413	4807.72
821.798	4845.35
820.183	4943.31
818.567	4922.09
816.951	4780.21
815.335	4873.48
813.718	4843.01
812.101	4766.17
810.483	4870.2
808.865	4785.67
807.247	4772.23
805.629	4899.36
804.01	4839.58
802.39	4866.29
800.771	4829.69
799.151	4691.26
797.53	4787.41
795.91	4715.38
794.288	4879.33
792.667	4761.06
791.045	4758.45
789.423	4829.81
787.8	4751.69
786.177	4818.4
784.554	4788.05
782.93	4766.96
781.306	4693.54
779.682	4729.42
778.057	4723.74
776.432	4796.52
774.807	4686.25
773.181	4626.76
771.554	4645.71
769.928	4749.17
768.301	4694.32
766.674	4608.77
765.046	4738.29
763.418	4654.3
761.789	4645.58
760.161	4705.93
758.531	4668.04
756.902	4630.17
755.272	4730.36
753.642	4698.63
752.011	4740.5
750.38	4596.88
748.749	4713.84
747.117	4674.48
745.485	4696.4
743.852	4667.78
742.22	4587.11
740.586	4605.98
738.953	4594.23
737.319	4610.02
735.685	4581.45
734.05	4676.76
732.415	4614.55
730.779	4653.25
729.144	4529.94
727.507	4614.48
725.871	4582.89
724.234	4621.57
722.597	4641.9
720.959	4616.43
719.321	4561.97
717.683	4644.86
716.044	4549.23
714.405	4674.8
712.765	4589.87
711.126	4482.12
709.485	4667.06
707.845	4580.67
706.204	4424.24
704.563	4558.8
702.921	4536.45
701.279	4488.23
699.636	4499.4
697.993	4562.29
696.35	4468.46
694.707	4548.06
693.063	4554.64
691.419	4465.43
689.774	4508.5
688.129	4472.53
686.483	4459.36
684.838	4505.44
683.191	4369.26
681.545	4465.45
679.898	4423.45
678.251	4507.44
676.603	4542.83
674.955	4412.86
673.307	4355.75
671.658	4442.71
670.009	4456.86
668.359	4363.4
666.709	4473.03
665.059	4452.32
663.408	4486.15
661.757	4441.22
660.106	4411.45
658.454	4413.48
656.802	4365.57
655.15	4444.76
653.497	4374.18
651.844	4403.43
650.19	4349.52
648.536	4392.37
646.881	4404.97
645.227	4388.87
643.572	4495.12
641.916	4388.39
640.26	4419.1
638.604	4398.47
636.947	4448.79
635.29	4241.08
633.633	4317.05
631.975	4426.16
630.317	4275.89
628.659	4464.85
627	4365.88
625.34	4413.1
623.681	4278.03
622.021	4302.66
620.36	4307.71
618.7	4351.89
617.038	4337.36
615.377	4321.33
613.715	4269.2
612.053	4361.48
610.39	4295.83
608.727	4299.36
607.064	4244.28
605.4	4244.82
603.736	4270.9
602.071	4287.95
600.406	4291.48
598.741	4329.54
597.075	4307.54
595.409	4302.06
593.743	4337.08
592.076	4346.6
590.409	4210.65
588.741	4241.18
587.073	4195.25
585.405	4174.81
583.736	4305.7
582.067	4160.93
580.397	4251.33
578.728	4272.82
577.057	4379.62
575.387	4228.97
573.716	4222.03
572.044	4242.01
570.373	4205.15
568.7	4186.25
567.028	4192.77
565.355	4239.64
563.682	4159.49
562.008	4201.86
560.334	4090.39
558.66	4213.38
556.985	4172.12
555.31	4145.8
553.634	4188.12
551.958	4149.87
550.282	4214.55
548.605	4183.77
546.928	4072.5
545.25	4160.99
543.573	4098.95
541.894	4095.04
540.216	4049.43
538.537	4115.51
536.857	4099.68
535.178	4125.54
533.497	4139.47
531.817	4062.66
530.136	4127.17
528.455	4136.64
526.773	4021.23
525.091	4131.78
523.408	4035.74
521.725	3979.85
520.042	4143.8
518.359	4061.19
516.675	4122.61
514.99	4106.82
513.305	4030.21
511.62	4090.11
509.935	4029.85
508.249	4066
506.562	4005.77
504.876	4067.11
503.189	3950.59
501.501	4065.25
499.813	4012.48
498.125	4020.44
496.436	4087.63
494.747	4094.09
493.058	3948.13
491.368	3999.01
489.678	3983.31
487.987	4043.03
486.297	4028.79
484.605	4122.47
482.913	3970.79
481.221	4034.89
479.529	3994.09
477.836	4030.09
476.143	3914.01
474.449	4012.01
472.755	3854.66
471.061	3917.22
469.366	3987.13
467.67	4027.51
465.975	3986.77
464.279	3965.22
462.582	4030.63
460.886	3942.78
459.189	3949.24
457.491	3989.57
455.793	3884.12
454.095	3883.23
452.396	3973.58
450.697	4028.58
448.997	3892.32
447.298	4001.73
445.597	3815.55
443.897	3842.6
442.196	3965.18
440.494	3923.12
438.792	3939.85
437.09	3831.73
435.387	3839.67
433.684	3787.4
431.981	3849.64
430.277	3933.86
428.573	3881.62
426.868	3854.32
425.163	3850.51
423.458	3874.54
421.752	3842.88
420.046	3877.16
418.34	3816.21
416.633	3825.58
414.925	3694.38
413.218	3842.85
411.51	3811.23
409.801	3863.04
408.092	3688.06
406.383	3742.79
404.673	3823.81
402.963	3760.07
401.253	3770.9
399.542	3813.87
397.831	3722.42
396.119	3850.09
394.407	3777.65
392.694	3740.28
390.982	3678.12
389.268	3748.78
387.555	3745
385.841	3698.92
384.126	3814.73
382.411	3710.34
380.696	3648.26
378.981	3774.2
377.265	3693.2
375.548	3722.94
373.832	3634.71
372.114	3759.08
370.397	3695.62
368.679	3726.79
366.96	3727.38
365.242	3697.43
363.523	3639.87
361.803	3644.84
360.083	3596.03
358.363	3632.99
356.642	3716.42
354.921	3555.78
353.199	3639.19
351.477	3635.44
349.755	3612.83
348.032	3620.71
346.309	3595.21
344.586	3575.52
342.862	3497.83
341.137	3652.16
339.413	3615.08
337.688	3553.38
335.962	3601.82
334.236	3573.46
332.51	3523.4
330.783	3528.38
329.056	3601.39
327.328	3574.5
325.601	3544.74
323.872	3565.62
322.144	3537.32
320.414	3582.77
318.685	3603.62
316.955	3568.1
315.225	3505.15
313.494	3524.56
311.763	3455.87
310.031	3544.59
308.299	3578.42
306.567	3453.48
304.834	3482.98
303.101	3464.86
301.368	3475.6
299.634	3412.79
297.9	3484.08
296.165	3447.24
294.43	3383.05
292.694	3409.63
290.958	3511.09
289.222	3469.97
287.485	3520.98
285.748	3458.28
284.011	3440.22
282.273	3321.46
280.534	3557.99
278.795	3397.57
277.056	3406.84
275.317	3421.86
273.577	3392.33
271.836	3365.69
270.096	3407.99
268.355	3333.98
266.613	3379.14
264.871	3300.86
263.129	3433.53
261.386	3256.29
259.643	3431.94
257.899	3335.07
256.155	3416.01
254.411	3296.26
252.666	3361.41
250.921	3276.11
249.175	3329.77
247.429	3241.66
245.683	3296.73
243.936	3358.94
242.189	3275.17
240.441	3281.56
238.693	3322.27
236.944	3305.77
235.196	3222.1
233.446	3201.34
231.697	3240.6
229.947	3231.28
228.196	3244.81
226.445	3199.79
224.694	3160.5
222.942	3179.75
221.19	3213.25
219.437	3168.28
217.685	3211.76
215.931	3099.8
214.177	3177.48
212.423	3168.19
210.669	3173.15
208.914	3138.22
207.158	3158.86
205.403	3149.58
203.646	3170.2
201.89	3116.8
200.133	3188.64
