4501.29	6580.98
4500.4	6606.44
4499.52	6817.45
4498.64	6505.15
4497.75	6529.47
4496.87	6672.53
4495.98	6476.32
4495.1	6582.59
4494.22	6505.15
4493.33	6484.24
4492.45	6299.5
4491.56	6400.08
4490.68	6480.86
4489.79	6426.09
4488.9	6379.8
4488.02	6406.92
4487.13	6355.01
4486.25	6314.4
4485.36	6389.47
4484.47	6315.03
4483.59	6189.85
4482.7	6267.72
4481.81	6368.11
4480.93	6152.79
4480.04	6286.99
4479.15	6133.75
4478.26	6172.12
4477.38	6238.64
4476.49	6305.14
4475.6	6180.16
4474.71	6055.22
4473.83	6107.64
4472.94	6247.28
4472.05	5939.51
4471.16	6025.68
4470.27	6052.76
4469.38	6186.69
4468.49	5983.17
4467.6	6021.48
4466.71	6225.61
4465.82	6126.17
4464.93	5911.57
4464.04	6045.38
4463.15	6052.75
4462.26	5947.79
4461.37	5980.45
4460.48	6066.43
4459.59	6062.57
4458.7	5912.78
4457.81	6046.42
4456.92	6034.15
4456.03	5946.15
4455.14	6107.76
4454.24	5904.82
4453.35	5923.41
4452.46	6048.51
4451.57	6008.22
4450.68	5937.13
4449.78	6132.19
4448.89	6024.68
4448	5987.23
4447.11	5946.98
4446.21	5889.96
4445.32	6054.07
4444.43	5963.46
4443.53	5993.2
4442.64	5986.55
4441.75	6102.98
4440.85	5844.64
4439.96	5989.01
4439.06	5993.56
4438.17	6079.16
4437.27	6055.74
4436.38	6079.83
4435.48	6017.31
4434.59	5890.57
4433.69	5948.18
4432.8	6028.11
4431.9	5985.19
4431.01	6059.5
4430.11	6075.19
4429.22	6043.43
4428.32	5967.06
4427.42	6130.57
4426.53	6076.52
4425.63	6083.82
4424.73	6197.05
4423.84	6115.14
4422.94	6128
4422.04	6174.3
4421.14	6134.22
4420.25	6080.23
4419.35	6148.78
4418.45	6047.47
4417.55	6235.71
4416.65	6170.61
4415.76	6236.32
4414.86	6377.12
4413.96	6206.31
4413.06	6416.61
4412.16	6334.84
4411.26	6322.61
4410.36	6274.25
4409.46	6234.24
4408.56	6352.64
4407.66	6315.41
4406.76	6264.3
4405.86	6413.19
4404.96	6437.06
4404.06	6299.88
4403.16	6290.45
4402.26	6522.5
4401.36	6429.78
4400.46	6592.35
4399.56	6449.72
4398.66	6573.4
4397.76	6480.74
4396.85	6457.42
4395.95	6583.81
4395.05	6488.42
4394.15	6600.9
4393.25	6660.7
4392.34	6717.7
4391.44	6796.85
4390.54	6657.2
4389.64	6805.54
4388.73	6859.71
4387.83	6783.78
4386.93	6876.68
4386.02	6833.97
4385.12	6924.06
4384.21	6856.47
4383.31	6866.33
4382.41	6782.18
4381.5	7013.19
4380.6	6956.69
4379.69	7118.51
4378.79	7092.39
4377.88	6991.7
4376.98	7106.47
4376.07	7069.33
4375.17	7120.55
4374.26	7149.66
4373.36	7126.33
4372.45	7412.07
4371.54	7419.04
4370.64	7144.65
4369.73	7245.44
4368.82	7335.17
4367.92	7405.56
4367.01	7316.05
4366.1	7485.65
4365.2	7382.38
4364.29	7416.9
4363.38	7421.1
4362.47	7560.26
4361.57	7602.99
4360.66	7483.27
4359.75	7520.49
4358.84	7348.53
4357.93	7471.07
4357.02	7761.4
4356.11	7586.73
4355.21	7656.91
4354.3	7672.06
4353.39	7832.92
4352.48	7652.87
4351.57	7569.07
4350.66	7672.16
4349.75	7703.78
4348.84	7812.31
4347.93	7775.23
4347.02	7867.23
4346.11	7739.55
4345.2	7894.65
4344.29	7931.69
4343.37	7913.83
4342.46	7992
4341.55	7902.82
4340.64	8033.07
4339.73	7886.33
4338.82	7926.06
4337.9	8069.95
4336.99	7882.16
4336.08	8127.39
4335.17	7898.57
4334.26	8075.23
4333.34	8090.24
4332.43	8149.06
4331.52	8073.7
4330.6	8042.17
4329.69	8158.44
4328.78	8187.1
4327.86	8161.03
4326.95	8178.75
4326.03	8232
4325.12	8118.44
4324.21	8510.7
4323.29	8317.86
4322.38	8226.2
4321.46	8476.14
4320.55	8430.94
4319.63	8175.42
4318.72	8239.53
4317.8	8513.86
4316.88	8345.82
4315.97	8404.4
4315.05	8465.69
4314.14	8428.73
4313.22	8359.04
4312.3	8278.46
4311.39	8437.91
4310.47	8444.6
4309.55	8530.35
4308.63	8351.67
4307.72	8421.06
4306.8	8405.95
4305.88	8401.74
4304.96	8473.8
4304.05	8401.5
4303.13	8370.06
4302.21	8504.71
4301.29	8541.31
4300.37	8466.33
4299.45	8481.16
4298.54	8370.84
4297.62	8453.69
4296.7	8628.96
4295.78	8632.88
4294.86	8400.28
4293.94	8825.53
4293.02	8690.81
4292.1	8757.2
4291.18	8600.81
4290.26	8631.88
4289.34	8815.02
4288.42	8569.1
4287.5	8524.15
4286.57	8745.21
4285.65	8765.38
4284.73	8611.89
4283.81	8545.26
4282.89	8749.88
4281.97	8675.12
4281.04	8708.83
4280.12	8696.45
4279.2	8518.74
4278.28	8796.35
4277.35	8653.91
4276.43	8530.47
4275.51	8699.6
4274.59	8719.73
4273.66	8577.39
4272.74	8654.38
4271.81	8706.98
4270.89	8838.04
4269.97	8728.25
4269.04	8632.03
4268.12	8576.41
4267.19	8764.18
4266.27	8803.19
4265.34	8885.43
4264.42	8905.48
4263.49	8871.48
4262.57	8629.45
4261.64	8919.66
4260.72	8747.93
4259.79	8770.69
4258.87	8723.24
4257.94	8853.96
4257.01	8841.6
4256.09	8786.06
4255.16	8708.97
4254.23	8917.83
4253.31	8962.1
4252.38	8901.19
4251.45	8891.52
4250.52	8935.77
4249.6	8893.76
4248.67	8900.27
4247.74	9098.06
4246.81	8878.26
4245.88	8852.45
4244.96	8864.34
4244.03	8720.09
4243.1	8888.12
4242.17	9004.96
4241.24	9006.06
4240.31	8945.27
4239.38	8986.72
4238.45	8974.37
4237.52	8806.07
4236.59	8963.13
4235.66	8985.73
4234.73	8933.07
4233.8	8869.69
4232.87	9058.86
4231.94	8906.83
4231.01	8983.13
4230.08	8847.29
4229.15	8859.14
4228.22	8887.09
4227.28	9043.85
4226.35	8838.33
4225.42	8917.24
4224.49	8902.24
4223.56	8951.62
4222.62	9049.23
4221.69	9157.54
4220.76	8936.13
4219.83	9151.61
4218.89	9136.59
4217.96	9025.13
4217.03	9093.17
4216.09	9013.89
4215.16	9097.97
4214.23	8991.95
4213.29	9089.39
4212.36	9103.83
4211.42	9054.05
4210.49	9041.74
4209.55	9010.71
4208.62	9134.8
4207.68	8967.41
4206.75	9048.68
4205.81	9148.64
4204.88	9184.42
4203.94	8942.33
4203.01	9157.12
4202.07	9110.08
4201.13	9284.71
4200.2	9216.31
4199.26	8934.39
4198.32	9253.06
4197.39	9200.72
4196.45	9436.53
4195.51	9269.47
4194.58	9222.48
4193.64	9407.5
4192.7	9325.84
4191.76	9201.57
4190.82	9431.79
4189.89	9363.5
4188.95	9175.34
4188.01	9205.67
4187.07	9403.78
4186.13	9332.87
4185.19	9397.77
4184.25	9332.21
4183.31	9279.98
4182.37	9408.71
4181.43	9388.41
4180.49	9517.08
4179.55	9289.33
4178.61	9364.79
4177.67	9286.02
4176.73	9417.27
4175.79	9322.58
4174.85	9687.59
4173.91	9348.48
4172.97	9442.43
4172.03	9586.81
4171.09	9529.35
4170.14	9432.08
4169.2	9581.69
4168.26	9372.99
4167.32	9496.02
4166.38	9595.13
4165.43	9328.19
4164.49	9488.29
4163.55	9470.69
4162.6	9389.48
4161.66	9443.46
4160.72	9566.32
4159.77	9564.62
4158.83	9491.39
4157.89	9492.35
4156.94	9352.95
4156	9518.08
4155.05	9439.62
4154.11	9686.72
4153.16	9438.9
4152.22	9410.76
4151.27	9512.24
4150.33	9544.92
4149.38	9635.77
4148.44	9623.48
4147.49	9378.57
4146.55	9622.68
4145.6	9536.41
4144.65	9746.06
4143.71	9575.27
4142.76	9526.02
4141.81	9426.62
4140.87	9427.58
4139.92	9576.35
4138.97	9564.08
4138.03	9509.6
4137.08	9418.2
4136.13	9630.17
4135.18	9926.46
4134.23	9460.62
4133.29	9593.38
4132.34	9633.83
4131.39	9782.33
4130.44	9654.1
4129.49	9597.06
4128.54	9790.25
4127.59	9648.93
4126.64	9557.68
4125.69	9779.74
4124.74	9846.42
4123.79	9702.56
4122.84	9724.5
4121.89	9699.09
4120.94	9689.46
4119.99	9608.84
4119.04	9693.88
4118.09	9765.75
4117.14	9774.52
4116.19	9741.24
4115.24	9602.87
4114.28	9698.35
4113.33	9712.37
4112.38	9687
4111.43	9653.76
4110.48	9862.03
4109.52	9807.77
4108.57	9903.11
4107.62	9628.48
4106.66	9671.35
4105.71	9803.37
4104.76	9953.7
4103.8	9852.3
4102.85	9971.11
4101.9	9817.32
4100.94	9844.38
4099.99	10088.9
4099.03	10042.5
4098.08	9983.13
4097.12	10004.9
4096.17	9890.54
4095.21	9841.66
4094.26	9902.7
4093.3	9879.99
4092.35	9810.21
4091.39	9695.98
4090.44	9631.48
4089.48	10011.5
4088.52	9800.56
4087.57	9665.5
4086.61	10000.9
4085.65	10085.3
4084.7	10093.9
4083.74	9877.96
4082.78	9844.86
4081.82	9916.2
4080.87	9799.56
4079.91	10215.4
4078.95	10114.4
4077.99	9851.68
4077.03	9933.39
4076.08	9866.4
4075.12	10094.1
4074.16	10094.9
4073.2	10041
4072.24	10143.4
4071.28	10125.9
4070.32	10009.5
4069.36	9921.74
4068.4	9912.14
4067.44	10136.9
4066.48	9971.06
4065.52	9925.02
4064.56	9998.71
4063.6	9898.04
4062.64	10052.4
4061.68	10295
4060.72	10046.1
4059.75	10189.9
4058.79	10060.7
4057.83	10100.5
4056.87	10015.5
4055.91	10138.5
4054.94	10100.3
4053.98	10124.4
4053.02	10073.3
4052.06	10214.2
4051.09	10067
4050.13	10008.1
4049.17	10258
4048.2	10251
4047.24	10083.1
4046.27	10260.3
4045.31	10336.2
4044.35	10191.8
4043.38	10096.6
4042.42	10141.5
4041.45	10126.7
4040.49	10210.4
4039.52	10198.2
4038.56	10338.8
4037.59	10357.6
4036.63	10182.3
4035.66	10172.7
4034.69	10137.2
4033.73	10363.1
4032.76	10138.7
4031.8	10113.6
4030.83	10378.2
4029.86	10484.9
4028.89	10211.6
4027.93	10284.7
4026.96	10373.3
4025.99	10355.9
4025.02	10364.4
4024.06	10390.9
4023.09	10528.5
4022.12	10503.4
4021.15	10385.3
4020.18	10533.2
4019.21	10301.6
4018.25	10261
4017.28	10432
4016.31	10275.4
4015.34	10387
4014.37	10230.4
4013.4	10344.6
4012.43	10324.7
4011.46	10364
4010.49	10650.7
4009.52	10272.7
4008.55	10379
4007.58	10263.9
4006.6	10540.1
4005.63	10355.4
4004.66	10706.1
4003.69	10351.7
4002.72	10257.2
4001.75	10499.7
4000.77	10611
3999.8	10555
3998.83	10476
3997.86	10517.8
3996.88	10364.3
3995.91	10580.8
3994.94	10260.4
3993.96	10484.5
3992.99	10510.9
3992.02	10403.7
3991.04	10620.1
3990.07	10597.6
3989.1	10618.8
3988.12	10596.3
3987.15	10635.5
3986.17	10505.3
3985.2	10575.2
3984.22	10591.2
3983.25	10627.8
3982.27	10379.8
3981.3	10442
3980.32	10540
3979.34	10581.7
3978.37	10577.2
3977.39	10575.3
3976.41	10529.9
3975.44	10571.5
3974.46	10531.2
3973.48	10536.9
3972.51	10593.9
3971.53	10753.1
3970.55	10804.9
3969.57	10616.3
3968.6	10619.4
3967.62	10615
3966.64	10393.3
3965.66	10611.1
3964.68	10455.9
3963.7	10752.9
3962.73	10633.5
3961.75	10608.6
3960.77	10570.9
3959.79	10609.8
3958.81	10658.9
3957.83	10560.1
3956.85	10724
3955.87	10650.6
3954.89	10526.3
3953.91	10672.2
3952.93	10632.1
3951.94	10716.8
3950.96	10531.4
3949.98	10544.8
3949	10629.5
3948.02	10569
3947.04	10735.1
3946.06	10654.2
3945.07	10441
3944.09	10820.9
3943.11	10610.3
3942.13	10745.7
3941.14	10555.6
3940.16	10668.1
3939.18	10699.2
3938.19	10829.5
3937.21	10748.7
3936.23	10789.9
3935.24	10526.3
3934.26	10831.8
3933.27	10804.4
3932.29	10868.5
3931.3	10607.5
3930.32	10724.9
3929.33	10717.9
3928.35	10759.1
3927.36	10873.8
3926.38	10684.1
3925.39	10771
3924.41	10670.1
3923.42	10729
3922.43	10653.6
3921.45	10813.8
3920.46	10690.3
3919.47	10774.4
3918.49	10509.1
3917.5	10768
3916.51	10700.2
3915.52	10751.4
3914.54	10921.6
3913.55	10734.9
3912.56	10935.3
3911.57	10774
3910.58	10696.1
3909.6	10939.5
3908.61	10897
3907.62	10887.5
3906.63	10726.3
3905.64	10815.3
3904.65	10891.7
3903.66	10793.7
3902.67	10993.8
3901.68	10666
3900.69	10772.7
3899.7	11098.8
3898.71	10599.6
3897.72	10784.4
3896.73	10840.5
3895.74	10798.2
3894.74	10685.2
3893.75	10834.6
3892.76	10905.7
3891.77	11115.5
3890.78	10833.7
3889.79	10897.3
3888.79	10930.5
3887.8	10837.9
3886.81	10979.4
3885.81	10705.5
3884.82	10889.9
3883.83	10895.4
3882.83	10568.8
3881.84	10846.2
3880.85	10806.5
3879.85	10797
3878.86	10744.7
3877.86	11132.4
3876.87	10607.6
3875.88	10811.7
3874.88	11005.7
3873.89	10785.2
3872.89	10883.7
3871.89	10846.5
3870.9	10784.3
3869.9	10865.2
3868.91	10637.3
3867.91	10796
3866.91	10751.3
3865.92	10729.3
3864.92	11063.4
3863.92	10948.6
3862.93	11014.3
3861.93	10924.5
3860.93	10965.1
3859.93	10910.5
3858.94	10855.9
3857.94	10924.1
3856.94	10786.8
3855.94	10912.6
3854.94	10933.1
3853.94	10768.4
3852.95	10774
3851.95	10864.6
3850.95	10790.1
3849.95	10880.6
3848.95	10776.1
3847.95	10861.7
3846.95	10859.7
3845.95	11097.6
3844.95	11025.6
3843.95	10776.3
3842.95	10879.2
3841.95	10739.9
3840.94	10950.2
3839.94	10848.3
3838.94	10971.1
3837.94	10911.7
3836.94	10852.3
3835.94	10743.1
3834.93	10638.8
3833.93	10756.6
3832.93	10889.3
3831.93	10852.4
3830.92	10967.6
3829.92	10868.4
3828.92	10913.7
3827.91	10792.1
3826.91	10877.4
3825.91	10770.8
3824.9	10895.8
3823.9	10906.2
3822.89	10759.9
3821.89	10879.9
3820.88	11084.4
3819.88	10895.8
3818.87	10856.5
3817.87	11075.8
3816.86	10785.4
3815.86	10780.9
3814.85	10731.7
3813.84	10608
3812.84	10660.7
3811.83	10783
3810.83	11066.6
3809.82	10796.4
3808.81	10901.2
3807.8	10857
3806.8	10902.1
3805.79	10776.1
3804.78	11044.5
3803.77	10796.9
3802.77	10956.2
3801.76	10934.3
3800.75	10910
3799.74	10930.3
3798.73	10913.4
3797.72	10936.2
3796.71	10773.2
3795.7	10773.7
3794.69	10920.3
3793.68	10970.3
3792.67	10911.3
3791.66	11000.9
3790.65	10989
3789.64	10974.6
3788.63	11049.3
3787.62	10871.7
3786.61	10946.3
3785.6	11033.3
3784.59	11127.7
3783.58	10814.3
3782.56	10893.8
3781.55	11047.5
3780.54	10919.5
3779.53	10833.5
3778.52	10769.8
3777.5	10940.6
3776.49	11007.7
3775.48	10907
3774.46	11188.7
3773.45	11031.3
3772.44	11004.6
3771.42	10916.2
3770.41	11077
3769.39	11092.2
3768.38	11149.3
3767.36	11078.2
3766.35	11039.3
3765.34	10928.9
3764.32	11197.7
3763.3	11045.5
3762.29	11267.5
3761.27	10943
3760.26	11076.3
3759.24	10993.1
3758.23	10996
3757.21	11080
3756.19	10770.6
3755.18	11186.6
3754.16	11317.3
3753.14	11302.9
3752.12	11386.9
3751.11	11089.9
3750.09	11124.8
3749.07	11216
3748.05	11145.2
3747.03	11101.4
3746.02	11106.8
3745	11332.9
3743.98	11272
3742.96	11252.7
3741.94	11150.1
3740.92	11334.4
3739.9	11074.9
3738.88	11256.7
3737.86	11213
3736.84	11240.3
3735.82	11275
3734.8	11297.4
3733.78	11241.4
3732.76	11249.2
3731.74	11327.9
3730.71	11289.1
3729.69	11262.5
3728.67	11174.8
3727.65	11434.5
3726.63	11283.2
3725.61	11361.8
3724.58	11438
3723.56	11367.4
3722.54	11580.4
3721.51	11231.3
3720.49	11432
3719.47	11532.5
3718.44	11383.8
3717.42	11574.6
3716.4	11316.2
3715.37	11345.8
3714.35	11597.5
3713.32	11407.5
3712.3	11473.7
3711.27	11481.4
3710.25	11335.4
3709.22	11501.5
3708.2	11404.3
3707.17	11550.9
3706.15	11453.7
3705.12	11439.4
3704.09	11571.3
3703.07	11371.9
3702.04	11535.4
3701.01	11501.6
3699.99	11640.7
3698.96	11441.4
3697.93	11456.3
3696.9	11522.3
3695.88	11398.5
3694.85	11384.3
3693.82	11642.4
3692.79	11579.4
3691.76	11426.6
3690.74	11456.1
3689.71	11483.1
3688.68	11507.7
3687.65	11593
3686.62	11518
3685.59	11586.3
3684.56	11598.7
3683.53	11424.3
3682.5	11715.8
3681.47	11611.7
3680.44	11561.1
3679.41	11605
3678.38	11610.1
3677.34	11523.1
3676.31	11651.9
3675.28	11630.4
3674.25	11579.7
3673.22	11669.7
3672.19	11575.5
3671.15	11747.7
3670.12	11631.7
3669.09	11583.6
3668.06	11569.3
3667.02	11647
3665.99	11693.3
3664.96	11824.2
3663.92	11790.5
3662.89	11986.6
3661.85	11737.8
3660.82	11597.9
3659.79	11784.2
3658.75	11830.4
3657.72	11854.8
3656.68	11958.8
3655.65	11862.4
3654.61	12002.7
3653.57	11819.4
3652.54	11928.3
3651.5	11725.8
3650.47	11798.4
3649.43	11716.6
3648.39	11830.2
3647.36	11741.2
3646.32	11710.1
3645.28	11826
3644.25	11558.7
3643.21	11761.4
3642.17	11684.5
3641.13	11836.5
3640.09	11865.6
3639.06	11942.9
3638.02	11897.4
3636.98	11837.4
3635.94	12037.3
3634.9	12128.9
3633.86	11816.4
3632.82	11968.1
3631.78	11838.4
3630.74	11893.9
3629.7	11995.1
3628.66	11952
3627.62	12230.9
3626.58	12108.6
3625.54	11928.6
3624.5	12128.1
3623.46	12152.2
3622.42	12133.2
3621.38	12092.5
3620.33	11994.3
3619.29	12030.4
3618.25	11898.7
3617.21	11858.1
3616.17	12165.2
3615.12	12067.1
3614.08	11933
3613.04	12074.6
3611.99	11988.5
3610.95	12003
3609.91	11996
3608.86	11943.5
3607.82	11958
3606.77	12223.9
3605.73	12125.9
3604.69	12085.4
3603.64	12035.3
3602.6	11982.8
3601.55	11786.8
3600.5	12069.2
3599.46	12052.6
3598.41	12150.8
3597.37	12007.5
3596.32	12160.6
3595.27	12043.6
3594.23	11912.4
3593.18	11941.3
3592.13	12251.8
3591.09	12135
3590.04	12022.9
3588.99	12066
3587.94	12116.3
3586.9	11780
3585.85	12104.6
3584.8	12057
3583.75	12083.4
3582.7	12035.9
3581.65	12057.5
3580.6	12038.5
3579.56	12062.5
3578.51	12138.9
3577.46	11955.6
3576.41	12029.6
3575.36	11989.2
3574.31	11979.9
3573.26	12037.1
3572.2	12120.5
3571.15	12272.9
3570.1	12023.3
3569.05	12111.4
3568	12113.9
3566.95	12076
3565.9	12133.1
3564.84	12023.9
3563.79	12128.6
3562.74	12107.4
3561.69	12150.2
3560.63	12216.8
3559.58	12240.7
3558.53	12226.5
3557.47	12022.5
3556.42	12141.3
3555.37	11875.7
3554.31	12015.8
3553.26	12110.8
3552.2	12163
3551.15	12160.8
3550.09	11978.4
3549.04	11838.7
3547.98	12244
3546.93	12154.1
3545.87	12267.8
3544.82	12133
3543.76	12272.7
3542.71	12102.4
3541.65	12149.8
3540.59	12048.2
3539.54	12301.4
3538.48	12263.6
3537.42	12256.6
3536.36	12100.7
3535.31	12301.7
3534.25	12332.5
3533.19	12065.5
3532.13	12238.1
3531.07	12221.6
3530.02	12084.7
3528.96	12174.6
3527.9	12101.5
3526.84	12290.4
3525.78	12205.5
3524.72	12222.1
3523.66	11983.9
3522.6	12085.4
3521.54	12245.9
3520.48	12073.9
3519.42	12217.7
3518.36	12133
3517.3	12314.5
3516.24	12149.6
3515.17	12378.2
3514.11	12138
3513.05	12305.3
3511.99	12142.9
3510.93	12385.4
3509.87	12272.5
3508.8	12046.7
3507.74	12190.3
3506.68	12237.4
3505.61	12225.7
3504.55	12157.6
3503.49	12223.5
3502.42	12470.3
3501.36	12280
3500.3	12402.2
3499.23	12343.5
3498.17	12270.7
3497.1	12306
3496.04	12324.8
3494.97	12331.9
3493.91	12479.8
3492.84	12475.1
3491.77	12252.3
3490.71	12266.4
3489.64	12170.3
3488.58	12287.6
3487.51	12468.1
3486.44	12254.8
3485.38	12402.5
3484.31	12271.3
3483.24	12575.9
3482.17	12255
3481.11	12423.7
3480.04	12358.1
3478.97	12456.4
3477.9	12201.4
3476.83	12419
3475.77	12405
3474.7	12482.2
3473.63	12416.7
3472.56	12526.6
3471.49	12339.6
3470.42	12346.6
3469.35	12232.1
3468.28	12311.6
3467.21	12180.8
3466.14	12505.5
3465.07	12423.8
3464	12307
3462.92	12258.1
3461.85	12309.4
3460.78	12435.4
3459.71	12316.5
3458.64	12118.2
3457.57	12283.9
3456.49	12332.8
3455.42	12321.2
3454.35	12211.7
3453.28	12430.7
3452.2	12202.4
3451.13	12151.2
3450.06	12398.1
3448.98	12260.7
3447.91	12360.9
3446.83	12484.2
3445.76	12465.6
3444.68	12488.8
3443.61	12119
3442.53	12267.9
3441.46	12586.4
3440.38	12272.5
3439.31	12423.6
3438.23	12353.9
3437.16	12226.1
3436.08	12379.5
3435	12346.9
3433.93	12223.9
3432.85	12490.9
3431.77	12377.1
3430.7	12214.6
3429.62	12363.2
3428.54	12363.2
3427.46	12261.1
3426.39	12560.3
3425.31	12191.6
3424.23	12326
3423.15	12321.4
3422.07	12270.4
3420.99	12291.3
3419.91	12194
3418.83	12367.7
3417.75	12323.7
3416.68	12372.3
3415.6	12323.7
3414.51	12413.9
3413.43	12191.8
3412.35	12233.4
3411.27	12245
3410.19	12277.4
3409.11	12469.3
3408.03	12353.7
3406.95	12319
3405.87	12157.2
3404.78	12455.3
3403.7	12409
3402.62	12194.2
3401.54	12316.6
3400.45	12279.7
3399.37	12466.6
3398.29	12475.8
3397.2	12254.3
3396.12	12305
3395.04	12231.2
3393.95	12477.9
3392.87	12265.8
3391.78	12242.7
3390.7	12454.7
3389.61	12139
3388.53	12339.4
3387.44	12583.6
3386.36	12555.9
3385.27	12629.5
3384.19	12535
3383.1	12316.3
3382.01	12389.9
3380.93	12320.8
3379.84	12596.9
3378.75	12399
3377.67	12424.2
3376.58	12325.3
3375.49	12442.5
3374.4	12495.3
3373.31	12362
3372.23	12366.6
3371.14	12515.8
3370.05	12322.8
3368.96	12341.2
3367.87	12295.2
3366.78	12476.5
3365.69	12545.3
3364.6	12318.1
3363.51	12439.6
3362.42	12359.3
3361.33	12476.2
3360.24	12194.1
3359.15	12343.1
3358.06	12560.8
3356.97	12379.7
3355.88	12507.9
3354.79	12411.6
3353.69	12565
3352.6	12622.2
3351.51	12480.1
3350.42	12599.1
3349.33	12525.8
3348.23	12477.6
3347.14	12386.1
3346.05	12530.1
3344.95	12671.7
3343.86	12267
3342.77	12651
3341.67	12655.4
3340.58	12406.3
3339.48	12266.8
3338.39	12502.1
3337.29	12458.6
3336.2	12399.1
3335.1	12547.4
3334.01	12739.1
3332.91	12556.4
3331.82	12563.1
3330.72	12455.8
3329.62	12562.9
3328.53	12309.7
3327.43	12571.8
3326.33	12662.9
3325.24	12460
3324.14	12674
3323.04	12582.8
3321.94	12648.7
3320.85	12566.6
3319.75	12625.7
3318.65	12452.6
3317.55	12764.3
3316.45	12659.5
3315.35	12591.1
3314.25	12422.7
3313.16	12529.5
3312.06	12627.2
3310.96	12517.9
3309.86	12492.8
3308.76	12670
3307.66	12651.6
3306.55	12735.6
3305.45	12565.1
3304.35	12744.3
3303.25	12737.4
3302.15	12907.5
3301.05	12635
3299.95	12761.9
3298.84	12607.5
3297.74	12686.7
3296.64	12650.3
3295.54	12545.9
3294.43	12446
3293.33	12611.4
3292.23	12665.6
3291.12	12606.6
3290.02	12380
3288.92	12552
3287.81	12656
3286.71	12685.3
3285.6	12664.8
3284.5	12567.3
3283.39	12809.3
3282.29	12641.7
3281.18	12585
3280.08	12919.5
3278.97	12645.8
3277.86	12894.3
3276.76	12799.2
3275.65	12916.5
3274.54	12934.3
3273.44	12776
3272.33	12755.5
3271.22	12556.7
3270.12	12911
3269.01	12709.9
3267.9	12800
3266.79	12935.2
3265.68	12889.8
3264.57	12756.6
3263.47	12801.5
3262.36	12704.4
3261.25	12967.9
3260.14	12866.3
3259.03	12951.7
3257.92	12967.3
3256.81	13190
3255.7	13095.2
3254.59	12939.6
3253.48	12982.1
3252.37	13033.7
3251.25	13132.4
3250.14	13134.4
3249.03	13170.2
3247.92	13271.1
3246.81	13093.2
3245.69	12946.8
3244.58	13077
3243.47	13047.5
3242.36	12926
3241.24	13109.9
3240.13	13100.7
3239.02	13084.7
3237.9	13167.5
3236.79	13180.7
3235.68	13128.8
3234.56	13231.8
3233.45	13242.7
3232.33	13262.6
3231.22	13197.3
3230.1	13176.8
3228.99	13275.2
3227.87	13165.1
3226.75	13413.5
3225.64	13198.1
3224.52	13473.3
3223.41	13197.6
3222.29	13430.1
3221.17	13373.8
3220.05	13391.4
3218.94	13158.4
3217.82	13444.4
3216.7	13258.5
3215.58	13403.5
3214.47	13521.7
3213.35	13224.1
3212.23	13590.3
3211.11	13462.6
3209.99	13556
3208.87	13522.2
3207.75	13537.5
3206.63	13463.4
3205.51	13371.6
3204.39	13507.4
3203.27	13515.9
3202.15	13649.5
3201.03	13682.5
3199.91	13575.1
3198.79	13775.4
3197.67	13746
3196.55	13611.9
3195.42	13622.7
3194.3	13499.7
3193.18	13844.7
3192.06	13717.3
3190.93	13839.4
3189.81	13767.7
3188.69	13802.9
3187.56	13969.4
3186.44	13915.5
3185.32	14068.6
3184.19	13872.4
3183.07	13867.5
3181.94	13958.2
3180.82	13931.1
3179.7	14041.8
3178.57	13752.4
3177.44	13989.8
3176.32	14142.6
3175.19	13946.6
3174.07	13817.4
3172.94	14241
3171.82	14085.1
3170.69	14073.5
3169.56	13982.1
3168.43	14141.3
3167.31	14105.4
3166.18	14031.7
3165.05	14086.6
3163.92	13902.2
3162.8	14019.2
3161.67	14049.7
3160.54	14093.6
3159.41	13993.4
3158.28	14276.4
3157.15	14147.4
3156.02	14246.5
3154.89	14343.4
3153.76	14006.5
3152.63	14156.5
3151.5	14105.1
3150.37	14215.2
3149.24	14150.5
3148.11	14342.4
3146.98	14417
3145.85	14478.3
3144.72	14261.2
3143.59	14459.5
3142.45	14536.2
3141.32	14526.8
3140.19	14415.8
3139.06	14265.2
3137.92	14377.2
3136.79	14279.5
3135.66	14270.2
3134.52	14534.3
3133.39	14502.8
3132.26	14678.6
3131.12	14730.9
3129.99	14706
3128.85	14491.7
3127.72	14398.6
3126.58	14845.1
3125.45	14487.7
3124.31	14595
3123.18	14726.5
3122.04	14536.6
3120.9	14626.2
3119.77	14676.2
3118.63	14921.9
3117.49	14747.5
3116.36	14775.5
3115.22	14823.2
3114.08	14802.7
3112.95	14828.5
3111.81	14770.7
3110.67	15180.8
3109.53	14861.6
3108.39	14898.3
3107.25	15066.6
3106.11	15044
3104.98	15049.9
3103.84	15191.8
3102.7	15230.5
3101.56	15104.8
3100.42	15189.6
3099.28	15263.4
3098.14	14949.2
3096.99	15290.4
3095.85	15320.3
3094.71	15422.5
3093.57	15601.3
3092.43	15164.7
3091.29	15372
3090.15	15485
3089	15466.7
3087.86	15643.2
3086.72	15594.2
3085.57	15381.2
3084.43	15511.7
3083.29	15405.9
3082.14	15481.6
3081	15618.5
3079.86	15980.4
3078.71	15782.9
3077.57	15681.6
3076.42	15833.6
3075.28	15917.9
3074.13	15812.2
3072.99	15783
3071.84	15777.7
3070.7	15809.6
3069.55	15837.1
3068.4	16032.5
3067.26	15850.6
3066.11	16111.3
3064.96	15960
3063.82	16092
3062.67	16032.3
3061.52	16170.8
3060.37	16117.5
3059.23	16051.3
3058.08	16102.6
3056.93	16164.8
3055.78	16144.3
3054.63	16023.6
3053.48	16194.6
3052.33	15884.8
3051.18	16127.4
3050.03	16226.5
3048.88	16197.3
3047.73	16194.1
3046.58	16593
3045.43	16496.4
3044.28	16456.3
3043.13	16422.7
3041.98	16567.1
3040.83	16579.1
3039.68	16630.2
3038.52	16503.3
3037.37	16474
3036.22	16648.7
3035.07	16398.3
3033.91	16646.6
3032.76	16745.3
3031.61	16718.2
3030.45	17068.2
3029.3	16902.4
3028.14	16851.5
3026.99	17036.6
3025.84	17187.1
3024.68	17032.2
3023.53	17002.9
3022.37	17060.2
3021.22	17102.4
3020.06	17200.7
3018.9	17013.5
3017.75	17287
3016.59	17270.7
3015.44	17304.1
3014.28	17186.2
3013.12	17440
3011.96	17333
3010.81	17504.5
3009.65	17334.9
3008.49	17372.5
3007.33	17470.6
3006.18	17672.3
3005.02	17539.4
3003.86	17853.1
3002.7	17618.8
3001.54	17542.1
3000.38	17629.3
2999.22	17770.3
2998.06	17781.9
2996.9	17780.6
2995.74	17932.3
2994.58	17905.1
2993.42	18024.4
2992.26	18255.6
2991.1	18157.3
2989.94	18164.6
2988.77	17969.5
2987.61	18095.1
2986.45	18214.2
2985.29	18103.1
2984.12	18325.4
2982.96	18545.5
2981.8	18397.8
2980.64	18286.8
2979.47	18367
2978.31	18548.2
2977.14	18568.2
2975.98	18463.7
2974.82	18543.9
2973.65	18690.5
2972.49	18828.5
2971.32	18698.3
2970.16	18795.5
2968.99	19107.1
2967.82	18848.2
2966.66	18647.3
2965.49	19068.1
2964.33	18980.8
2963.16	18975
2961.99	18997
2960.83	19038.3
2959.66	18968.2
2958.49	19137.9
2957.32	19269.1
2956.15	19310.3
2954.99	19494.8
2953.82	19304.9
2952.65	19519.3
2951.48	19598.9
2950.31	19383.4
2949.14	19418.1
2947.97	19474.2
2946.8	19737.5
2945.63	19778.5
2944.46	19732
2943.29	19834.9
2942.12	20014.7
2940.95	19829.3
2939.78	19893.7
2938.61	19962.4
2937.44	19935.1
2936.26	20180.8
2935.09	19961.4
2933.92	20172.9
2932.75	20130.6
2931.57	20254.6
2930.4	20161.1
2929.23	20359.6
2928.05	20385.5
2926.88	20447.5
2925.71	20345.6
2924.53	20492.8
2923.36	20667.6
2922.18	20523.1
2921.01	20753.1
2919.83	20653.3
2918.66	20662.1
2917.48	20906.9
2916.31	21058
2915.13	21015.6
2913.95	21039.1
2912.78	20771.5
2911.6	21077.7
2910.42	21339.1
2909.25	21016.3
2908.07	21188.5
2906.89	21207.7
2905.71	21144.1
2904.54	21116.6
2903.36	21424.4
2902.18	21199.6
2901	21365.1
2899.82	21356.7
2898.64	21547.6
2897.46	21437.4
2896.28	21568.8
2895.1	21691.7
2893.92	21369.7
2892.74	21651.5
2891.56	21653.6
2890.38	21600.7
2889.2	21767.9
2888.02	21367.9
2886.84	21702.2
2885.65	21888.4
2884.47	21628.2
2883.29	21892.5
2882.11	21850.2
2880.92	21922
2879.74	21714.8
2878.56	22150.1
2877.38	22006.3
2876.19	22234.3
2875.01	22219.4
2873.82	22056.7
2872.64	22550.6
2871.45	22176.8
2870.27	22328.6
2869.08	22233.5
2867.9	22130
2866.71	22372.4
2865.53	22256.3
2864.34	22412.2
2863.16	22256
2861.97	22346.5
2860.78	22603.3
2859.6	22394.6
2858.41	22468.1
2857.22	22381.6
2856.03	22899.3
2854.85	22581.2
2853.66	22679.9
2852.47	22437.7
2851.28	22687.8
2850.09	23114.5
2848.9	22462.3
2847.71	22752.2
2846.52	22743.6
2845.34	22713.9
2844.15	22827.1
2842.96	23001.2
2841.76	22864.3
2840.57	23113.9
2839.38	23065.3
2838.19	22876.1
2837	23157
2835.81	23083.2
2834.62	22990.6
2833.43	23141.2
2832.23	23155.6
2831.04	23222.3
2829.85	23307.9
2828.65	23188
2827.46	23191.9
2826.27	23373.7
2825.07	23375.4
2823.88	23636.8
2822.69	23494
2821.49	23269.6
2820.3	23597.7
2819.1	23565.9
2817.91	23414.8
2816.71	23910.1
2815.52	23483
2814.32	23762.7
2813.13	23814.5
2811.93	23732.5
2810.73	23872
2809.54	23911.1
2808.34	23745.6
2807.14	23933.1
2805.94	23953.4
2804.75	23794.2
2803.55	23966.9
2802.35	23872.5
2801.15	23993
2799.95	24119.7
2798.75	24083.6
2797.56	24041.4
2796.36	23974.1
2795.16	24142.3
2793.96	24306.4
2792.76	24051.6
2791.56	24242.6
2790.36	24085.9
2789.16	24347.6
2787.95	24170
2786.75	24606.5
2785.55	24374.8
2784.35	24561.4
2783.15	24252.9
2781.95	24287.7
2780.74	24727.8
2779.54	24621.1
2778.34	24572.6
2777.13	24449.3
2775.93	24872.4
2774.73	24653.6
2773.52	24740.1
2772.32	24710.3
2771.12	24717.9
2769.91	24773.2
2768.71	24780.8
2767.5	25035.2
2766.3	24963.9
2765.09	25062.7
2763.89	25095.1
2762.68	25175.1
2761.47	24956.7
2760.27	25208.7
2759.06	24930.2
2757.85	25312.7
2756.65	25278.7
2755.44	25346.2
2754.23	25583.4
2753.02	25354.8
2751.81	25449.1
2750.61	25468.9
2749.4	25703.8
2748.19	25715.3
2746.98	25520
2745.77	25847.8
2744.56	25646.3
2743.35	25889.2
2742.14	25822.1
2740.93	26114.5
2739.72	25873.9
2738.51	25695.3
2737.3	26156.8
2736.09	26147.5
2734.88	25911.2
2733.66	26009.2
2732.45	26241.3
2731.24	26452.7
2730.03	26226.8
2728.82	26217.5
2727.6	26309.2
2726.39	26184.5
2725.18	26249.4
2723.96	26380.1
2722.75	26267.8
2721.53	26307.9
2720.32	26504.5
2719.11	26233.7
2717.89	26605.1
2716.68	26412.6
2715.46	26351.8
2714.25	26451.5
2713.03	26621
2711.81	26833.7
2710.6	26557.1
2709.38	26644.3
2708.16	26893.8
2706.95	26672.8
2705.73	26696.2
2704.51	26606.7
2703.29	26806.8
2702.08	26992.4
2700.86	26792.1
2699.64	27014.5
2698.42	26941.4
2697.2	27083.8
2695.98	27277.3
2694.76	27124.3
2693.54	26969.3
2692.32	27267.2
2691.1	27173.7
2689.88	27373.2
2688.66	27107.7
2687.44	27341.9
2686.22	27428.6
2685	27318.7
2683.78	27063.6
2682.56	27473.6
2681.33	27541.8
2680.11	27546.6
2678.89	27575.9
2677.67	27429.3
2676.44	27497.5
2675.22	27645.3
2674	27909.5
2672.77	27830.4
2671.55	27551.2
2670.33	27609.1
2669.1	27619.9
2667.88	27779.8
2666.65	27727.3
2665.43	27872.8
2664.2	27771.4
2662.97	27796.5
2661.75	27807.2
2660.52	28034.1
2659.3	28185.5
2658.07	27915
2656.84	27931.9
2655.62	27816.3
2654.39	27696.7
2653.16	28332.7
2651.93	27834.3
2650.7	28242
2649.48	28093.9
2648.25	28216.5
2647.02	28457.1
2645.79	28427
2644.56	28220
2643.33	28403.5
2642.1	28381.6
2640.87	28130
2639.64	28274.8
2638.41	28409.3
2637.18	28432.1
2635.95	28365.5
2634.72	28757.8
2633.48	28541
2632.25	29030.5
2631.02	28683.9
2629.79	28874.9
2628.56	28788
2627.32	28612
2626.09	28784.7
2624.86	28896.5
2623.62	29063
2622.39	29016.7
2621.16	29132.5
2619.92	29035.5
2618.69	29062.2
2617.45	29210.2
2616.22	29026.3
2614.98	29322.1
2613.75	29253.5
2612.51	29065.6
2611.27	29071.9
2610.04	29238
2608.8	29135.1
2607.57	29313.3
2606.33	29066.9
2605.09	29384.4
2603.85	29360.4
2602.62	29655.5
2601.38	29265.9
2600.14	29647.7
2598.9	29557
2597.66	29254.4
2596.42	29763.1
2595.18	29684.5
2593.94	29856.1
2592.71	29670.7
2591.47	29453
2590.23	29824.1
2588.98	29798
2587.74	30027.8
2586.5	29955.3
2585.26	29959.4
2584.02	30120.6
2582.78	30166.9
2581.54	30193.1
2580.29	29989.8
2579.05	30046.2
2577.81	30124.7
2576.57	30062.4
2575.32	30046.3
2574.08	30386.1
2572.84	30279.5
2571.59	30138.8
2570.35	30058.4
2569.1	30339.7
2567.86	30506.4
2566.61	30269.4
2565.37	30172.9
2564.12	30403.8
2562.88	30447.9
2561.63	30391.6
2560.39	30493.9
2559.14	30463.7
2557.89	30483.7
2556.65	30379.3
2555.4	30509.6
2554.15	30697.9
2552.9	30587.5
2551.66	30463.2
2550.41	30643.4
2549.16	30661.3
2547.91	30627.1
2546.66	30781.1
2545.41	30857
2544.16	30808.8
2542.91	30510.5
2541.66	30778.4
2540.41	30782.3
2539.16	31076
2537.91	30698
2536.66	31049.6
2535.41	30811.5
2534.16	30711.5
2532.91	30759.2
2531.66	30946.8
2530.4	30976.5
2529.15	31024.2
2527.9	30848.3
2526.65	30824.2
2525.39	30949.7
2524.14	31156.9
2522.89	31280.3
2521.63	30921.1
2520.38	30912.9
2519.12	31090
2517.87	31167.5
2516.61	31376.4
2515.36	31103.2
2514.1	31405.6
2512.85	31293.8
2511.59	31126.3
2510.33	31378.7
2509.08	31487.8
2507.82	31274.6
2506.56	31403.6
2505.31	31367.5
2504.05	31625.6
2502.79	31523.8
2501.53	31428.1
2500.28	31439.6
2499.02	31473
2497.76	31488.6
2496.5	31295.6
2495.24	31670.5
2493.98	31481.5
2492.72	31651.8
2491.46	31357.7
2490.2	31690.6
2488.94	31347.1
2487.68	31741.3
2486.42	31616
2485.16	31631.4
2483.9	31589.4
2482.63	31757.4
2481.37	31604.4
2480.11	31736.7
2478.85	31132.3
2477.59	31605.2
2476.32	31331.6
2475.06	31683.5
2473.8	31598
2472.53	31522.4
2471.27	31480.4
2470	31610.5
2468.74	31722.8
2467.47	31726.3
2466.21	31743.6
2464.94	31780.7
2463.68	31438.4
2462.41	31704.7
2461.15	31489
2459.88	31652.4
2458.61	31417.1
2457.35	32040.2
2456.08	31903.6
2454.81	31849.8
2453.54	31516
2452.28	31894.1
2451.01	31542.7
2449.74	31640.8
2448.47	31707.4
2447.2	31649.7
2445.93	31574.4
2444.66	31666.5
2443.39	31725.1
2442.12	31929.3
2440.85	31393.4
2439.58	31589.8
2438.31	31967.1
2437.04	31765.9
2435.77	31651.3
2434.5	31609.5
2433.23	31929.5
2431.96	31551.6
2430.68	31904.8
2429.41	31491.7
2428.14	31772.1
2426.87	31769.6
2425.59	31957.6
2424.32	31925.6
2423.04	31726.8
2421.77	31859.7
2420.5	32051.4
2419.22	31880.2
2417.95	31952.2
2416.67	31900.6
2415.4	31694.3
2414.12	31623.2
2412.85	31793.1
2411.57	32110
2410.29	31688.2
2409.02	32050
2407.74	31886.9
2406.46	31586.8
2405.18	31335.8
2403.91	31572.1
2402.63	31865
2401.35	31588.6
2400.07	31638.9
2398.79	31466.4
2397.52	31747.3
2396.24	31402.8
2394.96	31371
2393.68	31661.6
2392.4	31594.7
2391.12	31426.2
2389.84	31568.2
2388.56	31622.3
2387.27	31565.2
2385.99	31633
2384.71	31253.9
2383.43	31312
2382.15	31605.9
2380.87	31268.1
2379.58	31359.2
2378.3	31391.9
2377.02	31662.2
2375.73	31542.8
2374.45	31357.2
2373.17	31271
2371.88	31192.6
2370.6	31369.3
2369.31	31403.8
2368.03	31228.1
2366.74	31550.6
2365.46	31454.7
2364.17	31467.8
2362.89	31391.4
2361.6	32042
2360.31	31495.3
2359.03	31642.4
2357.74	31342.6
2356.45	31831.5
2355.17	31372.6
2353.88	31502.1
2352.59	31548.2
2351.3	31421.4
2350.01	31343.3
2348.72	31790.8
2347.43	31437.2
2346.15	31430.8
2344.86	31517.5
2343.57	31956.9
2342.28	31586.1
2340.99	31699.8
2339.69	31780.5
2338.4	31650.1
2337.11	31548.8
2335.82	31534.7
2334.53	31487.6
2333.24	31516
2331.95	31592.8
2330.65	31683.1
2329.36	31545.2
2328.07	31589
2326.77	31760.4
2325.48	31630.3
2324.19	31940.8
2322.89	31787.4
2321.6	32001.2
2320.3	31699.2
2319.01	31312.4
2317.71	31560.8
2316.42	31604.6
2315.12	31422.6
2313.83	31609.1
2312.53	31745.4
2311.23	31526.8
2309.94	31645.7
2308.64	31672
2307.34	31573.1
2306.05	31792.1
2304.75	32038
2303.45	31636.6
2302.15	31532
2300.85	31712.3
2299.55	31447.9
2298.25	31572.4
2296.96	31579.4
2295.66	31209.4
2294.36	31653.1
2293.06	31631.2
2291.76	31788.2
2290.45	31520.3
2289.15	31329.4
2287.85	31576.6
2286.55	31700.8
2285.25	31644.4
2283.95	31626.5
2282.65	31522.1
2281.34	31675
2280.04	31810.5
2278.74	31583.4
2277.43	31811
2276.13	31509.1
2274.83	31560.2
2273.52	31555.7
2272.22	31750.5
2270.91	31571.6
2269.61	31465.5
2268.3	31752.1
2267	31866.3
2265.69	31486.4
2264.39	31623.6
2263.08	31774.1
2261.77	31436.5
2260.47	31854.8
2259.16	31836.9
2257.85	31751.9
2256.54	31839.1
2255.24	31739
2253.93	31572
2252.62	31580.8
2251.31	31723.3
2250	31489.6
2248.69	31509.9
2247.38	31669.5
2246.07	31243.1
2244.76	31616.5
2243.45	31589.1
2242.14	31410.9
2240.83	31431.2
2239.52	31741.3
2238.21	31639.5
2236.9	31673
2235.59	31596
2234.27	31602.9
2232.96	31366
2231.65	31725.2
2230.34	31648.3
2229.02	31386.7
2227.71	31789.5
2226.4	31362.4
2225.08	31434
2223.77	31496
2222.45	31409.7
2221.14	31336.7
2219.82	31269.5
2218.51	31428.4
2217.19	31275.7
2215.88	31744.2
2214.56	31494.6
2213.24	31812.9
2211.93	31521.6
2210.61	31558.8
2209.29	31389.1
2207.97	31321.9
2206.66	31237.7
2205.34	31330
2204.02	31604.2
2202.7	31408.1
2201.38	31270.9
2200.06	31219
2198.74	31180.4
2197.42	31427.8
2196.1	31241.4
2194.78	31615.7
2193.46	31393.3
2192.14	31581.9
2190.82	31352.1
2189.5	31186.7
2188.18	31324.1
2186.86	31052.9
2185.54	31233.7
2184.21	31355.8
2182.89	31368.3
2181.57	31407.2
2180.24	31126.8
2178.92	31264
2177.6	31255.7
2176.27	31362.5
2174.95	31680.8
2173.62	31166.6
2172.3	31445.1
2170.97	31410.4
2169.65	31515.2
2168.32	31440.8
2167	31117.6
2165.67	31588.1
2164.34	31664.6
2163.02	31496
2161.69	31335
2160.36	31405.8
2159.04	31418.2
2157.71	31513.4
2156.38	31533.3
2155.05	31609.6
2153.72	31484.6
2152.39	31446.1
2151.06	31655.9
2149.74	31348.5
2148.41	31635.4
2147.08	31581.9
2145.75	31519
2144.41	31875.1
2143.08	31840.4
2141.75	31454.5
2140.42	31635.8
2139.09	31456.5
2137.76	31703.4
2136.43	31591.8
2135.09	31718.5
2133.76	31901.4
2132.43	31782.3
2131.09	31755.2
2129.76	31883.6
2128.43	31618.4
2127.09	31774.9
2125.76	32056.9
2124.42	31494
2123.09	31991.2
2121.75	31964
2120.42	32069.8
2119.08	31992
2117.75	31934.9
2116.41	32038.7
2115.07	32103.2
2113.74	32111.5
2112.4	32065.6
2111.06	31763.7
2109.72	32095.4
2108.38	32064.5
2107.05	32164.3
2105.71	31929.8
2104.37	31940
2103.03	31774.8
2101.69	32050
2100.35	32008
2099.01	32092.8
2097.67	32319.3
2096.33	32239.9
2094.99	32121.4
2093.65	32170.7
2092.31	32095.1
2090.97	32047.4
2089.62	32249.5
2088.28	32429.1
2086.94	32238
2085.6	32471.6
2084.25	32127.9
2082.91	32266.4
2081.57	32553.8
2080.22	32171.2
2078.88	32151.6
2077.53	32407.1
2076.19	32432
2074.84	32345.4
2073.5	32336.8
2072.15	32581
2070.81	32505.5
2069.46	32599.1
2068.12	32670.3
2066.77	32873.4
2065.42	32577
2064.08	32371.7
2062.73	32706.4
2061.38	32426.9
2060.03	32576
2058.68	32485.8
2057.34	32341.9
2055.99	32663.3
2054.64	32506.4
2053.29	32416.3
2051.94	32831.9
2050.59	32788.1
2049.24	32735
2047.89	32798.6
2046.54	32806.6
2045.19	32881.2
2043.83	33039
2042.48	32875
2041.13	32823.8
2039.78	32789.2
2038.43	32934
2037.07	32829.2
2035.72	32763.3
2034.37	33103.8
2033.01	33176.4
2031.66	33032.8
2030.31	33027.8
2028.95	33137.3
2027.6	33322.3
2026.24	33036.8
2024.89	32847.3
2023.53	33157.7
2022.17	32946.2
2020.82	32930.1
2019.46	33251.4
2018.11	33028.9
2016.75	32856.2
2015.39	32805.2
2014.03	33137.2
2012.68	33137.7
2011.32	33138.2
2009.96	33469.9
2008.6	33071
2007.24	33180.1
2005.88	33449.1
2004.52	33624.2
2003.16	33370.8
2001.8	33477.8
2000.44	33682.2
1999.08	33395.9
1997.72	33194.3
1996.36	33417
1995	33298
1993.64	33381
1992.27	33559.5
1990.91	33636.9
1989.55	33685
1988.19	33828.4
1986.82	33990.1
1985.46	33566.8
1984.1	33996.1
1982.73	33741.6
1981.37	33747.4
1980	33579.1
1978.64	33993.4
1977.27	33667.7
1975.91	33951.8
1974.54	33866
1973.18	33904.7
1971.81	34265.5
1970.44	34073.6
1969.08	33962.2
1967.71	33925.9
1966.34	33876.8
1964.97	33920.9
1963.61	33879.1
1962.24	34038.3
1960.87	34080.5
1959.5	34047.9
1958.13	34009.7
1956.76	34223.5
1955.39	34201.8
1954.02	34192.8
1952.65	34269.6
1951.28	33859.4
1949.91	33894.3
1948.54	34355.8
1947.17	34352.2
1945.8	34033.4
1944.42	34148.4
1943.05	34245.1
1941.68	34299.9
1940.31	34460.3
1938.93	34453.1
1937.56	34296.6
1936.19	34497
1934.81	34660.8
1933.44	34497.1
1932.06	34440.8
1930.69	34382.7
1929.31	34188.3
1927.94	34688.2
1926.56	34588.3
1925.18	34439.4
1923.81	34501.2
1922.43	34748.2
1921.05	34644.8
1919.68	34490.5
1918.3	34626.6
1916.92	34851.7
1915.54	34848
1914.17	34871.6
1912.79	35036.5
1911.41	34904.1
1910.03	34973
1908.65	34793.5
1907.27	34400.3
1905.89	35211.9
1904.51	34798.8
1903.13	35017.9
1901.75	35034.1
1900.37	34901.9
1898.99	34916.3
1897.6	34986.8
1896.22	35142.3
1894.84	34957.7
1893.46	35031.7
1892.07	34811.1
1890.69	35089.3
1889.31	35559
1887.92	35354.7
1886.54	35157.6
1885.15	35323.6
1883.77	35081.5
1882.38	35294.4
1881	35364.6
1879.61	35344.6
1878.23	35277.6
1876.84	35436.2
1875.46	35068.1
1874.07	35336.6
1872.68	35705.9
1871.29	35640.7
1869.91	35325.2
1868.52	35638.4
1867.13	35542.7
1865.74	35673.9
1864.35	35551.2
1862.96	35597.7
1861.57	35511.1
1860.19	35760.9
1858.8	35625.7
1857.4	35526.5
1856.01	35535.2
1854.62	35277.9
1853.23	35705.4
1851.84	35877.6
1850.45	35485.6
1849.06	35639.8
1847.67	35781.4
1846.27	36001.9
1844.88	35649.7
1843.49	35728.3
1842.09	35616.8
1840.7	35919.6
1839.31	35759.6
1837.91	35719.8
1836.52	35391.5
1835.12	35860.8
1833.73	35838.9
1832.33	35962.1
1830.93	35879.4
1829.54	35850.3
1828.14	36021.8
1826.75	35828.1
1825.35	35863.5
1823.95	36099.3
1822.55	35955.8
1821.16	35951.8
1819.76	35954.9
1818.36	36296
1816.96	35930.9
1815.56	36034.1
1814.16	36476.7
1812.76	35910
1811.36	36213.2
1809.96	35784.2
1808.56	36233.6
1807.16	35903
1805.76	36279
1804.36	36419.5
1802.96	36187.1
1801.56	36652
1800.15	36234.2
1798.75	36449.4
1797.35	36222.5
1795.94	36277.3
1794.54	36043.4
1793.14	36213.9
1791.73	36555.3
1790.33	36414
1788.92	36539.9
1787.52	36564.2
1786.11	36134.8
1784.71	36321.1
1783.3	36309.9
1781.9	36481.8
1780.49	36461.7
1779.08	36749
1777.68	36760.8
1776.27	36348
1774.86	36693.8
1773.45	36639.9
1772.05	36621.5
1770.64	37167.5
1769.23	36606
1767.82	36644.4
1766.41	36670.4
1765	36980.1
1763.59	36800.3
1762.18	36893.6
1760.77	36612.9
1759.36	36874.5
1757.95	36533.6
1756.54	36510
1755.12	36592.6
1753.71	36823.8
1752.3	36927.6
1750.89	36965.8
1749.47	37251.7
1748.06	36884.7
1746.65	36673.5
1745.23	36853.2
1743.82	36864.9
1742.4	36979
1740.99	36829.8
1739.58	36843.3
1738.16	36983.8
1736.74	36882.4
1735.33	37300.1
1733.91	37158.1
1732.5	36813.1
1731.08	37011.8
1729.66	37494.4
1728.24	37278.3
1726.83	37194.6
1725.41	37022.8
1723.99	37108.4
1722.57	36989.5
1721.15	37179
1719.73	37393.1
1718.31	37270.7
1716.89	37257.5
1715.47	37156.3
1714.05	37456.5
1712.63	37626.2
1711.21	37572.5
1709.79	37117.8
1708.37	37484.5
1706.95	37221.6
1705.52	37415.9
1704.1	37422
1702.68	37247.2
1701.26	37353.5
1699.83	37744.2
1698.41	37493.9
1696.98	37728.2
1695.56	37823.8
1694.14	37268.3
1692.71	37523.5
1691.28	37403.3
1689.86	37640.9
1688.43	37618.9
1687.01	37537.3
1685.58	37268.2
1684.15	37482.8
1682.73	37700.8
1681.3	37664.8
1679.87	37576.3
1678.44	37473.7
1677.02	37751.1
1675.59	37533.1
1674.16	37495.4
1672.73	37658.8
1671.3	37594.9
1669.87	37756.5
1668.44	37778.2
1667.01	37471.3
1665.58	37557.7
1664.15	37827.5
1662.72	37370.6
1661.28	37577.4
1659.85	37482.1
1658.42	37566.7
1656.99	37481.9
1655.55	37871.7
1654.12	37762.5
1652.69	37594
1651.25	37753.4
1649.82	37717.5
1648.39	37882
1646.95	37912.3
1645.52	37681.2
1644.08	37981.5
1642.64	38011.8
1641.21	37960.1
1639.77	37929.4
1638.34	38018.8
1636.9	38108.2
1635.46	38272.3
1634.02	38158
1632.59	38075.1
1631.15	37905.3
1629.71	38204.9
1628.27	38078.6
1626.83	38397.1
1625.39	38416.7
1623.95	38493.7
1622.51	38488.9
1621.07	38541.5
1619.63	38607.9
1618.19	38570.2
1616.75	38751
1615.31	38874.6
1613.87	39116
1612.43	38998.4
1610.98	38997.1
1609.54	38874.4
1608.1	38819.3
1606.66	38932.3
1605.21	39225.3
1603.77	39204.8
1602.32	38968
1600.88	39229.6
1599.43	38851
1597.99	38975.9
1596.54	39330.8
1595.1	39111.4
1593.65	39400.4
1592.21	39267.6
1590.76	39039.7
1589.31	39119.5
1587.86	38900.4
1586.42	39215
1584.97	38894.1
1583.52	39044.7
1582.07	39195.1
1580.62	39110.8
1579.17	38816.1
1577.72	38628.4
1576.28	38834
1574.83	38868.8
1573.37	38619.1
1571.92	38893.5
1570.47	38358
1569.02	38580.6
1567.57	38615.4
1566.12	38416
1564.67	38600.6
1563.21	38167.3
1561.76	38329.4
1560.31	38429.6
1558.85	38270
1557.4	38160.4
1555.95	38332.8
1554.49	38066.7
1553.04	38077.5
1551.58	38004
1550.13	38368.7
1548.67	38025.5
1547.21	37874.9
1545.76	37909.7
1544.3	37978.8
1542.84	37879.7
1541.39	38075.8
1539.93	37844.6
1538.47	37731.9
1537.01	37545.5
1535.56	37518.6
1534.1	37596.3
1532.64	37314.1
1531.18	37718.9
1529.72	37392.3
1528.26	37295.2
1526.8	37405.4
1525.34	37429.9
1523.88	37231.9
1522.42	37627.7
1520.95	37251.8
1519.49	37538
1518.03	36859.7
1516.57	36819.3
1515.1	37290
1513.64	37434
1512.18	37224.4
1510.71	37047.4
1509.25	37053.1
1507.79	37096.3
1506.32	37067.9
1504.86	36966.1
1503.39	37343.7
1501.92	36880.3
1500.46	37015.6
1498.99	37316.2
1497.53	37115.6
1496.06	36623.6
1494.59	37058.8
1493.12	36931.6
1491.66	37036
1490.19	36781.2
1488.72	36970.7
1487.25	37013.9
1485.78	36786.4
1484.31	36710.4
1482.84	36634.5
1481.37	36878.3
1479.9	36508.2
1478.43	36816.6
1476.96	36823.9
1475.49	36690.3
1474.02	36658.6
1472.54	36438.4
1471.07	36695.5
1469.6	36611.2
1468.13	36708.5
1466.65	36676.9
1465.18	36390.7
1463.71	36664.5
1462.23	36556.5
1460.76	36653.8
1459.28	36439.1
1457.81	36622.7
1456.33	36869
1454.86	36613.7
1453.38	36504.2
1451.9	36511.6
1450.43	36840.6
1448.95	36707.5
1447.47	36748.6
1445.99	36735.6
1444.52	36523
1443.04	36721.5
1441.56	36448.1
1440.08	36551.8
1438.6	36579.4
1437.12	36465.1
1435.64	36486
1434.16	36304.1
1432.68	36446.6
1431.2	36484.3
1429.72	36592.9
1428.24	36272.8
1426.75	36895.9
1425.27	36495
1423.79	36465.2
1422.31	36189.2
1420.82	36468
1419.34	36173.6
1417.86	36248.4
1416.37	36835.2
1414.89	36263
1413.4	36821
1411.92	36543.7
1410.43	36448.2
1408.95	36280.5
1407.46	36398.9
1405.97	36453.2
1404.49	36114.1
1403	36247.5
1401.51	36340.5
1400.03	36480.5
1398.54	36319.8
1397.05	36281.7
1395.56	36248.6
1394.07	36328.1
1392.58	36494.8
1391.09	36060.6
1389.6	36385.1
1388.11	36296.7
1386.62	36250.3
1385.13	36262.5
1383.64	36325.1
1382.15	36050.7
1380.66	36036.2
1379.17	36155.8
1377.67	36104.4
1376.18	35890.6
1374.69	36018.4
1373.19	35970.5
1371.7	36033
1370.21	36160.7
1368.71	35987.3
1367.22	35959.4
1365.72	35899.8
1364.23	35897
1362.73	35825.7
1361.23	36038.5
1359.74	35853.6
1358.24	36106.4
1356.74	36015.1
1355.25	35943.8
1353.75	35944.4
1352.25	35809.8
1350.75	35566.7
1349.25	35747.5
1347.76	35641.4
1346.26	35892.1
1344.76	35589.2
1343.26	35476.5
1341.76	35770.4
1340.26	35657.7
1338.75	35643.3
1337.25	35865.4
1335.75	35751.1
1334.25	35700
1332.75	35555.8
1331.25	35573
1329.74	35628.5
1328.24	35407.9
1326.74	35721.1
1325.23	35618.6
1323.73	35393.2
1322.22	35546.7
1320.72	35163.5
1319.21	35351.8
1317.71	35188
1316.2	34879.9
1314.7	35031.7
1313.19	35477.1
1311.68	34999.8
1310.18	35154.8
1308.67	34943.2
1307.16	34749.9
1305.65	34623
1304.14	34476.2
1302.63	34375.9
1301.13	34509.3
1299.62	34455.4
1298.11	34555.5
1296.6	34110.9
1295.09	34361.7
1293.58	34086.2
1292.06	33953
1290.55	33733.9
1289.04	33574.4
1287.53	33930.8
1286.02	33804.4
1284.5	33516.1
1282.99	33606.3
1281.48	33394.1
1279.96	33112.7
1278.45	33277.2
1276.94	33265
1275.42	33135.6
1273.91	32988.1
1272.39	33030.4
1270.87	33087.6
1269.36	32867.6
1267.84	32593.4
1266.33	32522
1264.81	32788.5
1263.29	32343
1261.77	32161.4
1260.26	32427.8
1258.74	32274.1
1257.22	32247.3
1255.7	32054.3
1254.18	32001.3
1252.66	32091.3
1251.14	31771.8
1249.62	31924.4
1248.1	31598.5
1246.58	31414.1
1245.06	31548.6
1243.54	31571.2
1242.01	31585.7
1240.49	31411.3
1238.97	31320.7
1237.45	31374.6
1235.92	31080.5
1234.4	30999.9
1232.88	31308.1
1231.35	31283.2
1229.83	30769.7
1228.3	30979.4
1226.78	30698.9
1225.25	30770.8
1223.72	30819.8
1222.2	30708.3
1220.67	30575.4
1219.14	30773.4
1217.62	30396.7
1216.09	30524.3
1214.56	30463.6
1213.03	30257.4
1211.5	30412.7
1209.98	30177.1
1208.45	30556.3
1206.92	30044.6
1205.39	30025
1203.86	30082.1
1202.33	29954.7
1200.79	29500.7
1199.26	29695
1197.73	29455.1
1196.2	29602.1
1194.67	29620
1193.13	29474.9
1191.6	29323.3
1190.07	29251.7
1188.53	29188.2
1187	29207.9
1185.47	29103.7
1183.93	29038.7
1182.4	29250.6
1180.86	29063.4
1179.33	28827.5
1177.79	28844
1176.25	28865.3
1174.72	28631.2
1173.18	28311
1171.64	28752
1170.1	28404.3
1168.57	28624
1167.03	28227.7
1165.49	28652.1
1163.95	28493.1
1162.41	28116.6
1160.87	28116.9
1159.33	28146.4
1157.79	27890.3
1156.25	27897.2
1154.71	27842.4
1153.17	28001.7
1151.63	27932.3
1150.08	27710.6
1148.54	27826
1147	27753.5
1145.46	27361.8
1143.91	27477.3
1142.37	27260.7
1140.82	27136.5
1139.28	27172.7
1137.73	27207.1
1136.19	27096
1134.64	27072.2
1133.1	27003.2
1131.55	27192.9
1130.01	26758.6
1128.46	26822.2
1126.91	26628.8
1125.36	26656.9
1123.82	26664
1122.27	26461.1
1120.72	26595.7
1119.17	26570.5
1117.62	26471.1
1116.07	26521.7
1114.52	26170.7
1112.97	26185.9
1111.42	26031.8
1109.87	26085.7
1108.32	26170.2
1106.77	26108.1
1105.22	25799.5
1103.66	25954.8
1102.11	25876.7
1100.56	25756.7
1099	25905.5
1097.45	25611.8
1095.9	25725.2
1094.34	25299.7
1092.79	25773.3
1091.23	25536.1
1089.68	25315.1
1088.12	25348.1
1086.56	25003.5
1085.01	25258.2
1083.45	24944.3
1081.89	25075.3
1080.34	24981.5
1078.78	25056.2
1077.22	24782.7
1075.66	24541.5
1074.1	24754.2
1072.54	24787.2
1070.98	24868.3
1069.43	24768.2
1067.86	24854.1
1066.3	24520.2
1064.74	24702.2
1063.18	24495
1061.62	24430.3
1060.06	24412.1
1058.5	24357.1
1056.93	24230.1
1055.37	24349.5
1053.81	24208.2
1052.24	24119.7
1050.68	23898.6
1049.12	23741.5
1047.55	24121.3
1045.99	23807.7
1044.42	24002.1
1042.85	24067
1041.29	23708.9
1039.72	23491.4
1038.16	23583.5
1036.59	23583.1
1035.02	23520.5
1033.45	23459.5
1031.88	23639.2
1030.32	23449.1
1028.75	23257.4
1027.18	23046.8
1025.61	23135.7
1024.04	23119.4
1022.47	22872.3
1020.9	22934.1
1019.33	23027.6
1017.76	22931.9
1016.18	22689.8
1014.61	22645
1013.04	22625.6
1011.47	22898.8
1009.89	22763.4
1008.32	22810.8
1006.75	22395.9
1005.17	22473.5
1003.6	22479.7
1002.02	22144.5
1000.45	22293.5
998.873	22120.4
997.297	22237.6
995.721	22088.4
994.145	22040.6
992.568	21886.7
990.991	21988.1
989.413	22022.8
987.835	21976.7
986.257	21883.2
984.678	21803.9
983.099	21615.4
981.52	21686.5
979.94	21672.2
978.36	21642.1
976.78	21407.9
975.199	21414.2
973.618	21531.2
972.037	21635.5
970.455	21392.1
968.873	21251.4
967.29	21245.1
965.707	21096.7
964.124	21082.5
962.541	21245.2
960.957	21027.4
959.373	20972.2
957.788	20923.4
956.203	20909.3
954.618	20746.9
953.032	20773.8
951.446	20896.9
949.86	20788.2
948.273	20512.6
946.686	20657.7
945.099	20645.2
943.511	20459.5
941.923	20607.7
940.334	20522.8
938.745	20423.9
937.156	20273
935.567	20138
933.977	20232.5
932.387	20190.3
930.796	20206.2
929.205	20085.5
927.614	20085.7
926.022	20098.5
924.43	19933.9
922.838	19846.2
921.245	19758.6
919.652	19762
918.058	19723.1
916.465	19671.7
914.87	19728.4
913.276	19774.2
911.681	19677.3
910.086	19605.5
908.49	19668.5
906.894	19496.5
905.298	19440.5
903.701	19530.1
902.104	19413.1
900.507	19552.7
898.909	19330.9
897.311	19138.8
895.713	19148.6
894.114	19034.9
892.515	19174.5
890.916	18934.2
889.316	19187.8
887.715	18953.8
886.115	18773.1
884.514	18953.2
882.913	18955.2
881.311	18801.1
879.709	18678.3
878.107	18744.4
876.504	18860.3
874.901	18673.6
873.298	18610.2
871.694	18698
870.09	18642.4
868.485	18607
866.88	18553
865.275	18533.3
863.669	18639.7
862.064	18412.9
860.457	18299.9
858.851	18342.5
857.244	18417.7
855.636	18077.6
854.028	18045.6
852.42	18189.3
850.812	18211.6
849.203	17974.4
847.594	18032.6
845.984	18174.5
844.375	18060.2
842.764	18057.7
841.154	17735.5
839.543	17939.4
837.931	17865.6
836.32	17805.8
834.708	17806.4
833.095	17800.9
831.482	17832.6
829.869	17648.8
828.256	17792
826.642	17600.6
825.028	17632.3
823.413	17499.8
821.798	17593.4
820.183	17631.3
818.567	17449.4
816.951	17331
815.335	17664.2
813.718	17468.5
812.101	17191
810.483	17470
808.865	17404.3
807.247	17329.3
805.629	17293
804.01	17492.9
802.39	17234.2
800.771	17285.9
799.151	17157.1
797.53	17185.6
795.91	17303.6
794.288	16975.9
792.667	16972.1
791.045	16905.1
789.423	17101.6
787.8	16829.7
786.177	17021.5
784.554	16931.4
782.93	16921.5
781.306	16780.7
779.682	16689.2
778.057	17045.5
776.432	16907.8
774.807	16924
773.181	16764.9
771.554	16682.7
769.928	16786.6
768.301	16586.1
766.674	16537.8
765.046	16458.8
763.418	16467.4
761.789	16566.6
760.161	16542.9
758.531	16456.3
756.902	16616.8
755.272	16436.6
753.642	16618.5
752.011	16415.4
750.38	16396.4
748.749	16314.6
747.117	16453.4
745.485	16491
743.852	16202.5
742.22	16247.8
740.586	16277.8
738.953	16385.9
737.319	16210.8
735.685	16263.8
734.05	16098
732.415	16115.8
730.779	16035.7
729.144	16360.7
727.507	16040.7
725.871	16070.7
724.234	16106.8
722.597	16060.4
720.959	15887.3
719.321	15749.4
717.683	15956.4
716.044	15986.4
714.405	15882.1
712.765	15756.5
711.126	15989.3
709.485	15821.1
707.845	15700.2
706.204	15803.3
704.563	15731.1
702.921	15876.8
701.279	15832.1
699.636	15705.3
697.993	15595.2
696.35	15456.3
694.707	15788.9
693.063	15581.6
691.419	15742.3
689.774	15694.6
688.129	15375
686.483	15515.8
684.838	15606.5
683.191	15423.8
681.545	15397.5
679.898	15530.7
678.251	15531.7
676.603	15239.9
674.955	15344.1
673.307	15378.6
671.658	15531.3
670.009	15201.8
668.359	15327.2
666.709	15560.1
665.059	15106.7
663.408	15215.3
661.757	15208.9
660.106	15220.6
658.454	15077.9
656.802	15284.8
655.15	15276.8
653.497	15120.6
651.844	15020.4
650.19	15069.9
648.536	15148.1
646.881	15026.8
645.227	15032.4
643.572	15107.6
641.916	15058.8
640.26	14990.5
638.604	14947.9
636.947	15056.2
635.29	14832.5
633.633	14814
631.975	14816.7
630.317	15018.4
628.659	14904.9
627	14898.5
625.34	14724.9
623.681	14760.7
622.021	14700.1
620.36	14823.3
618.7	14639.3
617.038	14553.2
615.377	14658.2
613.715	14666.9
612.053	14595.9
610.39	14673.8
608.727	14602.8
607.064	14552.9
605.4	14627.7
603.736	14637.9
602.071	14594
600.406	14587.7
598.741	14372.7
597.075	14387.5
595.409	14522.3
593.743	14645
592.076	14547.2
590.409	14359.4
588.741	14513.6
587.073	14249.5
585.405	14244.7
583.736	14419.8
582.067	14200.8
580.397	14324.8
578.728	14444.3
577.057	14165.6
575.387	14306.1
573.716	14364.2
572.044	14209.8
570.373	14121.3
568.7	14225.8
567.028	14280.8
565.355	14270.1
563.682	13975.5
562.008	14021.6
560.334	14145.4
558.66	14112.3
556.985	14068.8
555.31	13979
553.634	14117.6
551.958	14086
550.282	13781.5
548.605	13806.7
546.928	13600.8
545.25	13839.2
543.573	13853.9
541.894	13917.8
540.216	14001
538.537	13857.8
536.857	13850.2
535.178	13827.7
533.497	13657.9
531.817	13700.9
530.136	13839
528.455	13709.5
526.773	13797
525.091	13847.4
523.408	13665.9
521.725	13717.8
520.042	13588.4
518.359	13739.7
516.675	13453
514.99	13715.6
513.305	13509.2
511.62	13489.8
509.935	13584.6
508.249	13333.9
506.562	13348.6
504.876	13521.9
503.189	13468.5
501.501	13498
499.813	13407.5
498.125	13379.3
496.436	13431
494.747	13315.4
493.058	13464.8
491.368	13463.2
489.678	13452.7
487.987	13508.8
486.297	13273.6
484.605	13285.3
482.913	13232
481.221	13277.8
479.529	13181.7
477.836	13302.7
476.143	13248
474.449	13020.6
472.755	13303.9
471.061	13216.7
469.366	13318.4
467.67	13215.1
465.975	13184.1
464.279	13271
462.582	13267.9
460.886	12993.8
459.189	13085.1
457.491	13124.8
455.793	13054
454.095	13092.3
452.396	13209.9
450.697	12998
448.997	13259.8
447.298	13081.7
445.597	13192
443.897	13109.5
442.196	13022.8
440.494	13021.2
438.792	12872.8
437.09	13084.3
435.387	12878.7
433.684	13068
431.981	13038.6
430.277	12990.1
428.573	12953.4
426.868	12922.5
425.163	12979.7
423.458	12938.6
421.752	12941.5
420.046	12923.9
418.34	12869.6
416.633	12827.1
414.925	12875.4
413.218	12802.2
411.51	12821.2
409.801	12832.9
408.092	12878.2
406.383	12897.2
404.673	12827
402.963	12812.3
401.253	12826.9
399.542	12889.7
397.831	12623.8
396.119	12840
394.407	12736.2
392.694	12844.3
390.982	12707
389.268	12871.9
387.555	12583
385.841	12756.6
384.126	12749.3
382.411	12762.4
380.696	12661.8
378.981	12626.8
377.265	12683.6
375.548	12619.5
373.832	12672
372.114	12639.9
370.397	12577.3
368.679	12557
366.96	12602.1
365.242	12641.4
363.523	12533.8
361.803	12690.8
360.083	12506.2
358.363	12494.6
356.642	12539.6
354.921	12658.8
353.199	12395.9
351.477	12445.3
349.755	12382.9
348.032	12599.2
346.309	12362.7
344.586	12512.1
342.862	12239.5
341.137	12388.9
339.413	12419.4
337.688	12404.9
335.962	12519.4
334.236	12505
332.51	12281.9
330.783	12357.3
329.056	12248.8
327.328	12232.9
325.601	12231.5
323.872	12272.1
322.144	12314.1
320.414	12350.3
318.685	12207.2
316.955	12239.1
315.225	12315.7
313.494	12197.3
311.763	12288.4
310.031	12109.4
308.299	12210.5
306.567	12252.4
304.834	12135.6
303.101	12153
301.368	12160.3
299.634	12096.9
297.9	12148.9
296.165	12101.4
294.43	12199.4
292.694	11944.5
290.958	12232.7
289.222	12039.8
287.485	11990.9
285.748	12196.8
284.011	11937.9
282.273	11969.6
280.534	11955.4
278.795	12084.9
277.056	11810.4
275.317	12076.4
273.577	11991.7
271.836	11927.2
270.096	12035
268.355	11680.4
266.613	11736.5
264.871	11851.5
263.129	11830.1
261.386	11940.7
259.643	11758.6
257.899	11859.2
256.155	11736
254.411	11812.1
252.666	11848
250.921	11772.2
249.175	11859.7
247.429	11675.1
245.683	11701
243.936	11641.1
242.189	11692.7
240.441	11761.6
238.693	11780.3
236.944	11595.9
235.196	11640.4
233.446	11704.9
231.697	11566.4
229.947	11586.6
228.196	11569.6
226.445	11649.7
224.694	11507.1
222.942	11396
221.19	11534.6
219.437	11530.5
217.685	11469.3
215.931	11421.1
214.177	11452.6
212.423	11358.7
210.669	11386
208.914	11578.5
207.158	11395
205.403	11497.7
203.646	11322.7
201.89	11293.1
200.133	11385.8
