4501.29	1963.54
4500.4	2088.03
4499.52	2005.63
4498.64	1951.55
4497.75	1903.13
4496.87	1970.66
4495.98	2046.64
4495.1	2020.85
4494.22	1938.55
4493.33	1907.13
4492.45	1870.07
4491.56	1954.48
4490.68	1835.54
4489.79	1934.04
4488.9	1871.6
4488.02	1916.43
4487.13	1961.25
4486.25	1819.83
4485.36	1881.58
4484.47	1805.1
4483.59	1883.74
4482.7	1846.76
4481.81	1829.53
4480.93	1896.85
4480.04	1916.25
4479.15	1791.94
4478.26	1825.44
4477.38	1856.1
4476.49	1864.23
4475.6	1779.43
4474.71	1759.42
4473.83	1798.52
4472.94	1755.99
4472.05	1809.14
4471.16	1803.2
4470.27	1819.77
4469.38	1715.4
4468.49	1751.65
4467.6	1745.72
4466.71	1776.34
4465.82	1652.38
4464.93	1775.72
4464.04	1677.09
4463.15	1741.4
4462.26	1755.13
4461.37	1737.98
4460.48	1701.18
4459.59	1734.57
4458.7	1647.27
4457.81	1630.15
4456.92	1730.86
4456.03	1702.51
4455.14	1626.49
4454.24	1707.52
4453.35	1693.2
4452.46	1648.06
4451.57	1684.21
4450.68	1641.89
4449.78	1748.05
4448.89	1658.12
4448	1632.63
4447.11	1735.94
4446.21	1688.04
4445.32	1687.75
4444.43	1639.88
4443.53	1667.57
4442.64	1712.04
4441.75	1722.93
4440.85	1591.2
4439.96	1588.12
4439.06	1657.73
4438.17	1713.34
4437.27	1645.98
4436.38	1732.3
4435.48	1670.54
4434.59	1653.49
4433.69	1700.68
4432.8	1711.55
4431.9	1705.67
4431.01	1719.32
4430.11	1612.98
4429.22	1766.16
4428.32	1654.26
4427.42	1595.4
4426.53	1653.68
4425.63	1672.91
4424.73	1697.71
4423.84	1714.13
4422.94	1683.18
4422.04	1691.25
4421.14	1735.52
4420.25	1662.8
4419.35	1665.3
4418.45	1687.28
4417.55	1628.52
4416.65	1753.49
4415.76	1767.1
4414.86	1741.74
4413.96	1766.48
4413.06	1727.23
4412.16	1732.49
4411.26	1734.97
4410.36	1715.2
4409.46	1773.27
4408.56	1742.39
4407.66	1780.98
4406.76	1797.34
4405.86	1780.36
4404.96	1721.73
4404.06	1785.29
4403.16	1818.29
4402.26	1909.56
4401.36	1848.18
4400.46	1811.79
4399.56	1861.4
4398.66	1739.04
4397.76	1752.6
4396.85	1846.56
4395.95	1788.02
4395.05	1812.65
4394.15	1748.6
4393.25	1753.84
4392.34	1883.73
4391.44	1786.46
4390.54	1847.07
4389.64	1938.11
4388.73	1904.55
4387.83	1901.45
4386.93	1867.91
4386.02	1856.52
4385.12	1872.79
4384.21	1960.97
4383.31	1908.08
4382.41	1963.04
4381.5	1937.82
4380.6	1937.48
4379.69	1843.18
4378.79	1936.8
4377.88	1994.47
4376.98	2007.93
4376.07	1933.02
4375.17	1987.9
4374.26	1918.54
4373.36	2039.64
4372.45	1997.89
4371.54	2058.24
4370.64	1986.16
4369.73	1988.57
4368.82	1993.73
4367.92	2034.74
4367.01	2048.16
4366.1	2014.73
4365.2	2019.89
4364.29	2088.41
4363.38	2099.06
4362.47	2156.53
4361.57	2101.08
4360.66	2119.98
4359.75	2083.83
4358.84	2000.89
4357.93	2132.63
4357.02	2088.23
4356.11	2104.37
4355.21	2142.5
4354.3	2125.63
4353.39	2111.51
4352.48	2058.91
4351.57	2162.99
4350.66	2206.57
4349.75	2195.19
4348.84	2079.44
4347.93	2103.79
4347.02	2144.61
4346.11	2160.7
4345.2	2226.2
4344.29	2074.86
4343.37	2217.19
4342.46	2175.65
4341.55	2219.15
4340.64	2262.64
4339.73	2075.78
4338.82	2259.11
4337.9	2179.22
4336.99	2228.16
4336.08	2227.77
4335.17	2312.31
4334.26	2235.21
4333.34	2188.25
4332.43	2259.06
4331.52	2209.39
4330.6	2217.21
4329.69	2233.24
4328.78	2158.96
4327.86	2207.83
4326.95	2275.82
4326.03	2248.08
4325.12	2285.96
4324.21	2198.07
4323.29	2268.75
4322.38	2331.21
4321.46	2287.08
4320.55	2330.39
4319.63	2302.67
4318.72	2313.18
4317.8	2337.35
4316.88	2402.46
4315.97	2320.15
4315.05	2371.59
4314.14	2297.5
4313.22	2398.04
4312.3	2364.89
4311.39	2367.2
4310.47	2361.32
4309.55	2363.63
4308.63	2270.54
4307.72	2341
4306.8	2335.14
4305.88	2334.72
4304.96	2432.37
4304.05	2393.81
4303.13	2243.63
4302.21	2382.08
4301.29	2376.22
4300.37	2408.45
4299.45	2397.15
4298.54	2342.31
4297.62	2347.34
4296.7	2387.72
4295.78	2262.22
4294.86	2321.63
4293.94	2361.99
4293.02	2364.29
4292.1	2399.2
4291.18	2404.21
4290.26	2477.12
4289.34	2362.62
4288.42	2400.22
4287.5	2481.23
4286.57	2440.08
4285.65	2534.63
4284.73	2422.94
4283.81	2430.65
4282.89	2457.34
4281.97	2484.03
4281.04	2358.87
4280.12	2353.03
4279.2	2390.56
4278.28	2287.16
4277.35	2405.97
4276.43	2462.43
4275.51	2470.12
4274.59	2369.49
4273.66	2463.83
4272.74	2398.43
4271.81	2398.01
4270.89	2440.88
4269.97	2467.5
4269.04	2407.55
4268.12	2385.49
4267.19	2382.37
4266.27	2425.2
4265.34	2465.32
4264.42	2427.05
4263.49	2469.85
4262.57	2412.68
4261.64	2404.15
4260.72	2522.56
4259.79	2465.41
4258.87	2508.17
4257.94	2577.91
4257.01	2526.17
4256.09	2425.88
4255.16	2444.34
4254.23	2457.39
4253.31	2492.02
4252.38	2480.79
4251.45	2531.58
4250.52	2461.04
4249.6	2479.47
4248.67	2433.23
4247.74	2478.59
4246.81	2472.77
4245.88	2461.56
4244.96	2628.07
4244.03	2541.45
4243.1	2457.56
4242.17	2459.81
4241.24	2580.46
4240.31	2504.68
4239.38	2469.26
4238.45	2487.65
4237.52	2473.77
4236.59	2478.7
4235.66	2486.33
4234.73	2445.58
4233.8	2490.82
4232.87	2533.36
4231.94	2430.85
4231.01	2527.09
4230.08	2438.04
4229.15	2499.35
4228.22	2536.49
4227.28	2560.19
4226.35	2463.14
4225.42	2612.93
4224.49	2507.86
4223.56	2534.24
4222.62	2512.34
4221.69	2525.29
4220.76	2546.29
4219.83	2478.84
4218.89	2513.23
4217.96	2448.49
4217.03	2520.37
4216.09	2594.91
4215.16	2487.35
4214.23	2623.43
4213.29	2497.17
4212.36	2475.32
4211.42	2399.97
4210.49	2503.87
4209.55	2562.26
4208.62	2468.21
4207.68	2550.66
4206.75	2571.59
4205.81	2472.24
4204.88	2514.56
4203.94	2629
4203.01	2572.43
4202.07	2566.63
4201.13	2504.76
4200.2	2493.64
4199.26	2498.53
4198.32	2447.38
4197.39	2529.66
4196.45	2513.21
4195.51	2451.41
4194.58	2464.31
4193.64	2471.87
4192.7	2538.08
4191.76	2612.26
4190.82	2598.47
4189.89	2534.06
4188.95	2557.59
4188.01	2487.88
4187.07	2559.34
4186.13	2545.57
4185.19	2513.17
4184.25	2451.5
4183.31	2522.92
4182.37	2495.86
4181.43	2394.33
4180.49	2622.65
4179.55	2561.02
4178.61	2650.96
4177.67	2552.13
4176.73	2564.96
4175.79	2561.85
4174.85	2505.59
4173.91	2547.65
4172.97	2672.04
4172.03	2663.59
4171.09	2490.53
4170.14	2529.91
4169.2	2563.96
4168.26	2547.58
4167.32	2504.68
4166.38	2599.73
4165.43	2593.96
4164.49	2548.42
4163.55	2534.71
4162.6	2531.61
4161.66	2528.5
4160.72	2623.45
4159.77	2588.54
4158.83	2664.9
4157.89	2534.65
4156.94	2552.73
4156	2679.36
4155.05	2538.58
4154.11	2628.12
4153.16	2712.33
4152.22	2529.29
4151.27	2613.49
4150.33	2472.85
4149.38	2530.58
4148.44	2487.83
4147.49	2566.68
4146.55	2550.37
4145.6	2671.46
4144.65	2639.28
4143.71	2612.4
4142.76	2527.42
4141.81	2606.18
4140.87	2497.48
4139.92	2557.74
4138.97	2599.51
4138.03	2651.82
4137.08	2548.45
4136.13	2561.19
4135.18	2589.74
4134.23	2655.2
4133.29	2554.54
4132.34	2598.89
4131.39	2556.27
4130.44	2568.98
4129.49	2518.47
4128.54	2520.65
4127.59	2499.14
4126.64	2638.24
4125.69	2690.41
4124.74	2697.83
4123.79	2628.93
4122.84	2662.66
4121.89	2667.45
4120.94	2559.13
4119.99	2584.97
4119.04	2647.61
4118.09	2694.45
4117.14	2573.07
4116.19	2698.75
4115.24	2658.85
4114.28	2692.53
4113.33	2615.88
4112.38	2667.93
4111.43	2557.18
4110.48	2698.47
4109.52	2611.38
4108.57	2673.89
4107.62	2563.22
4106.66	2644.08
4105.71	2640.98
4104.76	2598.56
4103.8	2634.79
4102.85	2629.08
4101.9	2623.37
4100.94	2732.95
4099.99	2632.91
4099.03	2645.53
4098.08	2613.63
4097.12	2566.03
4096.17	2672.91
4095.21	2552.03
4094.26	2734.76
4093.3	2710.72
4092.35	2739.01
4091.39	2722.82
4090.44	2659.57
4089.48	2711.39
4088.52	2768.42
4087.57	2655.53
4086.61	2649.83
4085.65	2597.1
4084.7	2690.67
4083.74	2705.86
4082.78	2522.58
4081.82	2697.06
4080.87	2571.27
4079.91	2677.82
4078.95	2768.67
4077.99	2585.54
4077.03	2718.12
4076.08	2670.68
4075.12	2782.33
4074.16	2680.15
4073.2	2716.17
4072.24	2671.37
4071.28	2702.16
4070.32	2644.36
4069.36	2675.14
4068.4	2705.92
4067.44	2713.24
4066.48	2678.91
4065.52	2722.68
4064.56	2696.17
4063.6	2719.1
4062.64	2684.79
4061.68	2749.33
4060.72	2741.04
4059.75	2685.94
4058.79	2646.47
4057.83	2627.8
4056.87	2611.73
4055.91	2694.41
4054.94	2647.16
4053.98	2605.13
4053.02	2674.78
4052.06	2721.03
4051.09	2759.48
4050.13	2696.69
4049.17	2672.85
4048.2	2584.16
4047.24	2739.34
4046.27	2712.91
4045.31	2759.1
4044.35	2680.82
4043.38	2701.08
4042.42	2703.18
4041.45	2798.57
4040.49	2782.52
4039.52	2813.11
4038.56	2662.39
4037.59	2739.59
4036.63	2700.26
4035.66	2803.32
4034.69	2763.99
4033.73	2768.67
4032.76	2703.49
4031.8	2765.09
4030.83	2712.87
4029.86	2696.86
4028.89	2779.1
4027.93	2825.13
4026.96	2679.9
4025.99	2702.67
4025.02	2691.85
4024.06	2735.28
4023.09	2742.53
4022.12	2757.53
4021.15	2733.8
4020.18	2836.55
4019.21	2830.87
4018.25	2706.52
4017.28	2780.84
4016.31	2780.34
4015.34	2733.42
4014.37	2843.79
4013.4	2750.48
4012.43	2762.87
4011.46	2710.83
4010.49	2828.86
4009.52	2843.8
4008.55	2851.02
4007.58	2855.65
4006.6	2759.88
4005.63	2702.75
4004.66	2715.13
4003.69	2719.79
4002.72	2786.19
4001.75	2744.53
4000.77	2823.76
3999.8	2774.4
3998.83	2763.61
3997.86	2755.4
3996.88	2801.16
3995.91	2687.6
3994.94	2753.91
3993.96	2797.08
3992.99	2842.8
3992.02	2726.74
3991.04	2787.86
3990.07	2789.92
3989.1	2776.59
3988.12	2760.69
3987.15	2803.8
3986.17	2810.99
3985.2	2874.59
3984.22	2789.46
3983.25	2822.28
3982.27	2842.28
3981.3	2867.39
3980.32	2761.83
3979.34	2835.61
3978.37	2789
3977.39	2765.45
3976.41	2785.43
3975.44	2859.16
3974.46	2822.81
3973.48	2809.51
3972.51	2803.89
3971.53	2803.38
3970.55	2797.76
3969.57	2794.69
3968.6	2832.53
3967.62	2832.02
3966.64	2862.18
3965.66	2754.35
3964.68	2807.49
3963.7	2827.42
3962.73	2814.14
3961.75	2933.63
3960.77	2825.88
3959.79	2815.16
3958.81	2801.89
3957.83	2786.08
3956.85	2895.26
3955.87	2785.07
3954.89	2901.86
3953.91	2812.11
3952.93	2793.75
3951.94	2841.67
3950.96	2790.19
3949.98	2802.43
3949	2942.01
3948.02	2857.44
3947.04	2798.36
3946.06	2797.85
3945.07	2891.52
3944.09	2916.45
3943.11	2890.47
3942.13	2923.02
3941.14	2846.19
3940.16	2899.07
3939.18	2845.15
3938.19	2971.74
3937.21	2788.21
3936.23	2963.04
3935.24	2820.22
3934.26	2834.95
3933.27	2849.68
3932.29	2872.02
3931.3	2960.36
3930.32	2863.36
3929.33	2949.13
3928.35	2875.01
3927.36	2894.78
3926.38	2942.45
3925.39	2875.98
3924.41	2817.14
3923.42	2819.16
3922.43	2927.64
3921.45	2911.91
3920.46	2956.99
3919.47	2776.58
3918.49	2884.99
3917.5	2876.87
3916.51	2886.47
3915.52	2956.83
3914.54	2920.86
3913.55	2834.29
3912.56	2828.71
3911.57	2807.96
3910.58	2933.91
3909.6	2844.87
3908.61	2988.47
3907.62	2884.29
3906.63	2818.05
3905.64	2984.32
3904.65	3009.04
3903.66	2922.61
3902.67	2914.5
3901.68	2954.37
3900.69	2867.99
3899.7	3021.45
3898.71	2892.19
3897.72	2889.14
3896.73	3014.75
3895.74	2956.19
3894.74	2907.74
3893.75	2889.56
3892.76	2891.56
3891.77	2878.43
3890.78	2958.54
3889.79	2905.09
3888.79	2917.16
3887.8	2876.33
3886.81	3014.31
3885.81	2915.57
3884.82	2917.56
3883.83	2879.27
3882.83	2981.92
3881.84	2943.64
3880.85	2980.83
3879.85	2962.69
3878.86	2964.66
3877.86	2888.7
3876.87	2948.5
3875.88	2935.4
3874.88	3005.22
3873.89	2974.52
3872.89	2830.81
3871.89	3018.64
3870.9	2957.83
3869.9	3007.5
3868.91	2881.45
3867.91	3011.42
3866.91	2973.24
3865.92	2927.54
3864.92	3057.43
3863.92	3046.84
3862.93	2998.65
3861.93	2952.98
3860.93	2980.01
3859.93	2876.73
3858.94	2933.83
3857.94	3036
3856.94	2962.81
3855.94	3047.41
3854.94	3039.34
3853.94	3038.79
3852.95	2950.64
3851.95	2995.14
3850.95	3059.64
3849.95	2974.04
3848.95	3108.54
3847.95	3120.48
3846.95	3109.91
3845.95	2976.87
3844.95	2901.35
3843.95	2893.33
3842.95	3015.21
3841.95	3009.66
3840.94	3104
3839.94	2993.58
3838.94	2933.12
3837.94	3009.96
3836.94	3141.66
3835.94	2996.38
3834.93	3075.66
3833.93	3072.6
3832.93	3101.96
3831.93	2966.77
3830.92	3008.6
3829.92	3000.58
3828.92	2940.23
3827.91	3071.73
3826.91	3008.89
3825.91	3030.76
3824.9	3107.39
3823.9	3071.97
3822.89	3233.19
3821.89	3045.96
3820.88	3162.34
3819.88	2922.95
3818.87	2977.14
3817.87	3108.39
3816.86	3110.3
3815.86	3204.2
3814.85	3039.58
3813.84	3230.36
3812.84	3122.94
3811.83	3062.75
3810.83	3044.8
3809.82	3101.36
3808.81	3001.48
3807.8	3157.31
3806.8	3030.17
3805.79	3002.32
3804.78	3140.69
3803.77	3053.3
3802.77	3097.38
3801.76	3138.97
3800.75	3106.16
3799.74	3115.51
3798.73	3087.68
3797.72	3144.1
3796.71	3046.91
3795.7	3160.28
3794.69	3087.89
3793.68	3173.98
3792.67	3175.88
3791.66	3123.32
3790.65	3204.4
3789.64	3198.87
3788.63	3138.92
3787.62	3096.3
3786.61	3192.16
3785.6	3159.44
3784.59	3195.94
3783.58	3192.88
3782.56	3056.4
3781.55	3263.35
3780.54	3198.53
3779.53	3111.52
3778.52	3212.17
3777.5	3181.96
3776.49	3275.17
3775.48	3190.66
3774.46	3209.82
3773.45	3243.76
3772.44	3045.86
3771.42	3198.19
3770.41	3103.91
3769.39	3174.83
3768.38	3080.59
3767.36	3190.91
3766.35	3242.06
3765.34	3221.76
3764.32	3147.29
3763.3	3259.97
3762.29	3197.83
3761.27	3212.01
3760.26	3228.64
3759.24	3309.24
3758.23	3126.6
3757.21	3244.08
3756.19	3186.93
3755.18	3186.34
3754.16	3143.97
3753.14	3170.42
3752.12	3309.9
3751.11	3233.13
3750.09	3082.7
3749.07	3170.55
3748.05	3270.64
3747.03	3179.2
3746.02	3188.44
3745	3197.67
3743.98	3209.35
3742.96	3135.16
3741.94	3208.17
3740.92	3234.55
3739.9	3199.63
3738.88	3216.2
3737.86	3286.68
3736.84	3202.76
3735.82	3231.57
3734.8	3196.69
3733.78	3272.02
3732.76	3183.27
3731.74	3202.27
3730.71	3253.08
3729.69	3267.16
3728.67	3269.01
3727.65	3204.8
3726.63	3363.2
3725.61	3279.43
3724.58	3205.47
3723.56	3212.22
3722.54	3196.96
3721.51	3284.35
3720.49	3242.21
3719.47	3312.45
3718.44	3175.07
3717.42	3181.81
3716.4	3190.99
3715.37	3190.4
3714.35	3243.5
3713.32	3257.55
3712.3	3152.04
3711.27	3175.85
3710.25	3245.99
3709.22	3162.49
3708.2	3247.23
3707.17	3278.32
3706.15	3219.23
3705.12	3140.66
3704.09	3266.76
3703.07	3288.08
3702.04	3304.52
3701.01	3250.34
3699.99	3152.37
3698.96	3317.29
3697.93	3326.41
3696.9	3267.41
3695.88	3237.61
3694.85	3336.73
3693.82	3304.5
3692.79	3330.64
3691.76	3213.35
3690.74	3356.14
3689.71	3285.06
3688.68	3260.16
3687.65	3208.55
3686.62	3212.81
3685.59	3299.62
3684.56	3337.86
3683.53	3249.86
3682.5	3266.25
3681.47	3268.07
3680.44	3391.18
3679.41	3342.05
3678.38	3283.23
3677.34	3243.84
3676.31	3345.04
3675.28	3245.06
3674.25	3237.19
3673.22	3260.82
3672.19	3165.75
3671.15	3216.02
3670.12	3302.59
3669.09	3270.51
3668.06	3267.49
3667.02	3237.84
3665.99	3271.12
3664.96	3372.11
3663.92	3272.33
3662.89	3339.43
3661.85	3271.11
3660.82	3326.11
3659.79	3412.49
3658.75	3339.37
3657.72	3217.96
3656.68	3384.03
3655.65	3303.71
3654.61	3300.68
3653.57	3278.34
3652.54	3318.77
3651.5	3419.51
3650.47	3295.83
3649.43	3367.58
3648.39	3350.08
3647.36	3330.17
3646.32	3307.85
3645.28	3316.88
3644.25	3340.37
3643.21	3416.85
3642.17	3474.04
3641.13	3357.78
3640.09	3306.58
3639.06	3303.56
3638.02	3437.76
3636.98	3458.79
3635.94	3465.37
3634.9	3382.92
3633.86	3452.05
3632.82	3251.78
3631.78	3376.23
3630.74	3527.07
3629.7	3396.61
3628.66	3357.52
3627.62	3611.61
3626.58	3474
3625.54	3497.38
3624.5	3467.91
3623.46	3452.86
3622.42	3514.64
3621.38	3417.97
3620.33	3371.74
3619.29	3476.69
3618.25	3500.03
3617.21	3451.41
3616.17	3465.16
3615.12	3421.36
3614.08	3408.74
3613.04	3506.37
3611.99	3407.47
3610.95	3505.07
3609.91	3540.35
3608.86	3415.15
3607.82	3443.25
3606.77	3473.74
3605.73	3422.83
3604.69	3412.62
3603.64	3433.52
3602.6	3428.09
3601.55	3606.84
3600.5	3455.52
3599.46	3411.84
3598.41	3466.18
3597.37	3448.81
3596.32	3493.57
3595.27	3533.54
3594.23	3442.11
3593.18	3443.86
3592.13	3505.3
3591.09	3499.87
3590.04	3475.35
3588.99	3443.68
3587.94	3478.83
3586.9	3492.5
3585.85	3477.54
3584.8	3524.58
3583.75	3373.72
3582.7	3382.63
3581.65	3477.33
3580.6	3469.54
3579.56	3507.01
3578.51	3437.28
3577.46	3458.07
3576.41	3412.19
3575.36	3487.73
3574.31	3518.03
3573.26	3460.26
3572.2	3495.3
3571.15	3511.3
3570.1	3527.3
3569.05	3526.64
3568	3445.15
3566.95	3408.85
3565.9	3543.69
3564.84	3462.23
3563.79	3582.75
3562.74	3496.57
3561.69	3393.8
3560.63	3421.66
3559.58	3570.59
3558.53	3520.07
3557.47	3500.43
3556.42	3537.74
3555.37	3442.19
3554.31	3534.05
3553.26	3459.88
3552.2	3466.35
3551.15	3534.45
3550.09	3462.68
3549.04	3509.43
3547.98	3527.73
3546.93	3517.6
3545.87	3505.1
3544.82	3566.01
3543.76	3477.75
3542.71	3531.54
3541.65	3625.54
3540.59	3534.95
3539.54	3550.85
3538.48	3486.33
3537.42	3480.95
3536.36	3440.1
3535.31	3474.92
3534.25	3500.27
3533.19	3622.49
3532.13	3569.84
3531.07	3555
3530.02	3525.99
3528.96	3513.53
3527.9	3640.36
3526.84	3568.87
3525.78	3551.68
3524.72	3576.97
3523.66	3599.89
3522.6	3427.04
3521.54	3483
3520.48	3517.71
3519.42	3604.27
3518.36	3502.25
3517.3	3551.08
3516.24	3585.76
3515.17	3490.87
3514.11	3640.94
3513.05	3628.48
3511.99	3571.3
3510.93	3471.78
3509.87	3555.85
3508.8	3585.77
3507.74	3582.75
3506.68	3544.44
3505.61	3628.44
3504.55	3545.47
3503.49	3678.79
3502.42	3635.8
3501.36	3545.83
3500.3	3559.26
3499.23	3549.2
3498.17	3642.47
3497.1	3573.7
3496.04	3528.42
3494.97	3666.24
3493.91	3613.93
3492.84	3632.02
3491.77	3596.16
3490.71	3633.01
3489.64	3566.67
3488.58	3713.7
3487.51	3689.57
3486.44	3670.13
3485.38	3732.71
3484.31	3699.21
3483.24	3597.79
3482.17	3611.17
3481.11	3645.61
3480.04	3644.93
3478.97	3606.8
3477.9	3666.97
3476.83	3631.18
3475.77	3583.72
3474.7	3765.47
3473.63	3603.42
3472.56	3584.04
3471.49	3683.88
3470.42	3622.42
3469.35	3568
3468.28	3670.12
3467.21	3662.43
3466.14	3654.73
3465.07	3572.33
3464	3658.03
3462.92	3673.68
3461.85	3640.32
3460.78	3658.3
3459.71	3608.63
3458.64	3677.92
3457.57	3677.23
3456.49	3664.88
3455.42	3710.81
3454.35	3768.38
3453.28	3662.82
3452.2	3669.12
3451.13	3749.95
3450.06	3721.3
3448.98	3732.24
3447.91	3724.56
3446.83	3668
3445.76	3678.94
3444.68	3687.56
3443.61	3686.86
3442.53	3735.01
3441.46	3783.14
3440.38	3842.87
3439.31	3600.42
3438.23	3753.12
3437.16	3731.5
3436.08	3798.16
3435	3741.71
3433.93	3745.65
3432.85	3717.08
3431.77	3637.46
3430.7	3757.46
3429.62	3777.64
3428.54	3725.89
3427.46	3778.53
3426.39	3787.1
3425.31	3733.06
3424.23	3720.76
3423.15	3664.43
3422.07	3814.37
3420.99	3802.07
3419.91	3773.56
3418.83	3809.9
3417.75	3806.87
3416.68	3789.95
3415.6	3749.88
3414.51	3848.69
3413.43	3716.07
3412.35	3807.91
3411.27	3774.81
3410.19	3792.6
3409.11	3914.43
3408.03	3855.9
3406.95	3864.42
3405.87	3736.59
3404.78	3805.2
3403.7	3739.8
3402.62	3845.34
3401.54	3803.05
3400.45	3783.86
3399.37	3893.94
3398.29	3853.97
3397.2	3710.19
3396.12	3771.78
3395.04	3930.21
3393.95	3793.42
3392.87	4018.65
3391.78	3838.09
3390.7	3874.24
3389.61	3818.2
3388.53	3861.26
3387.44	3837.49
3386.36	3843.68
3385.27	3769.27
3384.19	3897.48
3383.1	3919.76
3382.01	3730.32
3380.93	3941.29
3379.84	3860.03
3378.75	3827.1
3377.67	3780.39
3376.58	3981.99
3375.49	3946.76
3374.4	3821.91
3373.31	3947.57
3372.23	3944.52
3371.14	3897.84
3370.05	3899.4
3368.96	3845.85
3367.87	3895.63
3366.78	3986.7
3365.69	3926.28
3364.6	3820
3363.51	3901.86
3362.42	3953.87
3361.33	3852.23
3360.24	4000.52
3359.15	4022.68
3358.06	3879.84
3356.97	3897.43
3355.88	4020.4
3354.79	3941.77
3353.69	4005.14
3352.6	3981.49
3351.51	3893.75
3350.42	3822.06
3349.33	4024.99
3348.23	3925.85
3347.14	3863.35
3346.05	3883.2
3344.95	3960.21
3343.86	3973.17
3342.77	4072.99
3341.67	4019.66
3340.58	4094.29
3339.48	3999.86
3338.39	3919.17
3337.29	4039.45
3336.2	3883.44
3335.1	3994.55
3334.01	3998.35
3332.91	4129.94
3331.82	4044.75
3330.72	4012.05
3329.62	3997.6
3328.53	4051.57
3327.43	4025.72
3326.33	3977.1
3325.24	4028.75
3324.14	3977.87
3323.04	4052.28
3321.94	4044.68
3320.85	4034.81
3319.75	4049.98
3318.65	4003.69
3317.55	4018.86
3316.45	4031.75
3315.35	4103.78
3314.25	4089.35
3313.16	4047.64
3312.06	4256.04
3310.96	4073.38
3309.86	4015.79
3308.76	4142.28
3307.66	4077.88
3306.55	4079.38
3305.45	4135.38
3304.35	4114.16
3303.25	4090.67
3302.15	3996.84
3301.05	4132.23
3299.95	4070.19
3298.84	4153.35
3297.74	4070.91
3296.64	4061.07
3295.54	4114.71
3294.43	4025.53
3293.33	4142.6
3292.23	4110.1
3291.12	4165.95
3290.02	4081.36
3288.92	4030.76
3287.81	4102.44
3286.71	4122.04
3285.6	4085.04
3284.5	4165.72
3283.39	4119.68
3282.29	4109.85
3281.18	4176.92
3280.08	4121.86
3278.97	4154.98
3277.86	4124.81
3276.76	4103.69
3275.65	4166.17
3274.54	4217.33
3273.44	4081.02
3272.33	4258.62
3271.22	4104.3
3270.12	4196.06
3269.01	4190.75
3267.9	4352.4
3266.79	4389.92
3265.68	4228.95
3264.57	4162.75
3263.47	4231.85
3262.36	4228.79
3261.25	4225.73
3260.14	4267.74
3259.03	4235.38
3257.92	4194.03
3256.81	4240.53
3255.7	4255.48
3254.59	4119.6
3253.48	4256.11
3252.37	4295.8
3251.25	4240.99
3250.14	4237.93
3249.03	4365.31
3247.92	4389.22
3246.81	4428.85
3245.69	4297.63
3244.58	4366.48
3243.47	4291.5
3242.36	4360.32
3241.24	4350.51
3240.13	4378.87
3239.02	4324.15
3237.9	4215.58
3236.79	4241.7
3235.68	4442.84
3234.56	4444.24
3233.45	4429.93
3232.33	4352.84
3231.22	4477.57
3230.1	4404.98
3228.99	4489.31
3227.87	4495.17
3226.75	4380.05
3225.64	4426.25
3224.52	4541.87
3223.41	4473.82
3222.29	4372.23
3221.17	4460.92
3220.05	4554.06
3218.94	4389.86
3217.82	4411.39
3216.7	4502.25
3215.58	4570.71
3214.47	4621.26
3213.35	4620.37
3212.23	4521.15
3211.11	4594.03
3209.99	4517.19
3208.87	4478.36
3207.75	4644.99
3206.63	4644.1
3205.51	4634.28
3204.39	4575.37
3203.27	4565.57
3202.15	4573.62
3201.03	4668.66
3199.91	4649.92
3198.79	4702.55
3197.67	4621.39
3196.55	4551.41
3195.42	4619.62
3194.3	4641.02
3193.18	4669.09
3192.06	4721.65
3190.93	4740.79
3189.81	4759.91
3188.69	4774.58
3187.56	4771.45
3186.44	4770.53
3185.32	4638.36
3184.19	4782.05
3183.07	4807.82
3181.94	4740.2
3180.82	4761.52
3179.7	4731.71
3178.57	4695.25
3177.44	4629.93
3176.32	4880.04
3175.19	4821.36
3174.07	4749.38
3172.94	4786.21
3171.82	4838.56
3170.69	4740
3169.56	4923.24
3168.43	4911.2
3167.31	4857.03
3166.18	4705.32
3165.05	4948.28
3163.92	4958.42
3162.8	4941.95
3161.67	4830.22
3160.54	4928.98
3159.41	4912.53
3158.28	4829.65
3157.15	4908.43
3156.02	4849.93
3154.89	4928.68
3153.76	4865.77
3152.63	4955.54
3151.5	4912.57
3150.37	4809.9
3149.24	4892.99
3148.11	4980.48
3146.98	4913.22
3145.85	4894.59
3144.72	4962.14
3143.59	5056.17
3142.45	4980.11
3141.32	4904.08
3140.19	4960.54
3139.06	4970.62
3137.92	4989.53
3136.79	5001.81
3135.66	4921.43
3134.52	5125.6
3133.39	4928.36
3132.26	4984.73
3131.12	4959.53
3129.99	5081.99
3128.85	5109.65
3127.72	5031.57
3126.58	5021.79
3125.45	5014.22
3124.31	5237.83
3123.18	5188.39
3122.04	5088.35
3120.9	5058.77
3119.77	5049
3118.63	5217.39
3117.49	5172.4
3116.36	5296.74
3115.22	5188
3114.08	5197.99
3112.95	5161.83
3111.81	5152.05
3110.67	5146.66
3109.53	5290.62
3108.39	5214.95
3107.25	5099.78
3106.11	5173.43
3104.98	5073.68
3103.84	5142.91
3102.7	5359.09
3101.56	5325.16
3100.42	5286.86
3099.28	5226.65
3098.14	5326.47
3096.99	5255.31
3095.85	5142.55
3094.71	5308.05
3093.57	5258.84
3092.43	5369.51
3091.29	5344.39
3090.15	5312.72
3089	5469.27
3087.86	5288.79
3086.72	5283.39
3085.57	5369.87
3084.43	5290.1
3083.29	5455.25
3082.14	5414.85
3081	5437.85
3079.86	5419.32
3078.71	5549.36
3077.57	5382.28
3076.42	5510.09
3075.28	5367.1
3074.13	5503.6
3072.99	5373.76
3071.84	5527.66
3070.7	5367.32
3069.55	5416.45
3068.4	5557.17
3067.26	5499.4
3066.11	5441.66
3064.96	5484.2
3063.82	5561.6
3062.67	5538.73
3061.52	5563.8
3060.37	5506.1
3059.23	5570.36
3058.08	5536.63
3056.93	5487.67
3055.78	5495.31
3054.63	5555.18
3053.48	5580.21
3052.33	5400.77
3051.18	5599.8
3050.03	5648.73
3048.88	5593.29
3047.73	5611.77
3046.58	5680.22
3045.43	5581.35
3044.28	5671.5
3043.13	5629.14
3041.98	5634.57
3040.83	5466.32
3039.68	5669.28
3038.52	5631.3
3037.37	5571.63
3036.22	5720.22
3035.07	5714.78
3033.91	5694.16
3032.76	5773.27
3031.61	5661.61
3030.45	5781.87
3029.3	5769.92
3028.14	5734.14
3026.99	5746.02
3025.84	5630.14
3024.68	5724.31
3023.53	5885.55
3022.37	5644.18
3021.22	5798.88
3020.06	5860.49
3018.9	5954.53
3017.75	5763.07
3016.59	5785.74
3015.44	5879.73
3014.28	5809.43
3013.12	5838.55
3011.96	5722.92
3010.81	5862.21
3009.65	5789.81
3008.49	5814.59
3007.33	5949.47
3006.18	5924.57
3005.02	5988.16
3003.86	5753.99
3002.7	5890.92
3001.54	5855.27
3000.38	5834.73
2999.22	5954.32
2998.06	5873.42
2996.9	5852.89
2995.74	5804.35
2994.58	5923.85
2993.42	5862.4
2992.26	6057.21
2991.1	5898.87
2989.94	5917.1
2988.77	5823.41
2987.61	5891.14
2986.45	5935.17
2985.29	5852.28
2984.12	5928.56
2982.96	6000.51
2981.8	5979.99
2980.64	6131.42
2979.47	5964.78
2978.31	6053.85
2977.14	5887.28
2975.98	6008.54
2974.82	5966.58
2973.65	6027.67
2972.49	5949.24
2971.32	6051.08
2970.16	6032.74
2968.99	6035.86
2967.82	6094.73
2966.66	5977.76
2965.49	6068.78
2964.33	6099.75
2963.16	6162.84
2961.99	6045.95
2960.83	6128.32
2959.66	6131.41
2958.49	6307.93
2957.32	6041.25
2956.15	6138.53
2954.99	6077.42
2953.82	6288.04
2952.65	6145.64
2951.48	6304.84
2950.31	6203.12
2949.14	6248.94
2947.97	6140.85
2946.8	6216.59
2945.63	6296.57
2944.46	6261.16
2943.29	6268.49
2942.12	6320.65
2940.95	6240.42
2939.78	6412.1
2938.61	6363.9
2937.44	6285.85
2936.26	6323.03
2935.09	6349.52
2933.92	6437.84
2932.75	6468.57
2931.57	6379.91
2930.4	6342.44
2929.23	6349.72
2928.05	6237.71
2926.88	6462.26
2925.71	6363.04
2924.53	6353.29
2923.36	6328.63
2922.18	6429.55
2921.01	6417.66
2919.83	6456.83
2918.66	6370.49
2917.48	6541.5
2916.31	6478.56
2915.13	6398.64
2913.95	6365.51
2912.78	6417.4
2911.6	6511.75
2910.42	6446.75
2909.25	6398.77
2908.07	6350.81
2906.89	6534.26
2905.71	6409.88
2904.54	6461.68
2903.36	6464.66
2902.18	6353.09
2901	6504.55
2899.82	6488.43
2898.64	6502.01
2897.46	6515.57
2896.28	6457.08
2895.1	6483.36
2893.92	6660.04
2892.74	6588.84
2891.56	6581.2
2890.38	6609.55
2889.2	6650.59
2888.02	6634.48
2886.84	6578.17
2885.65	6676.31
2884.47	6685.58
2883.29	6644.09
2882.11	6503.25
2880.92	6633.04
2879.74	6401.38
2878.56	6636.78
2877.38	6612.24
2876.19	6657.41
2875.01	6506.18
2873.82	6754.04
2872.64	6531.07
2871.45	6605.77
2870.27	6623.47
2869.08	6632.72
2867.9	6819.14
2866.71	6682.84
2865.53	6666.77
2864.34	6739.25
2863.16	6756.89
2861.97	6726.07
2860.78	6400.31
2859.6	6658.14
2858.41	6736.86
2857.22	6706.06
2856.03	6753.16
2854.85	6669.76
2853.66	6700.01
2852.47	6686.07
2851.28	6796.25
2850.09	6876.93
2848.9	6682.14
2847.71	6855.31
2846.52	6637.48
2845.34	6640.38
2844.15	6700.01
2842.96	6637.78
2841.76	6747.78
2840.57	6775.86
2839.38	6684.26
2838.19	6775.3
2837	6631.27
2835.81	6778.93
2834.62	6756.62
2833.43	6686.09
2832.23	6697.35
2831.04	6721.2
2829.85	6736.65
2828.65	6758.37
2827.46	6798.95
2826.27	6705.44
2825.07	6921.94
2823.88	7000.15
2822.69	6860.6
2821.49	6815.3
2820.3	6759.55
2819.1	6747.76
2817.91	6825.92
2816.71	6795.3
2815.52	6768.87
2814.32	6755
2813.13	6797.56
2811.93	6769.06
2810.73	6870.11
2809.54	6879.21
2808.34	6934.25
2807.14	6805.5
2805.94	6820.86
2804.75	6834.13
2803.55	6824.44
2802.35	6896.13
2801.15	6832.19
2799.95	6809.98
2798.75	6894.14
2797.56	6938.65
2796.36	6887.26
2795.16	7079.73
2793.96	6840.79
2792.76	6985.27
2791.56	6915.16
2790.36	6961.7
2789.16	6906.19
2787.95	6988.1
2786.75	6986.72
2785.55	7004.07
2784.35	7000.61
2783.15	6999.23
2781.95	7056.08
2780.74	6940.34
2779.54	6984.7
2778.34	7118.42
2777.13	6984.03
2775.93	7065.75
2774.73	6985.43
2773.52	6990.28
2772.32	7040.81
2771.12	7122.46
2769.91	6903.13
2768.71	7173.6
2767.5	6923.23
2766.3	7114.77
2765.09	6930.86
2763.89	7014.51
2762.68	7056.66
2761.47	7192.06
2760.27	7022.79
2759.06	7139.5
2757.85	7177.44
2756.65	7184.31
2755.44	7083.5
2754.23	7193.9
2753.02	7227.66
2751.81	7046.2
2750.61	7171.01
2749.4	7254.41
2748.19	7075.12
2746.98	7110.94
2745.77	7200.5
2744.56	7244.54
2743.35	7203.85
2742.14	7123.91
2740.93	7149.36
2739.72	7393.72
2738.51	7262.17
2737.3	7293.76
2736.09	7345.99
2734.88	7239.29
2733.66	7229.6
2732.45	7378.76
2731.24	7249.43
2730.03	7289.24
2728.82	7353.77
2727.6	7259.56
2726.39	7324.07
2725.18	7145.43
2723.96	7333.53
2722.75	7323.84
2721.53	7301.8
2720.32	7238.59
2719.11	7132.19
2717.89	7297.47
2716.68	7400.96
2715.46	7397.43
2714.25	7284.91
2713.03	7258.79
2711.81	7380.71
2710.6	7202.47
2709.38	7201.05
2708.16	7550.97
2706.95	7397.46
2705.73	7406.26
2704.51	7324.71
2703.29	7317.1
2702.08	7307.44
2700.86	7437.33
2699.64	7351.73
2698.42	7333.87
2697.2	7398.05
2695.98	7250.98
2694.76	7411.51
2693.54	7371.1
2692.32	7400.38
2691.1	7355.88
2689.88	7344.18
2688.66	7441.04
2687.44	7445.7
2686.22	7323.43
2685	7432.51
2683.78	7439.23
2682.56	7405.01
2681.33	7358.54
2680.11	7567.74
2678.89	7371.97
2677.67	7456.38
2676.44	7475.34
2675.22	7289.92
2674	7306.87
2672.77	7399.39
2671.55	7406.09
2670.33	7420.96
2669.1	7372.52
2667.88	7573.15
2666.65	7463.48
2665.43	7296.71
2664.2	7511.51
2662.97	7528.38
2661.75	7394.33
2660.52	7468.3
2659.3	7332.28
2658.07	7406.23
2656.84	7467.92
2655.62	7415.5
2654.39	7497.54
2653.16	7430.88
2651.93	7443.66
2650.7	7438.11
2649.48	7554.67
2648.25	7429.04
2647.02	7445.88
2645.79	7428.12
2644.56	7538.49
2643.33	7476
2642.1	7431.82
2640.87	7513.67
2639.64	7638.16
2638.41	7535.06
2637.18	7665.58
2635.95	7627.5
2634.72	7599.59
2633.48	7553.42
2632.25	7517.41
2631.02	7442.87
2629.79	7636.14
2628.56	7697.5
2627.32	7596.6
2626.09	7613.33
2624.86	7623.98
2623.62	7634.62
2622.39	7710.1
2621.16	7641.71
2619.92	7555.11
2618.69	7610.31
2617.45	7722.18
2616.22	7633.59
2614.98	7579.45
2613.75	7727.68
2612.51	7641.17
2611.27	7718.53
2610.04	7504.65
2608.8	7620.42
2607.57	7606.77
2606.33	7611.32
2605.09	7700.73
2603.85	7676.97
2602.62	7699.68
2601.38	7750.65
2600.14	7597.67
2598.9	7531.56
2597.66	7764.17
2596.42	7595.14
2595.18	7716.69
2593.94	7729.27
2592.71	7701.51
2591.47	7760.46
2590.23	7613.77
2588.98	7646.51
2587.74	7735.66
2586.5	7613.24
2585.26	7567.4
2584.02	7545.75
2582.78	7652.97
2581.54	7470.27
2580.29	7635.82
2579.05	7616.19
2577.81	7707.21
2576.57	7536.71
2575.32	7583.47
2574.08	7700.58
2572.84	7699.04
2571.59	7639.21
2570.35	7645.72
2569.1	7622.1
2567.86	7670.79
2566.61	7653.19
2565.37	7641.62
2564.12	7768.56
2562.88	7700.78
2561.63	7675.16
2560.39	7462.97
2559.14	7575.81
2557.89	7686.59
2556.65	7723.15
2555.4	7573.27
2554.15	7525.65
2552.9	7576.24
2551.66	7596.76
2550.41	7437.01
2549.16	7529.64
2547.91	7566.17
2546.66	7636.72
2545.41	7627.19
2544.16	7611.65
2542.91	7646.14
2541.66	7548.6
2540.41	7541.09
2539.16	7539.57
2537.91	7624.02
2536.66	7616.5
2535.41	7567.01
2534.16	7701.34
2532.91	7510.05
2531.66	7648.33
2530.4	7630.83
2529.15	7645.26
2527.9	7659.7
2526.65	7544.43
2525.39	7548.9
2524.14	7581.29
2522.89	7521.94
2521.63	7458.62
2520.38	7479.05
2519.12	7471.57
2517.87	7374.43
2516.61	7492.48
2515.36	7584.59
2514.1	7543.24
2512.85	7539.74
2511.59	7595.95
2510.33	7471.03
2509.08	7596.88
2507.82	7651.05
2506.56	7496.37
2505.31	7435.21
2504.05	7469.5
2502.79	7563.41
2501.53	7545.99
2500.28	7560.37
2499.02	7525.08
2497.76	7465.97
2496.5	7530
2495.24	7415.32
2493.98	7677.83
2492.72	7493.71
2491.46	7583.47
2490.2	7363.73
2488.94	7550.67
2487.68	7545.19
2486.42	7555.56
2485.16	7504.49
2483.9	7395.97
2482.63	7438.07
2481.37	7402.9
2480.11	7500.43
2478.85	7498.93
2477.59	7461.78
2476.32	7426.63
2475.06	7496.38
2473.8	7443.43
2472.53	7424.12
2471.27	7430.54
2470	7448.82
2468.74	7516.51
2467.47	7471.51
2466.21	7586.6
2464.94	7600.88
2463.68	7528.24
2462.41	7550.42
2461.15	7614.06
2459.88	7598.71
2458.61	7466.91
2457.35	7566.04
2456.08	7629.63
2454.81	7525.52
2453.54	7589.08
2452.28	7536.28
2451.01	7660.94
2449.74	7474.12
2448.47	7462.76
2447.2	7636.6
2445.93	7579.91
2444.66	7594.13
2443.39	7616.23
2442.12	7508.39
2440.85	7603.31
2439.58	7442.39
2438.31	7582.54
2437.04	7608.55
2435.77	7593.25
2434.5	7528.79
2433.23	7584.28
2431.96	7574.89
2430.68	7490.83
2429.41	7654.35
2428.14	7597.8
2426.87	7476.47
2425.59	7598.66
2424.32	7500.94
2423.04	7458.21
2421.77	7554.81
2420.5	7539.55
2419.22	7630.22
2417.95	7538.47
2416.67	7484.01
2415.4	7584.43
2414.12	7518.22
2412.85	7571.57
2411.57	7515.18
2410.29	7462.73
2409.02	7625.72
2407.74	7559.57
2406.46	7581.53
2405.18	7558.47
2403.91	7478.67
2402.63	7584.76
2401.35	7473.69
2400.07	7626.67
2398.79	7730.7
2397.52	7549.3
2396.24	7569.27
2394.96	7567.74
2393.68	7589.65
2392.4	7779.53
2391.12	7641.26
2389.84	7612.38
2388.56	7659.64
2387.27	7583.92
2385.99	7715.07
2384.71	7518.43
2383.43	7616.37
2382.15	7579.73
2380.87	7488.51
2379.58	7473.35
2378.3	7582.92
2377.02	7727.52
2375.73	7611.02
2374.45	7623.11
2373.17	7409.31
2371.88	7540.2
2370.6	7651.56
2369.31	7525.46
2368.03	7642.62
2366.74	7524.36
2365.46	7598.68
2364.17	7672.98
2362.89	7533.39
2361.6	7559.07
2360.31	7623.61
2359.03	7738.64
2357.74	7737.07
2356.45	7585.96
2355.17	7531.99
2353.88	7619.76
2352.59	7691.97
2351.3	7612.79
2350.01	7607.36
2348.72	7570.9
2347.43	7464.64
2346.15	7724.89
2344.86	7554.66
2343.57	7545.38
2342.28	7464.39
2340.99	7674.05
2339.69	7606.64
2338.4	7599.28
2337.11	7599.67
2335.82	7532.31
2334.53	7548.2
2333.24	7598.91
2331.95	7647.67
2330.65	7657.72
2329.36	7559.47
2328.07	7762.88
2326.77	7680.11
2325.48	7643.76
2324.19	7603.56
2322.89	7638.72
2321.6	7548.32
2320.3	7643.34
2319.01	7632.13
2317.71	7541.78
2316.42	7534.46
2315.12	7698.87
2313.83	7772.54
2312.53	7547.22
2311.23	7738.52
2309.94	7717.66
2308.64	7665.98
2307.34	7585.4
2306.05	7460.54
2304.75	7636.25
2303.45	7704.03
2302.15	7590.78
2300.85	7583.46
2299.55	7645.43
2298.25	7591.91
2296.96	7551.89
2295.66	7675.39
2294.36	7639.2
2293.06	7760.71
2291.76	7757.21
2290.45	7778.69
2289.15	7608
2287.85	7671.77
2286.55	7745.12
2285.25	7751.22
2283.95	7740.04
2282.65	7723.11
2281.34	7642.84
2280.04	7785.2
2278.74	7586
2277.43	7659.26
2276.13	7561.81
2274.83	7602.45
2273.52	7761.93
2272.22	7670.26
2270.91	7766.42
2269.61	7784
2268.3	7822.63
2267	7598.89
2265.69	7589.68
2264.39	7720.21
2263.08	7760.74
2261.77	7898.84
2260.47	7765.23
2259.16	7853.54
2257.85	7643.49
2256.54	7737.53
2255.24	7793.29
2253.93	7740.1
2252.62	7763.36
2251.31	7777.05
2250	7773.55
2248.69	7875.08
2247.38	7831.47
2246.07	7864.23
2244.76	7858.8
2243.45	7784.69
2242.14	7901.37
2240.83	7939.81
2239.52	7858.1
2238.21	7860.3
2236.9	8014.99
2235.59	7929.5
2234.27	7855.48
2232.96	7912.92
2231.65	7760.85
2230.34	7883.03
2229.02	7803.36
2227.71	7967.35
2226.4	8022.81
2225.08	7910.82
2223.77	7840.72
2222.45	7983.65
2221.14	7961.1
2219.82	7811.19
2218.51	7855.21
2217.19	7891.6
2215.88	7891.89
2214.56	8046.02
2213.24	8021.59
2211.93	8019.94
2210.61	7921.49
2209.29	7883.81
2207.97	8005.53
2206.66	8026.65
2205.34	8053.46
2204.02	8038.53
2202.7	7934.5
2201.38	8071.25
2200.06	8113.18
2198.74	8022.47
2197.42	8178.05
2196.1	8087.36
2194.78	8042.15
2193.46	7974.23
2192.14	8171.35
2190.82	8010.7
2189.5	8062.04
2188.18	8030.12
2186.86	8126.81
2185.54	8087.33
2184.21	8146.16
2182.89	8136.93
2181.57	8176.83
2180.24	8131.7
2178.92	8143.25
2177.6	8092.48
2176.27	8187.11
2174.95	8115.58
2173.62	8346.07
2172.3	8227.36
2170.97	8121.9
2169.65	8263.59
2168.32	8180.8
2167	8273.39
2165.67	8228.33
2164.34	8388.72
2163.02	8255.1
2161.69	8243.98
2160.36	8264.89
2159.04	8182.21
2157.71	8225.72
2156.38	8419.79
2155.05	8419.94
2153.72	8271.45
2152.39	8249.05
2151.06	8268.04
2149.74	8151.64
2148.41	8266.52
2147.08	8206.55
2145.75	8323.26
2144.41	8462.46
2143.08	8259.72
2141.75	8314.36
2140.42	8273.22
2139.09	8303.43
2137.76	8258.55
2136.43	8386.33
2135.09	8386.48
2133.76	8337.86
2132.43	8298.63
2131.09	8340.05
2129.76	8274.59
2128.43	8274.76
2127.09	8340.51
2125.76	8267.6
2124.42	8447.59
2123.09	8400.9
2121.75	8537.72
2120.42	8547.19
2119.08	8341.43
2117.75	8472.56
2116.41	8394.12
2115.07	8470.94
2113.74	8358.86
2112.4	8424.44
2111.06	8379.71
2109.72	8508.8
2108.38	8421.1
2107.05	8361.45
2105.71	8591.32
2104.37	8619.42
2103.03	8483.23
2101.69	8647.6
2100.35	8498.39
2099.01	8535.81
2097.67	8507.93
2096.33	8508.04
2094.99	8575.28
2093.65	8362.85
2092.31	8476.68
2090.97	8542.01
2089.62	8527.21
2088.28	8570.15
2086.94	8384.01
2085.6	8499.58
2084.25	8419.64
2082.91	8501.65
2081.57	8633.86
2080.22	8509.3
2078.88	8658.19
2077.53	8533.67
2076.19	8448.24
2074.84	8435.34
2073.5	8539.53
2072.15	8508.03
2070.81	8422.68
2069.46	8484.08
2068.12	8487.9
2066.77	8629.1
2065.42	8540.07
2064.08	8605.11
2062.73	8588.49
2061.38	8581.14
2060.03	8609.04
2058.68	8631.36
2057.34	8586.94
2055.99	8501.76
2054.64	8707.54
2053.29	8668.68
2051.94	8603.91
2050.59	8702.13
2049.24	8726.25
2047.89	8641.14
2046.54	8752.25
2045.19	8754.13
2043.83	8639.47
2042.48	8663.57
2041.13	8606.3
2039.78	8830.08
2038.43	8726.58
2037.07	8661.94
2035.72	8713.72
2034.37	8638.02
2033.01	8778.45
2031.66	8726.77
2030.31	8686.19
2028.95	8835.74
2027.6	8699.2
2026.24	8749.05
2024.89	8608.89
2023.53	8821.03
2022.17	8800.77
2020.82	8815.53
2019.46	8843.19
2018.11	8887.42
2016.75	8872.68
2015.39	8835.84
2014.03	8795.33
2012.68	9001.56
2011.32	8756.71
2009.96	8953.65
2008.6	8885.55
2007.24	8846.91
2005.88	8891.06
2004.52	8841.4
2003.16	8995.84
2001.8	8749.49
2000.44	8826.7
1999.08	8920.41
1997.72	8878.14
1996.36	8986.49
1995	8907.5
1993.64	8971.74
1992.27	9045.13
1990.91	9180.88
1989.55	9023.02
1988.19	9096.35
1986.82	9081.62
1985.46	8966.05
1984.1	9017.35
1982.73	9013.64
1981.37	8995.27
1980	9158.28
1978.64	9028.16
1977.27	8987.82
1975.91	9194.67
1974.54	9046.32
1973.18	9092.02
1971.81	9082.81
1970.44	9192.51
1969.08	9179.62
1967.71	9049.7
1966.34	9164.82
1964.97	9095.29
1963.61	9142.73
1962.24	9272.38
1960.87	9350.82
1959.5	9334.26
1958.13	9182.59
1956.76	9208.06
1955.39	9288.27
1954.02	9248.01
1952.65	9236.96
1951.28	9371.84
1949.91	9348
1948.54	9304.12
1947.17	9382.38
1945.8	9407.76
1944.42	9303.76
1943.05	9462.14
1941.68	9336.31
1940.31	9330.72
1938.93	9470.78
1937.56	9230.35
1936.19	9472.29
1934.81	9337.49
1933.44	9399.21
1932.06	9459.08
1930.69	9440.74
1929.31	9460.58
1927.94	9493.14
1926.56	9663.79
1925.18	9527.33
1923.81	9654.31
1922.43	9586.91
1921.05	9581.28
1919.68	9448.58
1918.3	9502.86
1916.92	9651.48
1915.54	9653.09
1914.17	9435.24
1912.79	9634.55
1911.41	9516.5
1910.03	9652.28
1908.65	9701
1907.27	9735.21
1905.89	9651.66
1904.51	9674.99
1903.13	9602.35
1901.75	9701.72
1900.37	9750.37
1898.99	9703.09
1897.6	9702.87
1896.22	9628.49
1894.84	9568.6
1893.46	9671.47
1892.07	9895.41
1890.69	9786.7
1889.31	9744.9
1887.92	9732.02
1886.54	9825.71
1885.15	9839.91
1883.77	9789.1
1882.38	9828.56
1881	10066.5
1879.61	9903.84
1878.23	9896.35
1876.84	9894.28
1875.46	9791.22
1874.07	9924.38
1872.68	9967.36
1871.29	10239.2
1869.91	9909.13
1868.52	9932.28
1867.13	10034.6
1865.74	9933.51
1864.35	10077.2
1862.96	9986.94
1861.57	10150.4
1860.19	10079.9
1858.8	10013
1857.4	10054.1
1856.01	10046.6
1854.62	10051.7
1853.23	10090.9
1851.84	10085.2
1850.45	10036.4
1849.06	10070.2
1847.67	10195.5
1846.27	10177.2
1844.88	10106.9
1843.49	10106.6
1842.09	10106.3
1840.7	10175.9
1839.31	10206
1837.91	10184.2
1836.52	10345.1
1835.12	10450.5
1833.73	10288.8
1832.33	10433.6
1830.93	10212.9
1829.54	10319.9
1828.14	10341.1
1826.75	10387.2
1825.35	10354.6
1823.95	10375.7
1822.55	10486.2
1821.16	10439.3
1819.76	10492.5
1818.36	10349.1
1816.96	10312.9
1815.56	10412.6
1814.16	10523
1812.76	10495.8
1811.36	10609.6
1809.96	10487.8
1808.56	10476.7
1807.16	10469.1
1805.76	10347.3
1804.36	10520
1802.96	10471.4
1801.56	10544.1
1800.15	10588.2
1798.75	10543.2
1797.35	10489.3
1795.94	10563.7
1794.54	10508.1
1793.14	10603.8
1791.73	10685.2
1790.33	10734.6
1788.92	10413.8
1787.52	10548.6
1786.11	10654.9
1784.71	10659.8
1783.3	10657.5
1781.9	10609
1780.49	10727.7
1779.08	10609.9
1777.68	10680.5
1776.27	10658.7
1774.86	10743.5
1773.45	10695.1
1772.05	10650.2
1770.64	10640.8
1769.23	10777
1767.82	10760.6
1766.41	10611.1
1765	10715.2
1763.59	10771.5
1762.18	10737.3
1760.77	10843.1
1759.36	10546.7
1757.95	10741.1
1756.54	10726.5
1755.12	10880
1753.71	10911.4
1752.3	10721.4
1750.89	10632.4
1749.47	10831.9
1748.06	10880.9
1746.65	10937
1745.23	10711.9
1743.82	10769.7
1742.4	10815.2
1740.99	10800.5
1739.58	10830
1738.16	10875.4
1736.74	10924.3
1735.33	10830.2
1733.91	10967.4
1732.5	11023.3
1731.08	10858.6
1729.66	10974.5
1728.24	11021.6
1726.83	10959.3
1725.41	10994
1723.99	11035.7
1722.57	11052.8
1721.15	11062.8
1719.73	11021.7
1718.31	10991.2
1716.89	10936
1715.47	11078.1
1714.05	11061.6
1712.63	11119.1
1711.21	10884.5
1709.79	11128.5
1708.37	10964.3
1706.95	11032.3
1705.52	11068.7
1704.1	11047
1702.68	11169.4
1701.26	11174.1
1699.83	11212.1
1698.41	11027.1
1696.98	11100.3
1695.56	11157.6
1694.14	11176.3
1692.71	11237.1
1691.28	11080.3
1689.86	11142.9
1688.43	11168.5
1687.01	11238
1685.58	11165.6
1684.15	11322.6
1682.73	11090.7
1681.3	11284.6
1679.87	11310.2
1678.44	11155.5
1677.02	11153.1
1675.59	11341.5
1674.16	11242.8
1672.73	11174
1671.3	11362.2
1669.87	11338.8
1668.44	11371.4
1667.01	11379.5
1665.58	11228.5
1664.15	11378.1
1662.72	11309.3
1661.28	11404.7
1659.85	11245.2
1658.42	11359.7
1656.99	11189.8
1655.55	11189.1
1654.12	11298.4
1652.69	11247.2
1651.25	11358.1
1649.82	11413.2
1648.39	11386.4
1646.95	11404.9
1645.52	11449.5
1644.08	11278.1
1642.64	11496.9
1641.21	11597.1
1639.77	11401.5
1638.34	11305.1
1636.9	11525.4
1635.46	11575.1
1634.02	11577.8
1632.59	11707.5
1631.15	11506.9
1629.71	11415.8
1628.27	11581.9
1626.83	11770.5
1625.39	11719.4
1623.95	11452.9
1622.51	11704
1621.07	11692.8
1619.63	11667.8
1618.19	11675.7
1616.75	11855.3
1615.31	11660.3
1613.87	11827.7
1612.43	11984.7
1610.98	11850.4
1609.54	12003.9
1608.1	12008.2
1606.66	11877.5
1605.21	11869.8
1603.77	12050.8
1602.32	11946.1
1600.88	11960.8
1599.43	11947.9
1597.99	11907.3
1596.54	11922
1595.1	12185.8
1593.65	12069.1
1592.21	12021.6
1590.76	11987.9
1589.31	12000.9
1587.86	12160.7
1586.42	12139.1
1584.97	12046.7
1583.52	12007.9
1582.07	11881.1
1580.62	11994.1
1579.17	12024.4
1577.72	12189.1
1576.28	12034.7
1574.83	11959.8
1573.37	12033
1571.92	11961.5
1570.47	12019.3
1569.02	11989.2
1567.57	11988.3
1566.12	11990.9
1564.67	12058.9
1563.21	11997.8
1561.76	12069.3
1560.31	12021.9
1558.85	12119.1
1557.4	12003
1555.95	12122.5
1554.49	12083.9
1553.04	12052.1
1551.58	12078.7
1550.13	12036.6
1548.67	12023.7
1547.21	11954.2
1545.76	11953.3
1544.3	12010.8
1542.84	11965.4
1541.39	11978.2
1539.93	12056.3
1538.47	11961.1
1537.01	12070
1535.56	12086.3
1534.1	12058
1532.64	12024.5
1531.18	12189.8
1529.72	11933.7
1528.26	12047.6
1526.8	11959.4
1525.34	12283.8
1523.88	12101.5
1522.42	11979.1
1520.95	11992
1519.49	12167.2
1518.03	12075.7
1516.57	12066.3
1515.1	12036.4
1513.64	12091.9
1512.18	12255
1510.71	12055.9
1509.25	12118.2
1507.79	12127.6
1506.32	12031.1
1504.86	12086.5
1503.39	12077.1
1501.92	12108.6
1500.46	12179.4
1498.99	12067.6
1497.53	12203.1
1496.06	12030.1
1494.59	12020.7
1493.12	12195.3
1491.66	12230.1
1490.19	12164.5
1488.72	12054.6
1487.25	12145.6
1485.78	12114.1
1484.31	12058.7
1482.84	12227.9
1481.37	12125
1479.9	12232.9
1478.43	12434.2
1476.96	12225.9
1475.49	12168.9
1474.02	12191.8
1472.54	12104.2
1471.07	12296.9
1469.6	12194.1
1468.13	12208.5
1466.65	12221.1
1465.18	12269.4
1463.71	12324.4
1462.23	12372.6
1460.76	12215.7
1459.28	12226.6
1457.81	12196.8
1456.33	12290.8
1454.86	12322
1453.38	12253.3
1451.9	12328.6
1450.43	12317.5
1448.95	12162.5
1447.47	12254.6
1445.99	12297.7
1444.52	12097.1
1443.04	12145.2
1441.56	12112.2
1440.08	12324.2
1438.6	12237.1
1437.12	12362.9
1435.64	12172.7
1434.16	12251.1
1432.68	12304.2
1431.2	12318.4
1429.72	12293.8
1428.24	12243.9
1426.75	12322.3
1425.27	12346.6
1423.79	12306.8
1422.31	12160.9
1420.82	12200.4
1419.34	12138.8
1417.86	12267.6
1416.37	12298.6
1414.89	12391.9
1413.4	12135
1411.92	12305.8
1410.43	12217.3
1408.95	12438.5
1407.46	12262.5
1405.97	12386
1404.49	12329.5
1403	12368.9
1401.51	12354.4
1400.03	12370.2
1398.54	12325.6
1397.05	12395.1
1395.56	12365.6
1394.07	12483.8
1392.58	12402.2
1391.09	12523.7
1389.6	12287.8
1388.11	12353.9
1386.62	12265.7
1385.13	12358.6
1383.64	12444.8
1382.15	12202.4
1380.66	12523.2
1379.17	12307.7
1377.67	12824.3
1376.18	12560.3
1374.69	12418.6
1373.19	12409.2
1371.7	12398.2
1370.21	12434
1368.71	12458
1367.22	12488.8
1365.72	12506.1
1364.23	12463.3
1362.73	12505.7
1361.23	12478
1359.74	12625.6
1358.24	12574.4
1356.74	12551.7
1355.25	12714.3
1353.75	12541.2
1352.25	12648.7
1350.75	12525.8
1349.25	12641.5
1347.76	12627.1
1346.26	12621
1344.76	12806.7
1343.26	12743.9
1341.76	12681.1
1340.26	12638.4
1338.75	12642.3
1337.25	12617.9
1335.75	12690.1
1334.25	12863.8
1332.75	12699.6
1331.25	12760
1329.74	12645.8
1328.24	12666.4
1326.74	12588.8
1325.23	12710.7
1323.73	12599.9
1322.22	12638.7
1320.72	12660.9
1319.21	12789.4
1317.71	12682
1316.2	12699.1
1314.7	12631.7
1313.19	12637.2
1311.68	12914.9
1310.18	12781
1308.67	12723.5
1307.16	12627.9
1305.65	12820.7
1304.14	12668.8
1302.63	12546.7
1301.13	12717.9
1299.62	12516.4
1298.11	12738.9
1296.6	12522.6
1295.09	12523.2
1293.58	12714
1292.06	12640.1
1290.55	12511.7
1289.04	12585
1287.53	12712.9
1286.02	12467.1
1284.5	12502.4
1282.99	12631.9
1281.48	12331.8
1279.96	12335.7
1278.45	12395.8
1276.94	12424.4
1275.42	12264.9
1273.91	12280.4
1272.39	12312.4
1270.87	12301.5
1269.36	12189.9
1267.84	12495.6
1266.33	12215.9
1264.81	12239.6
1263.29	12367.1
1261.77	12339.7
1260.26	12325.5
1258.74	12280
1257.22	12048.5
1255.7	12042.6
1254.18	12155.1
1252.66	12057.1
1251.14	12079.1
1249.62	12051.8
1248.1	12162.6
1246.58	12229
1245.06	12122.8
1243.54	12223.7
1242.01	12007.5
1240.49	11926
1238.97	12079.4
1237.45	11986.5
1235.92	11960.9
1234.4	12128.9
1232.88	11973.7
1231.35	12000.6
1229.83	12034
1228.3	11923.2
1226.78	12022.2
1225.25	11914.7
1223.72	11954.7
1222.2	12019.3
1220.67	11866
1219.14	11928.9
1217.62	12042.5
1216.09	11797.6
1214.56	11790.2
1213.03	12001.9
1211.5	12005.8
1209.98	11896.9
1208.45	11752.1
1206.92	11821.4
1205.39	11861.3
1203.86	11724.7
1202.33	11749.9
1200.79	11758.8
1199.26	11903.1
1197.73	11691.6
1196.2	11690.7
1194.67	11640.8
1193.13	11993.9
1191.6	11896.6
1190.07	11665.8
1188.53	11741.5
1187	11569.4
1185.47	11646.7
1183.93	11689.8
1182.4	11648.1
1180.86	11578.8
1179.33	11888.8
1177.79	11520
1176.25	11605.4
1174.72	11667.9
1173.18	11741.8
1171.64	11548.9
1170.1	11535
1168.57	11483.7
1167.03	11530
1165.49	11529.1
1163.95	11531.4
1162.41	11537
1160.87	11563.7
1159.33	11475.1
1157.79	11498.6
1156.25	11356.5
1154.71	11487
1153.17	11408.3
1151.63	11447.9
1150.08	11471.4
1148.54	11532
1147	11335.1
1145.46	11271
1143.91	11351.1
1142.37	11191.6
1140.82	11436.8
1139.28	11274.1
1137.73	11392.9
1136.19	11359.7
1134.64	11434.9
1133.1	11307.8
1131.55	11421.7
1130.01	11204.2
1128.46	11190.5
1126.91	11223.5
1125.36	11274.4
1123.82	11191.1
1122.27	11340.5
1120.72	11250.8
1119.17	11217.7
1117.62	11129.7
1116.07	11222.4
1114.52	11287.7
1112.97	11225.5
1111.42	11048.9
1109.87	11172.2
1108.32	11198.8
1106.77	11033.6
1105.22	10997.3
1103.66	11025.5
1102.11	11071.4
1100.56	10922.4
1099	11188.8
1097.45	11068.9
1095.9	11105
1094.34	11096.2
1092.79	10891.1
1091.23	11125
1089.68	10905.6
1088.12	10936.9
1086.56	10868.7
1085.01	10818.1
1083.45	10867.1
1081.89	10980.3
1080.34	10729.1
1078.78	10837.4
1077.22	10799.7
1075.66	10834.2
1074.1	10950.5
1072.54	10741.3
1070.98	10803
1069.43	10624.3
1067.86	10684.5
1066.3	10789.5
1064.74	10569.3
1063.18	10739.9
1061.62	10740.7
1060.06	10690.3
1058.5	10808
1056.93	10679.2
1055.37	10764.8
1053.81	10709.6
1052.24	10688.1
1050.68	10612.2
1049.12	10643.4
1047.55	10604.3
1045.99	10538.1
1044.42	10668.3
1042.85	10632.4
1041.29	10671.6
1039.72	10525.6
1038.16	10481.7
1036.59	10431.6
1035.02	10585.6
1033.45	10487.5
1031.88	10501.2
1030.32	10530.7
1028.75	10308.5
1027.18	10358.8
1025.61	10391.5
1024.04	10341.5
1022.47	10355.1
1020.9	10298.7
1019.33	10549.4
1017.76	10311.6
1016.18	10221.8
1014.61	10308.6
1013.04	10320.7
1011.47	10261.2
1009.89	10413
1008.32	10331.3
1006.75	10376.7
1005.17	10391.8
1003.6	10343.5
1002.02	10126.9
1000.45	10184.9
998.873	10247.7
997.297	10250.2
995.721	10200.4
994.145	10150.5
992.568	10232.3
990.991	10090.5
989.413	10321.3
987.835	10144.7
986.257	10194.7
984.678	10084.8
983.099	10061.9
981.52	10088.2
979.94	10003.7
978.36	9939.74
976.78	10133.7
975.199	10131.4
973.618	10072.3
972.037	10000.5
970.455	9990.35
968.873	9896.48
967.29	9815.29
965.707	10094.2
964.124	9943.57
962.541	9955.57
960.957	9768.69
959.373	9807.54
957.788	9761.19
956.203	9777.95
954.618	9824.66
953.032	9822.47
951.446	9716.26
949.86	9733.01
948.273	9600.07
946.686	9786.96
945.099	9731.24
943.511	9765.29
941.923	9777.28
940.334	9699.56
938.745	9650.2
937.156	9666.93
935.567	9666.35
933.977	9694.07
932.387	9729.64
930.796	9626.89
929.205	9640.46
927.614	9650.88
926.022	9578.05
924.43	9558.64
922.838	9771.6
921.245	9554.38
919.652	9495.76
918.058	9504.63
916.465	9604.47
914.87	9542.73
913.276	9601.75
911.681	9461.67
910.086	9536.35
908.49	9424.55
906.894	9477.27
905.298	9487.69
903.701	9568.56
902.104	9586.77
900.507	9471.95
898.909	9541.81
897.311	9478.67
895.713	9501.58
894.114	9533.86
892.515	9414.48
890.916	9387.37
889.316	9418.09
887.715	9306.63
886.115	9427.95
884.514	9408.66
882.913	9497.12
881.311	9404.46
879.709	9307.17
878.107	9370.62
876.504	9303.01
874.901	9360.19
873.298	9312.88
871.694	9391.86
870.09	9294.7
868.485	9247.43
866.88	9401.14
865.275	9201.25
863.669	9242.79
862.064	9341.91
860.457	9398.96
858.851	9135.45
857.244	9321.64
855.636	9150.02
854.028	9259.94
852.42	9197.23
850.812	9216.93
849.203	9071.91
847.594	9037.25
845.984	9269.77
844.375	9202.47
842.764	9200.41
841.154	9142.47
839.543	9231.99
837.931	9223.71
836.32	9071.18
834.708	9112.57
833.095	9211.31
831.482	8998.43
829.869	8985.57
828.256	9107.51
826.642	9023.37
825.028	9074
823.413	9008.48
821.798	9099.35
820.183	9047.78
818.567	8861.62
816.951	8971.01
815.335	8975.19
813.718	8880.4
812.101	8901.6
810.483	8908.87
808.865	8823.43
807.247	9094.9
805.629	8916.78
804.01	8998.16
802.39	8790.81
800.771	8816.62
799.151	8890.26
797.53	8743.23
795.91	8963.39
794.288	8836.46
792.667	8885.36
791.045	8803.21
789.423	8899.86
787.8	8879.37
786.177	8761.84
784.554	8769.12
782.93	8787.16
781.306	8795.96
779.682	8767.82
778.057	8835.09
776.432	8685.43
774.807	8797.28
773.181	8664.61
771.554	8737.99
769.928	8731.41
768.301	8660.3
766.674	8719.8
765.046	8702.48
763.418	8705.13
761.789	8723.13
760.161	8653.63
758.531	8605.65
756.902	8646.67
755.272	8857.92
753.642	8691.85
752.011	8627.03
750.38	8622.02
748.749	8724.29
747.117	8837.23
745.485	8576.37
743.852	8693.89
742.22	8765.42
740.586	8654.77
738.953	8617.62
737.319	8617.2
735.685	8687.16
734.05	8636.26
732.415	8669.48
730.779	8601.79
729.144	8596.8
727.507	8648.34
725.871	8676.94
724.234	8652.07
722.597	8524.91
720.959	8556.58
719.321	8374.55
717.683	8395.55
716.044	8430.27
714.405	8330.75
712.765	8464.58
711.126	8293.45
709.485	8280.91
707.845	8311.04
706.204	8301.54
704.563	8240.27
702.921	8261.25
701.279	8241.11
699.636	8246.86
697.993	8153.69
696.35	8103.16
694.707	8011.59
693.063	8152.73
691.419	8096.15
689.774	8050.24
688.129	8103.13
686.483	8070.91
684.838	8123.77
683.191	8196.35
681.545	8150.46
679.898	8022.63
678.251	7916.09
676.603	8110.04
674.955	7962.57
673.307	7960.77
671.658	7855.86
670.009	8070.86
668.359	7908.38
666.709	7859.62
665.059	7833.6
663.408	7896.96
661.757	7830.06
660.106	7943.34
658.454	7853.76
656.802	7891.32
655.15	7751.86
653.497	7890.77
651.844	7798.25
650.19	7775.32
648.536	7853.67
646.881	7761.22
645.227	7733.78
643.572	7712.39
641.916	7866.18
640.26	7769.28
638.604	7649.78
636.947	7611.83
635.29	7607.09
633.633	7668.72
631.975	7668.48
630.317	7550.65
628.659	7648.42
627	7566.82
625.34	7577.15
623.681	7649.24
622.021	7570.7
620.36	7742.13
618.7	7609.41
617.038	7511.37
615.377	7601.44
613.715	7488.4
612.053	7500.24
610.39	7554.17
608.727	7559.97
607.064	7504.14
605.4	7541.51
603.736	7506.74
602.071	7359.35
600.406	7480.81
598.741	7357.51
597.075	7436.88
595.409	7414.18
593.743	7466.51
592.076	7380.82
590.409	7322.16
588.741	7339.98
587.073	7414.75
585.405	7365.11
583.736	7381.42
582.067	7370.75
580.397	7394.53
578.728	7216.18
577.057	7283.39
575.387	7405.94
573.716	7253.15
572.044	7202.14
570.373	7158.63
568.7	7363.32
567.028	7138.92
565.355	7191.1
563.682	7147.62
562.008	7105.67
560.334	7087.62
558.66	7121.84
556.985	7087.37
555.31	7203.66
553.634	7084.14
551.958	7101.92
550.282	6975.03
548.605	7018.17
546.928	7073.21
545.25	7034.34
543.573	7089.36
541.894	7074.34
540.216	7017.62
538.537	6959.44
536.857	7057.59
535.178	6823.8
533.497	6930.87
531.817	6814.74
530.136	6868.21
528.455	6878.54
526.773	6841.29
525.091	6973.49
523.408	6861.94
521.725	6823.23
520.042	6882.57
518.359	6823.09
516.675	6671.59
514.99	6824.42
513.305	6782.8
511.62	6741.19
509.935	6674.39
508.249	6715.87
506.562	6683.2
504.876	6662.41
503.189	6659.4
501.501	6758.62
499.813	6723.01
498.125	6626.7
496.436	6497.86
494.747	6487.49
493.058	6622.15
491.368	6549.62
489.678	6494.87
487.987	6571.76
486.297	6590.96
484.605	6552.5
482.913	6565.78
481.221	6543.59
479.529	6465.28
477.836	6521.39
476.143	6620.3
474.449	6447.56
472.755	6351.63
471.061	6412.14
469.366	6409.2
467.67	6357.59
465.975	6387.09
464.279	6437.22
462.582	6477.01
460.886	6459.32
459.189	6379.77
457.491	6263.43
455.793	6307.64
454.095	6348.88
452.396	6326.82
450.697	6375.4
448.997	6238.6
447.298	6234.23
445.597	6212.22
443.897	6222.55
442.196	6143.23
440.494	6166.8
438.792	6113.97
437.09	6196.28
435.387	6092.07
433.684	6146.46
431.981	6190.54
430.277	6040.92
428.573	6055.67
426.868	6143.75
425.163	5981.04
423.458	6058.83
421.752	6039.85
420.046	5981.32
418.34	5996.06
416.633	6006.4
414.925	5946.44
413.218	6050.48
411.51	5993.47
409.801	6059.41
408.092	5948.29
406.383	5938.15
404.673	5859.28
402.963	5950.04
401.253	6065.59
399.542	5897.62
397.831	5938.63
396.119	5829.18
394.407	5895.01
392.694	5928.69
390.982	5793.04
389.268	5812.14
387.555	5802.05
385.841	5805.09
384.126	5834.37
382.411	5825.74
380.696	5787.96
378.981	5764.77
377.265	5661.46
375.548	5741.72
373.832	5714.18
372.114	5755.09
370.397	5779.96
368.679	5653.48
366.96	5713.28
365.242	5688.69
363.523	5592.86
361.803	5459.27
360.083	5620.8
358.363	5593.35
356.642	5468.56
354.921	5602.39
353.199	5474.75
351.477	5413.97
349.755	5388.04
348.032	5434.69
346.309	5389.91
344.586	5372.71
342.862	5478.78
341.137	5380.37
339.413	5387.83
337.688	5411.22
335.962	5395.48
334.236	5368.16
332.51	5443.68
330.783	5445.31
329.056	5389.05
327.328	5382.02
325.601	5218.73
323.872	5347.71
322.144	5313.21
320.414	5300.41
318.685	5241.37
316.955	5303.74
315.225	5319.86
313.494	5340.29
311.763	5252.41
310.031	5153.01
308.299	5258.64
306.567	5173.72
304.834	5173.97
303.101	5260.76
301.368	5242.24
299.634	5127.12
297.9	5198.01
296.165	5225.63
294.43	5166.78
292.694	5143.98
290.958	5113.99
289.222	5144.48
287.485	5051.16
285.748	5001.06
284.011	4963.93
282.273	5125.33
280.534	4997.58
278.795	4959.04
277.056	5009.64
275.317	5005.6
273.577	4873.69
271.836	4805.05
270.096	4918.83
268.355	4952.15
266.613	4807.45
264.871	4873.79
263.129	4825.31
261.386	4831.36
259.643	4775.74
257.899	4811.91
256.155	4770.66
254.411	4727.99
252.666	4752.68
250.921	4707.17
249.175	4680.3
247.429	4760.83
245.683	4682.42
243.936	4655.57
242.189	4605.84
240.441	4643.4
238.693	4670.92
236.944	4745.62
235.196	4650.17
233.446	4680.53
231.697	4545.13
229.947	4649.78
228.196	4528.73
226.445	4543.39
224.694	4582.3
222.942	4551.27
221.19	4588.73
219.437	4470.69
217.685	4511.01
215.931	4498.55
214.177	4380.61
212.423	4520.69
210.669	4332.98
208.914	4535.68
207.158	4382.24
205.403	4394.03
203.646	4484.11
201.89	4424.72
200.133	4469.22
