4501.29	3364.05
4500.4	3253.71
4499.52	3366.29
4498.64	3184.7
4497.75	3266.15
4496.87	3285.37
4495.98	3265.01
4495.1	3193.79
4494.22	3122.59
4493.33	3147.47
4492.45	3240.14
4491.56	3200.04
4490.68	3219.25
4489.79	3102.93
4488.9	3153.2
4488.02	3200.64
4487.13	3104.13
4486.25	3061.27
4485.36	3173.58
4484.47	3136.36
4483.59	3048.39
4482.7	3019.67
4481.81	3174.19
4480.93	3142.63
4480.04	3085.72
4479.15	2986.57
4478.26	3008.59
4477.38	2993.98
4476.49	3077.94
4475.6	3052.07
4474.71	3054.35
4473.83	2994.71
4472.94	3005.45
4472.05	3010.55
4471.16	2959.39
4470.27	2936.38
4469.38	3098.97
4468.49	3033.76
4467.6	2898.3
4466.71	2894.98
4465.82	2959.11
4464.93	2981.07
4464.04	3025.5
4463.15	2909.82
4462.26	2937.39
4461.37	2855.45
4460.48	2891.45
4459.59	2980.76
4458.7	2935.34
4457.81	2971.31
4456.92	2841.74
4456.03	2863.69
4455.14	2905.25
4454.24	2935.59
4453.35	2926.67
4452.46	2948.58
4451.57	2936.85
4450.68	2899.92
4449.78	2851.79
4448.89	2915.71
4448	2926.4
4447.11	2869.9
4446.21	2788.21
4445.32	2930.47
4444.43	2860
4443.53	2837.11
4442.64	2923.34
4441.75	2928.42
4440.85	2776.9
4439.96	2941.38
4439.06	2843.03
4438.17	2811.78
4437.27	2830.85
4436.38	2908.59
4435.48	2938.81
4434.59	2846.13
4433.69	2962.92
4432.8	2937.27
4431.9	2880.93
4431.01	2927.87
4430.11	2849.23
4429.22	2871.05
4428.32	2929.13
4427.42	2923.04
4426.53	2955.99
4425.63	2944.32
4424.73	2910.36
4423.84	2971.17
4422.94	2900.98
4422.04	2942.27
4421.14	2966.82
4420.25	2938.45
4419.35	2971.35
4418.45	2845.54
4417.55	2989.8
4416.65	2958.66
4415.76	3011.02
4414.86	3027.19
4413.96	2823.58
4413.06	2959.37
4412.16	3153.52
4411.26	3019.51
4410.36	2952.26
4409.46	3051.8
4408.56	3009.59
4407.66	3089.63
4406.76	3194.66
4405.86	3105.22
4404.96	3082.46
4404.06	3134.67
4403.16	3011.98
4402.26	3122.47
4401.36	3169.1
4400.46	3013.17
4399.56	3104.19
4398.66	3064.81
4397.76	3189.07
4396.85	3166.33
4395.95	3124.19
4395.05	3170.76
4394.15	3311.53
4393.25	3225.06
4392.34	3290.98
4391.44	3121.45
4390.54	3226.14
4389.64	3228.34
4388.73	3479.68
4387.83	3263.19
4386.93	3329.03
4386.02	3176.27
4385.12	3286.37
4384.21	3280.26
4383.31	3310.11
4382.41	3339.94
4381.5	3328.3
4380.6	3358.11
4379.69	3385.16
4378.79	3312.73
4377.88	3497.23
4376.98	3435.85
4376.07	3468.39
4375.17	3384.95
4374.26	3456.13
4373.36	3306.48
4372.45	3388.69
4371.54	3476.38
4370.64	3511.63
4369.73	3574.45
4368.82	3474.55
4367.92	3435.34
4367.01	3611.16
4366.1	3541.63
4365.2	3642.96
4364.29	3504.57
4363.38	3589.35
4362.47	3748.46
4361.57	3510.98
4360.66	3614.99
4359.75	3633.62
4358.84	3558.67
4357.93	3681.88
4357.02	3689.48
4356.11	3647.57
4355.21	3575.42
4354.3	3649.04
4353.39	3623.66
4352.48	3669.75
4351.57	3680.1
4350.66	3605.26
4349.75	3634.85
4348.84	3708.37
4347.93	3740.68
4347.02	3781.21
4346.11	3813.49
4345.2	3683.81
4344.29	3694.14
4343.37	3756.6
4342.46	3832.76
4341.55	3714.13
4340.64	3812.21
4339.73	3822.51
4338.82	3780.71
4337.9	3843.09
4336.99	3839.68
4336.08	3992.45
4335.17	3767.09
4334.26	3725.34
4333.34	3812.33
4332.43	3882.85
4331.52	3849.31
4330.6	3851.37
4329.69	3845.22
4328.78	3841.81
4327.86	3895.85
4326.95	3881.48
4326.03	3897.21
4325.12	3899.26
4324.21	3854.83
4323.29	3903.35
4322.38	3962.79
4321.46	3901.98
4320.55	3770.15
4319.63	3925.19
4318.72	3968.19
4317.8	3809.12
4316.88	3813.91
4315.97	3897.85
4315.05	3984.5
4314.14	4030.18
4313.22	3950.35
4312.3	3974.21
4311.39	3927.14
4310.47	3863.74
4309.55	3914.85
4308.63	3927.79
4307.72	3932.55
4306.8	3948.21
4305.88	3895.75
4304.96	3900.51
4304.05	3842.63
4303.13	3880.07
4302.21	3854.89
4301.29	3995.74
4300.37	4057.63
4299.45	4005.22
4298.54	3914.74
4297.62	3976.61
4296.7	3834.49
4295.78	3904.51
4294.86	4039.74
4293.94	3957.49
4293.02	4043.75
4292.1	3923.49
4291.18	3909.21
4290.26	3870.5
4289.34	3910.55
4288.42	3798.53
4287.5	4044.9
4286.57	3911.19
4285.65	3945.78
4284.73	3926.09
4283.81	3949.81
4282.89	3886.73
4281.97	3997.23
4281.04	3953.14
4280.12	3979.55
4279.2	3927.35
4278.28	3899.55
4277.35	4004.53
4276.43	3976.73
4275.51	3973.32
4274.59	3902.21
4273.66	3855.49
4272.74	3960.39
4271.81	3905.56
4270.89	3907.57
4269.97	3874.41
4269.04	4052.27
4268.12	3813.54
4267.19	3910.22
4266.27	3960.89
4265.34	3946.68
4264.42	3981.11
4263.49	3999.33
4262.57	3955.39
4261.64	3960.09
4260.72	3870.26
4259.79	3991.09
4258.87	3855.4
4257.94	3919.5
4257.01	3848.63
4256.09	3847.95
4255.16	3774.43
4254.23	3892.45
4253.31	3859.39
4252.38	3907.25
4251.45	3887.68
4250.52	3948.99
4249.6	3926.73
4248.67	3812.86
4247.74	4027.72
4246.81	3932.72
4245.88	3915.87
4244.96	3936.72
4244.03	3766.41
4243.1	3913.79
4242.17	3875.42
4241.24	3818.22
4240.31	3906.33
4239.38	3892.18
4238.45	3972.18
4237.52	3882.74
4236.59	3914.31
4235.66	3827.6
4234.73	4033.86
4233.8	3885.36
4232.87	4045.86
4231.94	3918.9
4231.01	3947.74
4230.08	3850.38
4229.15	4026.88
4228.22	3846.33
4227.28	4012.03
4226.35	3804.72
4225.42	3830.87
4224.49	3846.28
4223.56	3810.74
4222.62	3952.17
4221.69	3879.09
4220.76	3822.11
4219.83	3891.11
4218.89	3871.66
4217.96	3881.69
4217.03	3835.47
4216.09	3936.55
4215.16	3879.62
4214.23	4074.35
4213.29	3875.57
4212.36	3981.92
4211.42	3962.48
4210.49	3940.38
4209.55	3937.01
4208.62	3949.68
4207.68	3911.54
4206.75	3846.69
4205.81	4011.72
4204.88	4035.05
4203.94	3948.84
4203.01	3958.82
4202.07	3837.93
4201.13	3989.46
4200.2	3895.31
4199.26	3883.94
4198.32	3947.3
4197.39	3874.55
4196.45	3919.21
4195.51	3718.46
4194.58	3899.15
4193.64	3911.79
4192.7	3969.75
4191.76	3846.43
4190.82	4000.32
4189.89	3893.02
4188.95	3839.04
4188.01	3907.62
4187.07	3917.57
4186.13	4076.64
4185.19	3940.14
4184.25	3894.19
4183.31	3869.54
4182.37	3871.51
4181.43	3833.58
4180.49	3859.5
4179.55	3874.77
4178.61	3908.64
4177.67	3926.56
4176.73	3856.75
4175.79	3778.99
4174.85	3823.49
4173.91	3836.09
4172.97	3851.34
4172.03	3800.2
4171.09	3860.59
4170.14	3963.44
4169.2	3861.87
4168.26	3967.33
4167.32	3871.11
4166.38	3955.31
4165.43	3832.6
4164.49	3866.39
4163.55	3966.45
4162.6	3883.56
4161.66	4116.11
4160.72	3831.83
4159.77	3937.13
4158.83	3904.64
4157.89	3970.15
4156.94	3990.63
4156	3974.03
4155.05	3872.73
4154.11	3874.69
4153.16	3881.93
4152.22	4000.3
4151.27	4004.88
4150.33	3927.46
4149.38	3791.9
4148.44	3822.95
4147.49	3885.71
4146.55	3961.66
4145.6	3929.24
4144.65	3962.89
4143.71	3904.07
4142.76	3945.63
4141.81	3968.69
4140.87	3867.66
4139.92	3806.25
4138.97	3874.19
4138.03	3847.11
4137.08	3875.45
4136.13	3835.19
4135.18	3958.45
4134.23	3862.82
4133.29	3875.31
4132.34	3864.08
4131.39	3821.22
4130.44	3873.24
4129.49	3951.57
4128.54	3879.75
4127.59	3821.12
4126.64	3933.66
4125.69	3827.65
4124.74	3876.98
4123.79	3918.39
4122.84	3917.69
4121.89	3830.18
4120.94	4042.54
4119.99	3844.59
4119.04	3880.71
4118.09	3698.63
4117.14	3850.41
4116.19	3899.65
4115.24	3854.29
4114.28	3958.67
4113.33	3789.87
4112.38	3899.48
4111.43	4001.18
4110.48	3955.84
4109.52	3900.01
4108.57	3815.35
4107.62	3919.61
4106.66	3861.2
4105.71	4009.99
4104.76	3865.06
4103.8	3869.61
4102.85	3986.87
4101.9	4080.5
4100.94	3948.76
4099.99	3872.08
4099.03	3845.19
4098.08	3938.78
4097.12	3909.27
4096.17	3837.89
4095.21	4030.89
4094.26	3925.49
4093.3	3940.48
4092.35	3926.7
4091.39	3952.15
4090.44	3886.06
4089.48	3882.75
4088.52	4051.98
4087.57	3915.34
4086.61	4008.71
4085.65	3895.64
4084.7	4017.72
4083.74	3724.48
4082.78	4005.84
4081.82	3939.85
4080.87	3876.49
4079.91	3964.53
4078.95	4060.37
4077.99	4023.12
4077.03	3897.19
4076.08	3969.51
4075.12	3937.51
4074.16	3962.87
4073.2	3868.32
4072.24	3937.99
4071.28	4005.04
4070.32	3889.69
4069.36	4063.51
4068.4	4041.95
4067.44	3950.08
4066.48	4011.86
4065.52	3979.9
4064.56	4088.49
4063.6	3895.21
4062.64	4003.77
4061.68	4052.47
4060.72	3945.12
4059.75	3999.01
4058.79	4024.29
4057.83	4101.54
4056.87	4077.42
4055.91	4014.33
4054.94	3896.71
4053.98	3960.94
4053.02	3970.61
4052.06	4115.3
4051.09	4039.28
4050.13	4035.95
4049.17	3996.3
4048.2	3974.83
4047.24	3984.49
4046.27	3952.65
4045.31	4001.21
4044.35	3979.75
4043.38	4131.97
4042.42	4050.88
4041.45	3982.78
4040.49	4072.74
4039.52	3965.81
4038.56	3858.91
4037.59	3972.15
4036.63	3992.14
4035.66	4082.02
4034.69	4034.7
4033.73	3971.88
4032.76	4185.89
4031.8	4053.22
4030.83	3995.59
4029.86	3997.46
4028.89	4053.61
4027.93	4003.77
4026.96	4023.73
4025.99	3932.57
4025.02	3973.19
4024.06	4065.46
4023.09	3976.93
4022.12	4040.76
4021.15	4068.43
4020.18	4047.05
4019.21	4087.61
4018.25	4110.09
4017.28	4044.86
4016.31	4057.02
4015.34	4185.23
4014.37	3893.13
4013.4	4052.25
4012.43	4154.61
4011.46	4182.21
4010.49	4001.11
4009.52	4124.03
4008.55	3971.34
4007.58	4053.02
4006.6	4047.14
4005.63	4069.58
4004.66	4027.66
4003.69	4091.27
4002.72	4105.96
4001.75	4130.94
4000.77	4032.47
3999.8	4186.02
3998.83	4005.31
3997.86	4194.79
3996.88	4147.78
3995.91	4018.56
3994.94	4120.59
3993.96	4071.04
3992.99	4193.57
3992.02	4174.84
3991.04	4148.42
3990.07	4039.87
3989.1	4231.6
3988.12	4176.96
3987.15	4078.73
3986.17	4090.81
3985.2	4041.35
3984.22	4040.62
3983.25	4183.44
3982.27	4098.11
3981.3	4245.99
3980.32	4104.31
3979.34	4070.27
3978.37	4212.96
3977.39	4222.44
3976.41	4272.88
3975.44	4261.86
3974.46	4184.32
3973.48	4196.35
3972.51	4208.39
3971.53	4166.7
3970.55	4158.27
3969.57	4080.82
3968.6	4210.46
3967.62	4125.35
3966.64	4267.71
3965.66	4121.3
3964.68	4169.09
3963.7	4158.12
3962.73	4188.01
3961.75	4238.32
3960.77	4153.31
3959.79	4298.04
3958.81	4192.63
3957.83	4120.44
3956.85	4066.12
3955.87	4210.76
3954.89	4100.35
3953.91	4224.53
3952.93	4221.22
3951.94	4082.83
3950.96	4296.13
3949.98	4325.93
3949	4215.61
3948.02	4329.45
3947.04	4275.2
3946.06	4228.6
3945.07	4103.11
3944.09	4188.89
3943.11	4231.39
3942.13	4136.49
3941.14	4229.85
3940.16	4114.65
3939.18	4378.33
3938.19	4225.01
3937.21	4130.2
3936.23	4096.42
3935.24	4235.42
3934.26	4252.43
3933.27	4335.47
3932.29	4311.83
3931.3	4341.52
3930.32	4279.81
3929.33	4296.8
3928.35	4321.39
3927.36	4353.59
3926.38	4342.65
3925.39	4369.76
3924.41	4196.54
3923.42	4271.84
3922.43	4374.99
3921.45	4250.01
3920.46	4206.17
3919.47	4253.54
3918.49	4359.15
3917.5	4244.39
3916.51	4304.39
3915.52	4377.02
3914.54	4237.02
3913.55	4253.97
3912.56	4349.34
3911.57	4303.01
3910.58	4324.99
3909.6	4238.23
3908.61	4242.52
3907.62	4390.89
3906.63	4425.48
3905.64	4331.17
3904.65	4267.22
3903.66	4195.72
3902.67	4343.97
3901.68	4355.8
3900.69	4271.7
3899.7	4298.69
3898.71	4310.52
3897.72	4299.65
3896.73	4364.46
3895.74	4338.44
3894.74	4355.3
3893.75	4319.21
3892.76	4401.62
3891.77	4350.41
3890.78	4369.78
3889.79	4353.86
3888.79	4310.24
3887.8	4327.09
3886.81	4396.81
3885.81	4368.32
3884.82	4339.83
3883.83	4334.01
3882.83	4413.74
3881.84	4498.48
3880.85	4429.75
3879.85	4459.12
3878.86	4508.6
3877.86	4447.44
3876.87	4451.66
3875.88	4435.77
3874.88	4402.29
3873.89	4489.42
3872.89	4370.55
3871.89	4425
3870.9	4554.76
3869.9	4521.29
3868.91	4515.45
3867.91	4539.72
3866.91	4491.22
3865.92	4510.47
3864.92	4564.83
3863.92	4536.41
3862.93	4442.82
3861.93	4434.49
3860.93	4599.1
3859.93	4377.74
3858.94	4479.66
3857.94	4621.63
3856.94	4470.52
3855.94	4449.67
3854.94	4536.48
3853.94	4397.98
3852.95	4507.3
3851.95	4654.11
3850.95	4490.64
3849.95	4477.32
3848.95	4626.55
3847.95	4598.2
3846.95	4602.36
3845.95	4601.52
3844.95	4438.25
3843.95	4484.91
3842.95	4559.03
3841.95	4533.22
3840.94	4689.72
3839.94	4571.51
3838.94	4458.35
3837.94	4549.88
3836.94	4554.04
3835.94	4573.17
3834.93	4622.22
3833.93	4618.88
3832.93	4560.68
3831.93	4669.55
3830.92	4544.06
3829.92	4610.52
3828.92	4622.14
3827.91	4760.8
3826.91	4615.46
3825.91	4684.35
3824.9	4611.29
3823.9	4710.02
3822.89	4614.58
3821.89	4690.88
3820.88	4635.28
3819.88	4721.5
3818.87	4698.25
3817.87	4722.26
3816.86	4679.13
3815.86	4645.96
3814.85	4642.62
3813.84	4644.26
3812.84	4670.74
3811.83	4707.14
3810.83	4788.24
3809.82	4854.4
3808.81	4756.69
3807.8	4691.29
3806.8	4725.17
3805.79	4754.08
3804.78	4634.13
3803.77	4720.1
3802.77	4741.55
3801.76	4668.78
3800.75	4804.27
3799.74	4679.46
3798.73	4643.91
3797.72	4794.19
3796.71	4731.39
3795.7	4735.47
3794.69	4791.56
3793.68	4741.17
3792.67	4767.53
3791.66	4769.13
3790.65	4810.32
3789.64	4797.07
3788.63	4890.18
3787.62	4909.07
3786.61	4829.05
3785.6	4828.16
3784.59	4748.18
3783.58	4791.79
3782.56	4768.67
3781.55	4750.51
3780.54	4855.84
3779.53	4857.42
3778.52	4908.38
3777.5	4954.38
3776.49	4852.28
3775.48	4895.81
3774.46	4796.22
3773.45	4750.94
3772.44	4824.06
3771.42	4887.28
3770.41	4985
3769.39	4846.05
3768.38	4837.77
3767.36	4932.97
3766.35	4803.96
3765.34	4694.7
3764.32	4972.12
3763.3	4813.63
3762.29	5019.53
3761.27	4774.94
3760.26	4946.32
3759.24	4896.2
3758.23	4922.36
3757.21	4968.19
3756.19	4913.18
3755.18	4899.98
3754.16	4840.09
3753.14	4903.1
3752.12	5079.12
3751.11	4906.21
3750.09	4996.19
3749.07	4784.07
3748.05	4969.8
3747.03	4821.59
3746.02	4958.15
3745	4905.71
3743.98	4946.51
3742.96	5029.01
3741.94	4974.13
3740.92	4992.83
3739.9	4987.01
3738.88	4907.65
3737.86	4926.35
3736.84	4974.45
3735.82	5029.89
3734.8	4977.52
3733.78	4905.58
3732.76	5085.88
3731.74	5072.7
3730.71	5039.95
3729.69	5041.47
3728.67	4986.71
3727.65	5083.65
3726.63	5021.56
3725.61	5032.86
3724.58	4943.91
3723.56	5160.57
3722.54	5042.3
3721.51	5139.12
3720.49	4991.58
3719.47	5051.73
3718.44	5124.07
3717.42	5052.31
3716.4	5058.7
3715.37	5040.68
3714.35	5049.52
3713.32	5060.79
3712.3	5040.34
3711.27	5124.78
3710.25	5079.94
3709.22	5315.52
3708.2	5217.02
3707.17	5250.18
3706.15	5100.56
3705.12	5221.44
3704.09	5098.68
3703.07	5195.16
3702.04	5155.24
3701.01	5166.46
3699.99	5204.46
3698.96	5154.82
3697.93	5141.7
3696.9	5242.94
3695.88	5188.45
3694.85	5168.04
3693.82	5295.96
3692.79	5173.43
3691.76	5284.28
3690.74	5336.77
3689.71	5267.75
3688.68	5281.35
3687.65	5224.51
3686.62	5267.26
3685.59	5157.03
3684.56	5238.61
3683.53	5407.54
3682.5	5214.84
3681.47	5269.68
3680.44	5326.92
3679.41	5241.05
3678.38	5097.02
3677.34	5180.93
3676.31	5301.17
3675.28	5314.73
3674.25	5330.71
3673.22	5341.83
3672.19	5445
3671.15	5371.34
3670.12	5334.03
3669.09	5388.72
3668.06	5382.88
3667.02	5326.23
3665.99	5402.67
3664.96	5348.45
3663.92	5446.62
3662.89	5481.88
3661.85	5430.1
3660.82	5455.68
3659.79	5403.92
3658.75	5410.17
3657.72	5423.66
3656.68	5400.92
3655.65	5525.5
3654.61	5432.73
3653.57	5352.05
3652.54	5445.2
3651.5	5596.22
3650.47	5508.32
3649.43	5461.47
3648.39	5581.05
3647.36	5589.66
3646.32	5477.72
3645.28	5512.87
3644.25	5466.05
3643.21	5616.85
3642.17	5678.44
3641.13	5614.76
3640.09	5471.63
3639.06	5740.3
3638.02	5681.46
3636.98	5613.01
3635.94	5715.45
3634.9	5767.32
3633.86	5689.27
3632.82	5661.76
3631.78	5679.95
3630.74	5782.28
3629.7	5656.21
3628.66	5739.28
3627.62	5812.7
3626.58	5799.61
3625.54	5685.64
3624.5	5845.49
3623.46	5753.16
3622.42	5994.57
3621.38	5875.84
3620.33	5742.76
3619.29	5784.88
3618.25	5781.41
3617.21	5811.52
3616.17	5927.94
3615.12	5929.24
3614.08	5841.84
3613.04	6001.34
3611.99	5892.39
3610.95	5764.32
3609.91	5806.36
3608.86	5786.12
3607.82	5871.25
3606.77	5726.52
3605.73	5904.97
3604.69	5882.34
3603.64	5883.64
3602.6	5803.6
3601.55	5780.99
3600.5	5811.01
3599.46	5886.44
3598.41	6055.07
3597.37	5884.25
3596.32	5892.71
3595.27	5882.06
3594.23	5935.91
3593.18	5920.47
3592.13	5842.96
3591.09	5899.17
3590.04	5816.92
3588.99	5796.75
3587.94	5855.32
3586.9	5973.51
3585.85	5881.76
3584.8	5842.51
3583.75	5963.02
3582.7	5914.23
3581.65	5960.8
3580.6	5876.29
3579.56	5810.87
3578.51	5976.53
3577.46	5846.81
3576.41	5912.39
3575.36	5720.84
3574.31	5765
3573.26	5947.17
3572.2	5900.85
3571.15	5921.16
3570.1	5867.73
3569.05	5928.47
3568	5958.27
3566.95	5914.37
3565.9	5934.66
3564.84	5864.64
3563.79	5875.43
3562.74	6028.74
3561.69	5828.12
3560.63	5945.76
3559.58	5963.64
3558.53	5872.33
3557.47	5857
3556.42	6014.88
3555.37	5942.59
3554.31	5934.36
3553.26	6047.08
3552.2	5986.68
3551.15	5961.86
3550.09	5830.39
3549.04	6097.07
3547.98	5873.23
3546.93	5971.62
3545.87	5958.67
3544.82	5969.39
3543.76	5918.56
3542.71	6066.58
3541.65	5994.45
3540.59	5960.21
3539.54	6034.79
3538.48	5995.82
3537.42	6020.72
3536.36	6010.13
3535.31	6179.21
3534.25	5936.99
3533.19	6051.66
3532.13	6140.31
3531.07	6042.32
3530.02	6107.32
3528.96	6143.95
3527.9	6095.59
3526.84	6023.64
3525.78	6076.79
3524.72	6087.45
3523.66	6043.85
3522.6	5983.76
3521.54	6102.91
3520.48	5993.31
3519.42	6020.48
3518.36	6224.4
3517.3	6105.41
3516.24	6059.51
3515.17	6048.95
3514.11	6177.35
3513.05	6060.82
3511.99	6149.14
3510.93	6157.41
3509.87	6026.82
3508.8	6079.81
3507.74	6076.32
3506.68	6173.97
3505.61	6198.68
3504.55	6209.27
3503.49	6107.03
3502.42	6176.4
3501.36	6154.09
3500.3	6051.92
3499.23	6198.77
3498.17	6209.35
3497.1	6069.65
3496.04	6045.04
3494.97	6107.28
3493.91	6153.07
3492.84	6121.41
3491.77	6113.23
3490.71	6158.99
3489.64	6155.49
3488.58	6292.67
3487.51	6256.32
3486.44	6048.91
3485.38	6122.76
3484.31	6273.89
3483.24	6104.07
3482.17	6287.93
3481.11	6183.73
3480.04	6152.14
3478.97	6200.14
3477.9	6245.78
3476.83	6284.38
3475.77	6311.27
3474.7	6202.5
3473.63	6145.22
3472.56	6200.18
3471.49	6189.66
3470.42	6335.73
3469.35	6194.35
3468.28	6281.96
3467.21	6227.06
3466.14	6440.74
3465.07	6290.1
3464	6265.57
3462.92	6171.04
3461.85	6251.55
3460.78	6278.38
3459.71	6232.88
3458.64	6294.68
3457.57	6218.88
3456.49	6352.93
3455.42	6300.45
3454.35	6385.5
3453.28	6200.22
3452.2	6315.54
3451.13	6148.98
3450.06	6257.28
3448.98	6423.74
3447.91	6343.38
3446.83	6353.83
3445.76	6301.44
3444.68	6321.19
3443.61	6280.46
3442.53	6156.02
3441.46	6378.09
3440.38	6355.96
3439.31	6294.33
3438.23	6400.05
3437.16	6319.85
3436.08	6327.95
3435	6349.99
3433.93	6265.19
3432.85	6347.6
3431.77	6378.9
3430.7	6331.28
3429.62	6274.4
3428.54	6349.78
3427.46	6517.91
3426.39	6347.39
3425.31	6427.35
3424.23	6440.05
3423.15	6427.25
3422.07	6233.7
3420.99	6267.28
3419.91	6444.46
3418.83	6431.67
3417.75	6321.63
3416.68	6322.75
3415.6	6374.8
3414.51	6181.51
3413.43	6416.36
3412.35	6357.31
3411.27	6381.56
3410.19	6405.79
3409.11	6476.26
3408.03	6387.2
3406.95	6205.72
3405.87	6387.1
3404.78	6344.31
3403.7	6333.87
3402.62	6494.35
3401.54	6483.88
3400.45	6401.86
3399.37	6354.49
3398.29	6360.21
3397.2	6483.61
3396.12	6583.89
3395.04	6455.79
3393.95	6484.55
3392.87	6515.61
3391.78	6484.41
3390.7	6324.16
3389.61	6373.66
3388.53	6337.9
3387.44	6509.46
3386.36	6418.41
3385.27	6403.39
3384.19	6399.88
3383.1	6433.19
3382.01	6464.19
3380.93	6499.79
3379.84	6569.87
3378.75	6559.43
3377.67	6505.3
3376.58	6501.77
3375.49	6447.68
3374.4	6474.04
3373.31	6348.73
3372.23	6414.16
3371.14	6458.88
3370.05	6418.62
3368.96	6378.38
3367.87	6533.27
3366.78	6499.9
3365.69	6335.75
3364.6	6435.5
3363.51	6484.75
3362.42	6357.38
3361.33	6397.45
3360.24	6659.89
3359.15	6523.39
3358.06	6533.62
3356.97	6484.27
3355.88	6389.11
3354.79	6431.42
3353.69	6441.66
3352.6	6545.76
3351.51	6480.42
3350.42	6433.42
3349.33	6452.8
3348.23	6515.63
3347.14	6489.24
3346.05	6568.05
3344.95	6418.19
3343.86	6311.81
3342.77	6532.32
3341.67	6549.37
3340.58	6493.29
3339.48	6384.7
3338.39	6381.21
3337.29	6537.56
3336.2	6595.68
3335.1	6690.3
3334.01	6497.33
3332.91	6461.87
3331.82	6570.15
3330.72	6566.62
3329.62	6401.18
3328.53	6586.93
3327.43	6587.96
3326.33	6664.2
3325.24	6521.66
3324.14	6609.28
3323.04	6523.74
3321.94	6624.99
3320.85	6562.25
3319.75	6472.22
3318.65	6521.07
3317.55	6476.6
3316.45	6457.16
3315.35	6476.41
3314.25	6518.4
3313.16	6442.12
3312.06	6634.15
3310.96	6403.3
3309.86	6458.91
3308.76	6564.47
3307.66	6476.9
3306.55	6496.11
3305.45	6399.5
3304.35	6482.29
3303.25	6481.06
3302.15	6577.42
3301.05	6478.6
3299.95	6531.82
3298.84	6600.9
3297.74	6533.87
3296.64	6460.07
3295.54	6778.5
3294.43	6527.88
3293.33	6513.04
3292.23	6688.54
3291.12	6725.78
3290.02	6538.77
3288.92	6576.03
3287.81	6348.37
3286.71	6523.73
3285.6	6599.44
3284.5	6453.36
3283.39	6549.42
3282.29	6493.89
3281.18	6508.48
3280.08	6606.73
3278.97	6406.54
3277.86	6599.69
3276.76	6537.42
3275.65	6536.18
3274.54	6627.55
3273.44	6578.86
3272.33	6555.03
3271.22	6738.9
3270.12	6593.16
3269.01	6589.65
3267.9	6534.24
3266.79	6521.72
3265.68	6748.28
3264.57	6537.28
3263.47	6563.09
3262.36	6548.31
3261.25	6698.06
3260.14	6642.71
3259.03	6612.16
3257.92	6624.41
3256.81	6578.11
3255.7	6603.87
3254.59	6564.35
3253.48	6673.38
3252.37	6557.34
3251.25	6614.59
3250.14	6626.83
3249.03	6614.32
3247.92	6586.07
3246.81	6454.42
3245.69	6561.08
3244.58	6553.09
3243.47	6659.69
3242.36	6584.29
3241.24	6574.05
3240.13	6584.02
3239.02	6762.38
3237.9	6718.44
3236.79	6643.09
3235.68	6448.85
3234.56	6488
3233.45	6838.92
3232.33	6460.86
3231.22	6650.21
3230.1	6639.97
3228.99	6546.81
3227.87	6588.14
3226.75	6580.16
3225.64	6513.94
3224.52	6624.68
3223.41	6522.65
3222.29	6651.25
3221.17	6555.97
3220.05	6610.66
3218.94	6636.25
3217.82	6724.46
3216.7	6604.64
3215.58	6683.88
3214.47	6658.01
3213.35	6437.67
3212.23	6684.51
3211.11	6689.94
3209.99	6527.81
3208.87	6633.78
3207.75	6538.71
3206.63	6642.4
3205.51	6618.81
3204.39	6575.14
3203.27	6631.9
3202.15	6697.56
3201.03	6571.36
3199.91	6616.94
3198.79	6687.03
3197.67	6663.45
3196.55	6622.06
3195.42	6591.82
3194.3	6646.26
3193.18	6593.75
3192.06	6619.22
3190.93	6733.74
3189.81	6616.68
3188.69	6639.9
3187.56	6703.17
3186.44	6572.83
3185.32	6649.43
3184.19	6717.11
3183.07	6560.16
3181.94	6598.92
3180.82	6708.81
3179.7	6587.5
3178.57	6801.78
3177.44	6642.74
3176.32	6559.28
3175.19	6700.16
3174.07	6594.52
3172.94	6557.73
3171.82	6678.55
3170.69	6490.87
3169.56	6571.71
3168.43	6683.58
3167.31	6611.33
3166.18	6705.41
3165.05	6542.28
3163.92	6434.64
3162.8	6639.5
3161.67	6607.21
3160.54	6599.29
3159.41	6571.45
3158.28	6556.9
3157.15	6814.68
3156.02	6603.08
3154.89	6659.36
3153.76	6620.46
3152.63	6632.47
3151.5	6533.87
3150.37	6556.94
3149.24	6754.67
3148.11	6572.11
3146.98	6581.9
3145.85	6620.41
3144.72	6597.04
3143.59	6765.86
3142.45	6698.31
3141.32	6617.53
3140.19	6625.09
3139.06	6617.19
3137.92	6609.3
3136.79	6691.87
3135.66	6723.68
3134.52	6647.4
3133.39	6538.07
3132.26	6781.53
3131.12	6509.11
3129.99	6845.04
3128.85	6757.79
3127.72	6622.11
3126.58	6548.15
3125.45	6538.08
3124.31	6618.29
3123.18	6696.26
3122.04	6743.39
3120.9	6755.29
3119.77	6677
3118.63	6647.12
3117.49	6709.61
3116.36	6659.95
3115.22	6674.05
3114.08	6655.19
3112.95	6733.01
3111.81	6657.02
3110.67	6743.6
3109.53	6715.95
3108.39	6624.63
3107.25	6770.44
3106.11	6466.24
3104.98	6796.36
3103.84	6698.51
3102.7	6824.45
3101.56	6548.99
3100.42	6758.23
3099.28	6669.23
3098.14	6602.19
3096.99	6671.05
3095.85	6623.75
3094.71	6804.3
3093.57	6724.14
3092.43	6845.47
3091.29	6695.27
3090.15	6731.19
3089	6561.37
3087.86	6702.34
3086.72	6744.8
3085.57	6719.44
3084.43	6755.32
3083.29	6819.61
3082.14	6735.23
3081	6714.26
3079.86	6682.37
3078.71	6670.15
3077.57	6662.31
3076.42	6582.41
3075.28	6666.29
3074.13	6654.09
3072.99	6796.86
3071.84	6699.53
3070.7	6802.96
3069.55	6616.23
3068.4	6665.12
3067.26	6729.25
3066.11	6618.94
3064.96	6693.95
3063.82	6740.6
3062.67	6793.77
3061.52	6650.86
3060.37	6900.05
3059.23	6624.33
3058.08	6788.52
3056.93	6708.85
3055.78	6677.08
3054.63	6677.96
3053.48	6765.87
3052.33	6790.66
3051.18	6667.57
3050.03	6803.26
3048.88	6580.21
3047.73	6641.97
3046.58	6618.95
3045.43	6717.61
3044.28	6711.97
3043.13	6699.81
3041.98	6646.4
3040.83	6673.34
3039.68	6743.67
3038.52	6720.66
3037.37	6634.75
3036.22	6780.97
3035.07	6623.5
3033.91	6578.85
3032.76	6716.33
3031.61	6745.37
3030.45	6809.08
3029.3	6697.26
3028.14	6615.81
3026.99	6653.52
3025.84	6779.99
3024.68	6739.7
3023.53	6814.16
3022.37	6553.14
3021.22	6809.36
3020.06	6658.77
3018.9	6683.43
3017.75	6738.36
3016.59	6769.48
3015.44	6763.85
3014.28	6561.54
3013.12	6817.41
3011.96	6656.22
3010.81	6762.92
3009.65	6765.93
3008.49	6749.51
3007.33	6724.45
3006.18	6714.51
3005.02	6732.63
3003.86	6664.44
3002.7	6792.57
3001.54	6726.56
3000.38	6645.47
2999.22	6592.44
2998.06	6957.58
2996.9	6738.58
2995.74	6780.36
2994.58	6817.82
2993.42	6792.8
2992.26	6729.04
2991.1	6663.14
2989.94	6821.13
2988.77	6716.51
2987.61	6934.67
2986.45	6881.69
2985.29	6697.54
2984.12	6777.95
2982.96	6690.64
2981.8	6902.14
2980.64	6870.71
2979.47	6738.31
2978.31	6640.33
2977.14	6785.09
2975.98	6678.55
2974.82	6730.92
2973.65	6718.88
2972.49	6700.41
2971.32	6834.29
2970.16	6714.96
2968.99	6769.43
2967.82	6770.25
2966.66	6580.25
2965.49	6844.79
2964.33	6809.17
2963.16	6829.27
2961.99	6830.09
2960.83	6869.45
2959.66	6829.57
2958.49	6704.05
2957.32	6859.02
2956.15	6763.51
2954.99	6856.35
2953.82	6812.23
2952.65	6819.46
2951.48	6728.3
2950.31	6923.71
2949.14	6610.24
2947.97	6927.43
2946.8	6787.17
2945.63	6937.55
2944.46	6850.75
2943.29	6757.58
2942.12	6835.27
2940.95	6808.32
2939.78	6973.48
2938.61	6827.01
2937.44	7015.57
2936.26	6835.01
2935.09	6980.85
2933.92	6830.21
2932.75	6890.71
2931.57	7019.4
2930.4	6900.81
2929.23	6910.12
2928.05	6934.34
2926.88	6883.99
2925.71	6857.1
2924.53	6917.5
2923.36	7007.69
2922.18	6816.9
2921.01	6966.65
2919.83	6688.72
2918.66	6915.01
2917.48	6905.15
2916.31	6959.09
2915.13	6934.34
2913.95	6935.12
2912.78	6948.64
2911.6	6913.29
2910.42	7001.15
2909.25	7001.91
2908.07	6815.81
2906.89	6757.16
2905.71	6838.62
2904.54	6905.19
2903.36	6799.88
2902.18	6872.79
2901	6922.35
2899.82	6959.16
2898.64	6904.8
2897.46	7000.96
2896.28	6972.04
2895.1	7112.63
2893.92	6795.61
2892.74	7014.54
2891.56	7104.22
2890.38	6886.89
2889.2	7090.86
2888.02	6960.38
2886.84	7037.31
2885.65	6845.54
2884.47	6988.02
2883.29	7143.14
2882.11	7029.69
2880.92	6884.58
2879.74	6974.1
2878.56	7036.13
2877.38	6971.37
2876.19	6877.07
2875.01	6985.54
2873.82	7003.17
2872.64	6953.25
2871.45	6922.34
2870.27	7003.28
2869.08	6959.71
2867.9	6947.8
2866.71	7083.52
2865.53	6961.95
2864.34	7047.01
2863.16	6933.93
2861.97	6831.43
2860.78	7032.34
2859.6	6982.51
2858.41	6915.86
2857.22	7045.05
2856.03	7068.93
2854.85	6890.75
2853.66	6864.14
2852.47	6978.51
2851.28	6895.11
2850.09	7009.42
2848.9	6919.74
2847.71	6983.55
2846.52	7095.68
2845.34	6938.78
2844.15	7044.57
2842.96	6885.65
2841.76	6890.6
2840.57	6773.76
2839.38	7093.62
2838.19	6754.31
2837	6992.21
2835.81	6997.13
2834.62	6922.34
2833.43	6900.01
2832.23	6712.03
2831.04	6972.77
2829.85	6736.65
2828.65	6936.5
2827.46	6922.57
2826.27	6826.94
2825.07	6928.23
2823.88	6730.03
2822.69	6965.28
2821.49	7005.78
2820.3	6816.05
2819.1	6892.13
2817.91	6926.34
2816.71	6958.44
2815.52	6885.97
2814.32	6897.16
2813.13	6864.45
2811.93	6950.88
2810.73	6847.13
2809.54	6891.74
2808.34	6990.64
2807.14	6815.94
2805.94	6973.27
2804.75	6777.77
2803.55	6832.79
2802.35	6862.74
2801.15	6982.39
2799.95	6793.3
2798.75	7000.5
2797.56	7017.88
2796.36	6737.17
2795.16	6865.06
2793.96	6967.9
2792.76	6945.69
2791.56	6804.77
2790.36	6907.55
2789.16	6929.1
2787.95	6844.47
2786.75	6945.1
2785.55	6781.43
2784.35	7002.69
2783.15	6828.67
2781.95	6956.26
2780.74	7127.46
2779.54	6859.98
2778.34	6908.5
2777.13	6767.92
2775.93	6891.24
2774.73	6835.87
2773.52	6950.82
2772.32	6764.66
2771.12	6842.21
2769.91	6855.39
2768.71	6771.03
2767.5	6914.93
2766.3	6820.22
2765.09	6905.98
2763.89	6917.05
2762.68	6836.91
2761.47	6796.18
2760.27	6809.35
2759.06	6851.51
2757.85	6781.8
2756.65	6794.96
2755.44	6733.57
2754.23	6904.07
2753.02	6906.85
2751.81	6911.69
2750.61	6792.4
2749.4	6817.94
2748.19	6800.05
2746.98	6831.79
2745.77	6840.78
2744.56	6944.84
2743.35	6807.08
2742.14	6793.34
2740.93	6853.97
2739.72	6840.22
2738.51	6814.09
2737.3	6882.93
2736.09	6941.43
2734.88	6832.75
2733.66	6821.08
2732.45	6955.88
2731.24	6777.14
2730.03	6732.49
2728.82	6805.38
2727.6	6884.42
2726.39	6942.82
2725.18	6795.16
2723.96	6946.26
2722.75	6771.88
2721.53	6902.32
2720.32	6872.14
2719.11	6708.17
2717.89	6887.94
2716.68	6911.26
2715.46	6778.24
2714.25	6768.67
2713.03	6789.95
2711.81	6909.9
2710.6	6910.59
2709.38	6874.29
2708.16	6688
2706.95	6807.88
2705.73	6876.36
2704.51	6936.6
2703.29	6777.14
2702.08	6831.22
2700.86	6864.76
2699.64	6826.46
2698.42	6931.79
2697.2	6811.45
2695.98	6744.48
2694.76	6888.71
2693.54	6901.69
2692.32	6754.82
2691.1	6812.9
2689.88	6807.45
2688.66	6693.45
2687.44	6743.32
2686.22	6832.06
2685	6865.51
2683.78	6864.14
2682.56	6889.38
2681.33	6759.13
2680.11	6757.79
2678.89	6742.14
2677.67	6714.22
2676.44	6827.36
2675.22	6891.4
2674	6875.73
2672.77	6874.36
2671.55	6736.15
2670.33	6734.81
2669.1	6776.35
2667.88	6826.04
2666.65	6710.39
2665.43	6776.4
2664.2	6787.29
2662.97	6857.33
2661.75	6839.65
2660.52	6913.73
2659.3	6898.09
2658.07	6652.15
2656.84	6813.84
2655.62	6810.45
2654.39	6837.61
2653.16	6777.19
2651.93	6735.13
2650.7	6845.75
2649.48	6646.97
2648.25	6796.22
2647.02	6843.7
2645.79	6836.23
2644.56	6863.34
2643.33	6841.65
2642.1	6799.63
2640.87	6645.85
2639.64	6831.47
2638.41	6781.35
2637.18	6922.18
2635.95	6906.59
2634.72	6813.85
2633.48	6869.33
2632.25	6926.82
2631.02	6724.55
2629.79	6869.28
2628.56	6930.79
2627.32	6771.23
2626.09	6859.1
2624.86	6790.84
2623.62	6594.92
2622.39	6956.31
2621.16	6954.93
2619.92	6953.54
2618.69	6889.38
2617.45	6736.15
2616.22	6803.64
2614.98	6844.78
2613.75	6875.79
2612.51	6876.44
2611.27	6727.42
2610.04	6857.52
2608.8	6827.85
2607.57	6877.02
2606.33	6895.86
2605.09	6866.2
2603.85	6806.24
2602.62	6772.57
2601.38	6775.25
2600.14	6848.61
2598.9	6659.51
2597.66	6977.06
2596.42	6666.94
2595.18	6893.58
2593.94	6916.4
2592.71	6967.46
2591.47	6877.35
2590.23	6934.44
2588.98	6820.19
2587.74	6859.13
2586.5	6831.57
2585.26	6785.89
2584.02	6780.51
2582.78	6815.39
2581.54	6932.8
2580.29	6820.72
2579.05	6775.09
2577.81	6761.66
2576.57	6907.14
2575.32	6807.22
2574.08	6844.06
2572.84	6810.53
2571.59	6869.46
2570.35	6839.96
2569.1	6796.4
2567.86	6807.1
2566.61	6807.74
2565.37	6772.25
2564.12	6893.34
2562.88	6837.78
2561.63	6780.22
2560.39	6829.02
2559.14	6887.83
2557.89	6804.23
2556.65	6844.97
2555.4	6851.62
2554.15	6637.81
2552.9	6900.97
2551.66	6747.34
2550.41	6916.24
2549.16	6792.7
2547.91	6837.39
2546.66	6771.96
2545.41	6880.68
2544.16	6831.28
2542.91	6829.91
2541.66	6820.54
2540.41	6785.18
2539.16	6901.78
2537.91	6802.45
2536.66	6821.07
2535.41	6933.6
2534.16	6820.33
2532.91	6914.84
2531.66	6793.64
2530.4	6828.21
2529.15	6750.99
2527.9	6937.24
2526.65	6838.07
2525.39	6782.84
2524.14	6749.56
2522.89	6921.7
2521.63	6852.52
2520.38	6775.4
2519.12	6813.9
2517.87	6585.38
2516.61	6843.04
2515.36	6827.72
2514.1	6824.36
2512.85	6733.4
2511.59	6859.44
2510.33	6820.25
2509.08	6872.61
2507.82	6759.82
2506.56	6859.9
2505.31	6876.42
2504.05	6869.08
2502.79	6814.03
2501.53	6850.42
2500.28	6884.81
2499.02	6796.01
2497.76	6919.78
2496.5	6709.88
2495.24	6940.82
2493.98	6842.16
2492.72	6759.42
2491.46	6831.47
2490.2	6885.65
2488.94	6824.76
2487.68	6859.08
2486.42	7008.38
2485.16	6806.77
2483.9	6831.16
2482.63	6673.26
2481.37	6770.96
2480.11	6751.78
2478.85	6875.17
2477.59	6778.76
2476.32	6813.02
2475.06	6700.83
2473.8	6826.11
2472.53	6733.74
2471.27	6825.34
2470	6699.39
2468.74	6903.65
2467.47	6840.98
2466.21	6815.89
2464.94	6780.93
2463.68	6892.16
2462.41	6762.4
2461.15	6883.46
2459.88	6899.84
2458.61	6880.69
2457.35	6784.58
2456.08	6743.75
2454.81	6645.73
2453.54	6839.64
2452.28	6735.73
2451.01	6789.57
2449.74	6774.4
2448.47	6926.75
2447.2	6744.09
2445.93	6835.31
2444.66	6700.01
2443.39	6838.46
2442.12	6748.49
2440.85	6686.11
2439.58	6787.09
2438.31	6707.03
2437.04	6827.63
2435.77	6631.55
2434.5	6691.17
2433.23	6758.62
2431.96	6765.12
2430.68	6726.42
2429.41	6797.75
2428.14	6713.88
2426.87	6653.61
2425.59	6664.05
2424.32	6686.26
2423.04	6659.39
2421.77	6679.63
2420.5	6813.65
2419.22	6700.47
2417.95	6771.68
2416.67	6676.2
2415.4	6506.26
2414.12	6785.21
2412.85	6652.55
2411.57	6735.45
2410.29	6663.58
2409.02	6701.39
2407.74	6653.05
2406.46	6745.67
2405.18	6689.5
2403.91	6527.7
2402.63	6755.27
2401.35	6740.21
2400.07	6668.45
2398.79	6592.8
2397.52	6732.21
2396.24	6617.49
2394.96	6698.22
2393.68	6874.64
2392.4	6728.71
2391.12	6842.57
2389.84	6556.13
2388.56	6625.08
2387.27	6729.12
2385.99	6639.96
2384.71	6658.12
2383.43	6621.66
2382.15	6552.07
2380.87	6757.4
2379.58	6759.93
2378.3	6571.48
2377.02	6663.67
2375.73	6662.32
2374.45	6662.92
2373.17	6692.72
2371.88	6747.82
2370.6	6740.62
2369.31	6645.84
2368.03	6603.63
2366.74	6606.18
2365.46	6733.21
2364.17	6694.9
2362.89	6711.04
2361.6	6643.59
2360.31	6718.03
2359.03	6673.92
2357.74	6744.44
2356.45	6618.78
2355.17	6675.69
2353.88	6676.27
2352.59	6843.78
2351.3	6667.74
2350.01	6623.7
2348.72	6756.2
2347.43	6731.56
2346.15	6670.08
2344.86	6554.35
2343.57	6677.07
2342.28	6722.22
2340.99	6668.54
2339.69	6578.08
2338.4	6650.34
2337.11	6610.26
2335.82	6657.32
2334.53	6669.51
2333.24	6571.4
2331.95	6527.51
2330.65	6634.5
2329.36	6623.48
2328.07	6809.68
2326.77	6533.8
2325.48	6677.42
2324.19	6691.52
2322.89	6444.81
2321.6	6485.99
2320.3	6637.23
2319.01	6552.86
2317.71	6499.41
2316.42	6665.99
2315.12	6629.9
2313.83	6524.38
2312.53	6609.84
2311.23	6575.72
2309.94	6624.51
2308.64	6567.26
2307.34	6531.23
2306.05	6728.36
2304.75	6530.5
2303.45	6504.13
2302.15	6689.59
2300.85	6692.08
2299.55	6621.42
2298.25	6612.37
2296.96	6586.01
2295.66	6580.83
2294.36	6444.86
2293.06	6620.45
2291.76	6644.09
2290.45	6661.96
2289.15	6643.3
2287.85	6455.58
2286.55	6625.23
2285.25	6476
2283.95	6484.28
2282.65	6458
2281.34	6602.55
2280.04	6438.09
2278.74	6500.09
2277.43	6579.33
2276.13	6470.59
2274.83	6503.79
2273.52	6533.13
2272.22	6639.13
2270.91	6442.32
2269.61	6506.14
2268.3	6516.31
2267	6453.69
2265.69	6548.11
2264.39	6497
2263.08	6503.33
2261.77	6624.46
2260.47	6450.93
2259.16	6543.34
2257.85	6431.09
2256.54	6492.87
2255.24	6583.29
2253.93	6581.95
2252.62	6469.78
2251.31	6449.36
2250	6576
2248.69	6565.11
2247.38	6468.31
2246.07	6505.17
2244.76	6440.86
2243.45	6443.36
2242.14	6617.54
2240.83	6564.69
2239.52	6479.45
2238.21	6508.63
2236.9	6547.32
2235.59	6412.59
2234.27	6382.69
2232.96	6451.87
2231.65	6334.38
2230.34	6317.85
2229.02	6392.7
2227.71	6511.3
2226.4	6384.38
2225.08	6345.02
2223.77	6465.46
2222.45	6462.23
2221.14	6405.77
2219.82	6417.76
2218.51	6384.14
2217.19	6377.13
2215.88	6261.83
2214.56	6505.58
2213.24	6382.71
2211.93	6305.45
2210.61	6400.97
2209.29	6409.15
2207.97	6386.96
2206.66	6416.01
2205.34	6460.21
2204.02	6422.86
2202.7	6332.43
2201.38	6253.42
2200.06	6320.36
2198.74	6248.96
2197.42	6359.45
2196.1	6356.25
2194.78	6343.58
2193.46	6429.37
2192.14	6310.69
2190.82	6464.58
2189.5	6342.16
2188.18	6448.68
2186.86	6347.12
2185.54	6362.84
2184.21	6291.58
2182.89	6269.5
2181.57	6302.23
2180.24	6299.05
2178.92	6303.42
2177.6	6381.44
2176.27	6410.34
2174.95	6369.38
2173.62	6262.38
2172.3	6313.93
2170.97	6314.52
2169.65	6356.61
2168.32	6345.87
2167	6363.42
2165.67	6128.36
2164.34	6255.26
2163.02	6212.52
2161.69	6205.59
2160.36	6321.1
2159.04	6208.69
2157.71	6199.88
2156.38	6383.08
2155.05	6253.79
2153.72	6256.27
2152.39	6305.77
2151.06	6323.28
2149.74	6259.93
2148.41	6286.84
2147.08	6325.02
2145.75	6372.58
2144.41	6189.02
2143.08	6227.19
2141.75	6347.99
2140.42	6288.47
2139.09	6185.8
2137.76	6321.54
2136.43	6369.03
2135.09	6264.53
2133.76	6197.59
2132.43	6175.68
2131.09	6283.16
2129.76	6264.99
2128.43	6166.24
2127.09	6164.97
2125.76	6150.59
2124.42	6111.86
2123.09	6397.12
2121.75	6103.72
2120.42	6156.75
2119.08	6176.07
2117.75	6144.85
2116.41	6117.4
2115.07	6269.51
2113.74	6309.35
2112.4	6126.7
2111.06	6250.67
2109.72	6193.32
2108.38	6201.38
2107.05	6286.03
2105.71	5995.25
2104.37	6266.63
2103.03	6170.13
2101.69	6110.99
2100.35	6163.85
2099.01	6093.54
2097.67	6165.03
2096.33	6186.14
2094.99	6115.87
2093.65	6086.65
2092.31	6100.3
2090.97	6069.23
2089.62	6237.51
2088.28	6070.44
2086.94	6102.71
2085.6	6148
2084.25	6161.62
2082.91	6156.62
2081.57	6144.19
2080.22	6031.29
2078.88	6171.41
2077.53	6106.9
2076.19	6126.09
2074.84	6085.79
2073.5	6093.82
2072.15	5994.09
2070.81	6135.89
2069.46	6062.18
2068.12	6083.21
2066.77	6046.68
2065.42	6136.38
2064.08	6086.86
2062.73	6029.94
2061.38	6013.85
2060.03	6133.15
2058.68	6044.74
2057.34	6075
2055.99	6099.69
2054.64	6235.55
2053.29	6184.24
2051.94	5997.73
2050.59	6144.64
2049.24	6004.5
2047.89	5969.94
2046.54	6087.15
2045.19	6141.4
2043.83	6047.63
2042.48	6011.23
2041.13	6141.28
2039.78	5951.43
2038.43	6051.86
2037.07	6154.1
2035.72	6049.35
2034.37	6049.94
2033.01	6118.87
2031.66	6064.05
2030.31	6064.64
2028.95	6107.68
2027.6	6187.61
2026.24	6038.73
2024.89	6113.1
2023.53	6108.15
2022.17	6099.5
2020.82	6030.03
2019.46	6084.07
2018.11	6007.26
2016.75	6122.08
2015.39	6019.5
2014.03	6003.52
2012.68	6149.56
2011.32	5927.39
2009.96	6054.99
2008.6	5981.97
2007.24	6065.35
2005.88	6005.23
2004.52	6141.9
2003.16	5905.3
2001.8	6001.49
2000.44	5873.44
1999.08	6022.88
1997.72	5962.85
1996.36	5910.18
1995	6114.61
1993.64	6019.71
1992.27	6033.14
1990.91	5978.67
1989.55	5918.72
1988.19	5840.45
1986.82	5841.07
1985.46	5896.69
1984.1	5961.46
1982.73	5945.56
1981.37	5885.68
1980	6031.02
1978.64	5983.97
1977.27	5979.06
1975.91	5833.18
1974.54	5961.93
1973.18	6024.74
1971.81	5974.09
1970.44	5921.62
1969.08	5876.49
1967.71	5931.95
1966.34	5936.2
1964.97	5867.34
1963.61	5966.62
1962.24	5990.96
1960.87	5916.64
1959.5	5847.84
1958.13	5866.7
1956.76	5923.9
1955.39	6066.85
1954.02	5925.08
1952.65	5960.33
1951.28	5982.8
1949.91	5912.26
1948.54	5814.39
1947.17	6004.58
1945.8	5883.04
1944.42	5807.11
1943.05	5855.08
1941.68	5992.29
1940.31	5805.29
1938.93	5891.47
1937.56	5864.76
1936.19	5930.87
1934.81	5840.48
1933.44	5892.01
1932.06	5905.33
1930.69	5991.38
1929.31	5822.88
1927.94	5914.36
1926.56	5838.62
1925.18	5884.63
1923.81	5888.85
1922.43	5816.8
1921.05	5793.8
1919.68	5975.93
1918.3	5923.86
1916.92	5797.42
1915.54	5890.55
1914.17	5853.04
1912.79	5966.06
1911.41	5763.57
1910.03	5717.05
1908.65	5820.96
1907.27	5821.56
1905.89	5858.38
1904.51	5784.71
1903.13	5783.5
1901.75	5809.45
1900.37	5907.78
1898.99	5834.16
1897.6	5876.36
1896.22	5777.45
1894.84	5844.97
1893.46	5756.95
1892.07	5911.21
1890.69	5691.29
1889.31	5807.55
1887.92	5770.2
1886.54	5713
1885.15	5830.99
1883.77	5813.52
1882.38	5824.94
1881	5679.34
1879.61	5797.24
1878.23	5729.28
1876.84	5710.04
1875.46	5777.36
1874.07	5727.48
1872.68	5672.2
1871.29	5714.26
1869.91	5768.92
1868.52	5767.71
1867.13	5757.49
1865.74	5696.87
1864.35	5879.29
1862.96	5728.68
1861.57	5606.92
1860.19	5783.84
1858.8	5660.32
1857.4	5646.55
1856.01	5782
1854.62	5804.15
1853.23	5607.05
1851.84	5578.92
1850.45	5654.99
1849.06	5603.52
1847.67	5742.4
1846.27	5664
1844.88	5763.32
1843.49	5738.79
1842.09	5678.37
1840.7	5784.81
1839.31	5645.5
1837.91	5615.63
1836.52	5736.35
1835.12	5677.79
1833.73	5604.92
1832.33	5675.4
1830.93	5604.36
1829.54	5680.18
1828.14	5657.5
1826.75	5659.89
1825.35	5535.22
1823.95	5594.89
1822.55	5627.7
1821.16	5580.02
1819.76	5653.94
1818.36	5591.97
1816.96	5553.26
1815.56	5544.95
1814.16	5704.57
1812.76	5673.01
1811.36	5648.6
1809.96	5667.05
1808.56	5455.22
1807.16	5564.72
1805.76	5556.41
1804.36	5606.98
1802.96	5534.45
1801.56	5467.31
1800.15	5574.91
1798.75	5607.6
1797.35	5590.38
1795.94	5628.4
1794.54	5646.81
1793.14	5551.23
1791.73	5457.47
1790.33	5515.07
1788.92	5462.29
1787.52	5509.18
1786.11	5593.42
1784.71	5332.55
1783.3	5523.48
1781.9	5566.77
1780.49	5597.59
1779.08	5617.74
1777.68	5549.03
1776.27	5375.55
1774.86	5509.39
1773.45	5415.89
1772.05	5556.78
1770.64	5374.56
1769.23	5499.42
1767.82	5464.55
1766.41	5346.32
1765	5385.99
1763.59	5356.48
1762.18	5417.39
1760.77	5394.98
1759.36	5402.7
1757.95	5435.22
1756.54	5384.48
1755.12	5356.78
1753.71	5327.32
1752.3	5407.62
1750.89	5436.56
1749.47	5341.64
1748.06	5356.43
1746.65	5447.27
1745.23	5401.91
1743.82	5344.2
1742.4	5447.35
1740.99	5334.87
1739.58	5346.11
1738.16	5318.48
1736.74	5448.04
1735.33	5238.55
1733.91	5318.64
1732.5	5359.87
1731.08	5399.32
1729.66	5204.12
1728.24	5312.37
1726.83	5335.94
1725.41	5262.53
1723.99	5294.9
1722.57	5221.53
1721.15	5280.33
1719.73	5263.36
1718.31	5264
1716.89	5294.58
1715.47	5258.25
1714.05	5248.34
1712.63	5264.82
1711.21	5158.15
1709.79	5292.49
1708.37	5323.03
1706.95	5306.08
1705.52	5227.61
1704.1	5156.21
1702.68	5281.62
1701.26	5180.37
1699.83	5270.6
1698.41	5113.21
1696.98	5108.61
1695.56	5233.9
1694.14	5220.51
1692.71	5187.82
1691.28	5281.44
1689.86	5192.63
1688.43	5175.75
1687.01	5253.53
1685.58	4993.04
1684.15	5354.68
1682.73	5290.48
1681.3	5231.56
1679.87	5149.9
1678.44	5168.07
1677.02	5254.49
1675.59	5204.37
1674.16	5019.56
1672.73	5070.97
1671.3	5129.35
1669.87	5196.46
1668.44	5170.88
1667.01	5178.52
1665.58	5161.69
1664.15	5087.22
1662.72	5180.46
1661.28	5195.07
1659.85	5012.4
1658.42	5119.55
1656.99	5080.07
1655.55	5021.42
1654.12	5029.07
1652.69	5125.67
1651.25	5058.32
1649.82	5140.92
1648.39	5087.54
1646.95	5109.11
1645.52	4998.27
1644.08	5054.68
1642.64	5041.42
1641.21	5049.05
1639.77	4919.16
1638.34	5071.26
1636.9	5122.38
1635.46	5049.97
1634.02	4977.59
1632.59	5002.61
1631.15	5111.07
1629.71	5132.57
1628.27	5079.35
1626.83	5048.73
1625.39	4891.33
1623.95	5011.85
1622.51	4963.9
1621.07	5106.92
1619.63	5015.59
1618.19	5108.22
1616.75	4954.47
1615.31	4986.37
1613.87	4973.17
1612.43	4973.84
1610.98	5085.44
1609.54	5058.36
1608.1	4970.66
1606.66	5028.49
1605.21	5122.67
1603.77	4979.6
1602.32	5101.44
1600.88	5038.05
1599.43	5142.52
1597.99	5006.49
1596.54	4946.61
1595.1	5090.81
1593.65	5022.3
1592.21	4971.1
1590.76	5013.24
1589.31	5057.1
1587.86	4895.37
1586.42	5080.84
1584.97	4910.55
1583.52	4881.88
1582.07	5018.91
1580.62	4876.34
1579.17	4901.18
1577.72	4924.28
1576.28	4940.47
1574.83	4963.55
1573.37	4988.34
1571.92	4880.43
1570.47	4998.27
1569.02	4935.19
1567.57	4863.52
1566.12	4817.72
1564.67	4845.95
1563.21	4937.85
1561.76	4986.7
1560.31	4915.1
1558.85	4888.25
1557.4	4723.83
1555.95	4867.24
1554.49	4855.89
1553.04	4906.4
1551.58	4834.91
1550.13	4842.46
1548.67	4848.3
1547.21	4939.98
1545.76	4719.18
1544.3	4795.41
1542.84	4835.56
1541.39	4783.06
1539.93	4744.3
1538.47	4743.29
1537.01	4834.85
1535.56	4785.82
1534.1	4798.51
1532.64	4799.19
1531.18	4784.46
1529.72	4894.75
1528.26	4755.01
1526.8	4682.09
1525.34	4717.03
1523.88	4644.15
1522.42	4735.54
1520.95	4712.28
1519.49	4654.84
1518.03	4650.42
1516.57	4528.06
1515.1	4663.81
1513.64	4683.31
1512.18	4772.84
1510.71	4612.99
1509.25	4617.12
1507.79	4698.07
1506.32	4567.35
1504.86	4714.82
1503.39	4534.68
1501.92	4656.51
1500.46	4657.22
1498.99	4509.59
1497.53	4563.17
1496.06	4635.47
1494.59	4631.07
1493.12	4502.31
1491.66	4530.3
1490.19	4541.24
1488.72	4562.4
1487.25	4619.29
1485.78	4422.6
1484.31	4607.09
1482.84	4536.36
1481.37	4418.05
1479.9	4593.92
1478.43	4545.34
1476.96	4532.46
1475.49	4602.85
1474.02	4413.3
1472.54	4517.65
1471.07	4547.24
1469.6	4464.78
1468.13	4609.78
1466.65	4442.49
1465.18	4543.33
1463.71	4433.8
1462.23	4502.37
1460.76	4518.35
1459.28	4527.55
1457.81	4524.88
1456.33	4445.97
1454.86	4550.04
1453.38	4559.22
1451.9	4548.08
1450.43	4484.46
1448.95	4385.33
1447.47	4426.69
1445.99	4532.32
1444.52	4467.07
1443.04	4474.56
1441.56	4463.45
1440.08	4403.33
1438.6	4368.58
1437.12	4372.7
1435.64	4522.1
1434.16	4407.97
1432.68	4464.43
1431.2	4502.3
1429.72	4459.13
1428.24	4441.29
1426.75	4438.65
1425.27	4417.45
1423.79	4333.87
1422.31	4415.54
1420.82	4441.56
1419.34	4405.21
1417.86	4439.64
1416.37	4410.05
1414.89	4489.93
1413.4	4329.01
1411.92	4429.08
1410.43	4439.9
1408.95	4369.95
1407.46	4308.44
1405.97	4349.56
1404.49	4377.21
1403	4445.19
1401.51	4368.59
1400.03	4335.72
1398.54	4390.23
1397.05	4456.47
1395.56	4359.78
1394.07	4274.88
1392.58	4373
1391.09	4382.13
1389.6	4263.72
1388.11	4442.3
1386.62	4282
1385.13	4353.18
1383.64	4276.8
1382.15	4200.44
1380.66	4355.38
1379.17	4327.63
1377.67	4388.68
1376.18	4374.33
1374.69	4226.04
1373.19	4287.06
1371.7	4411.65
1370.21	4343.77
1368.71	4215.69
1367.22	4383.7
1365.72	4361.01
1364.23	4289.85
1362.73	4293.94
1361.23	4221.15
1359.74	4270.36
1358.24	4324.55
1356.74	4236.78
1355.25	4332.7
1353.75	4291.69
1352.25	4394.24
1350.75	4254.79
1349.25	4312.26
1347.76	4312.99
1346.26	4208.67
1344.76	4221.1
1343.26	4226.85
1341.76	4235.93
1340.26	4235.01
1338.75	4365.68
1337.25	4239.83
1335.75	4233.92
1334.25	4247.98
1332.75	4223.76
1331.25	4229.5
1329.74	4235.23
1328.24	4221.01
1326.74	4178.52
1325.23	4119.43
1323.73	4188.34
1322.22	4335.32
1320.72	4083.52
1319.21	4227.14
1317.71	4211.27
1316.2	4060.94
1314.7	4182.89
1313.19	4183.64
1311.68	4227.52
1310.18	4186.79
1308.67	4126.18
1307.16	4140.21
1305.65	4192.35
1304.14	4126.8
1302.63	4086.14
1301.13	4053.77
1299.62	4182.08
1298.11	4123.21
1296.6	4079.27
1295.09	4141.28
1293.58	4100.66
1292.06	4119.63
1290.55	4037.68
1289.04	4114.53
1287.53	4082.21
1286.02	4036.69
1284.5	4085.4
1282.99	4102.68
1281.48	4095.18
1279.96	4157.05
1278.45	4104.95
1276.94	4079.3
1275.42	4088.31
1273.91	4047.82
1272.39	4002.39
1270.87	3968.53
1269.36	3990.75
1267.84	4082.21
1266.33	4102.75
1264.81	3988.14
1263.29	4002.1
1261.77	4049
1260.26	4112.35
1258.74	3955.03
1257.22	3988.73
1255.7	4022.43
1254.18	4128.51
1252.66	4129.25
1251.14	4031.31
1249.62	3908.74
1248.1	3967.07
1246.58	3948.13
1245.06	3945.62
1243.54	3998.98
1242.01	3952.11
1240.49	3941.4
1238.97	3915.91
1237.45	3985.64
1235.92	3861.68
1234.4	4000.31
1232.88	3946.94
1231.35	3914.91
1229.83	4099.35
1228.3	3998.45
1226.78	3972.99
1225.25	3975.4
1223.72	3817.25
1222.2	3932.71
1220.67	3848.34
1219.14	3891.7
1217.62	3926.86
1216.09	3849.09
1214.56	3856.42
1213.03	3893.2
1211.5	3866.19
1209.98	3835.91
1208.45	3907
1206.92	3858.75
1205.39	3915.09
1203.86	3904.43
1202.33	3846.41
1200.79	3773.72
1199.26	3865.95
1197.73	3811.24
1196.2	3795.72
1194.67	3944.99
1193.13	3761.44
1191.6	3811.17
1190.07	3867.4
1188.53	3778.52
1187	3857.55
1185.47	3837.16
1183.93	3790.7
1182.4	3807.79
1180.86	3732.05
1179.33	3864.72
1177.79	3808.54
1176.25	3778.41
1174.72	3725.53
1173.18	3801.15
1171.64	3805.2
1170.1	3752.34
1168.57	3816.53
1167.03	3632.06
1165.49	3702.75
1163.95	3723.06
1162.41	3766.09
1160.87	3690.57
1159.33	3733.59
1157.79	3718.17
1156.25	3731.95
1154.71	3697.07
1153.17	3691.39
1151.63	3706.8
1150.08	3709.22
1148.54	3795.93
1147	3727.04
1145.46	3591.75
1143.91	3621.74
1142.37	3721.34
1140.82	3681.67
1139.28	3635.54
1137.73	3696.24
1136.19	3726.16
1134.64	3626.67
1133.1	3664.69
1131.55	3691.37
1130.01	3740.67
1128.46	3638.03
1126.91	3656.62
1125.36	3641.27
1123.82	3625.94
1122.27	3768.85
1120.72	3575.91
1119.17	3660.67
1117.62	3666.32
1116.07	3796.19
1114.52	3616.31
1112.97	3557.46
1111.42	3661.48
1109.87	3673.57
1108.32	3568.01
1106.77	3638.11
1105.22	3524.55
1103.66	3612.35
1102.11	3621.22
1100.56	3675.15
1099	3619.62
1097.45	3528.72
1095.9	3609.98
1094.34	3540.03
1092.79	3611.61
1091.23	3544.9
1089.68	3605.2
1088.12	3546.55
1086.56	3512.03
1085.01	3463.07
1083.45	3598.8
1081.89	3567.51
1080.34	3542.64
1078.78	3569.14
1077.22	3529.85
1075.66	3564.36
1074.1	3558.76
1072.54	3551.56
1070.98	3521.92
1069.43	3511.53
1067.86	3554.02
1066.3	3453.91
1064.74	3510.81
1063.18	3490.81
1061.62	3515.66
1060.06	3478.07
1058.5	3467.7
1056.93	3454.13
1055.37	3528.55
1053.81	3467
1052.24	3550.97
1050.68	3471.86
1049.12	3503.06
1047.55	3457.55
1045.99	3471.16
1044.42	3409.7
1042.85	3528.7
1041.29	3392.23
1039.72	3469.68
1038.16	3497.64
1036.59	3346.91
1035.02	3449.84
1033.45	3421.97
1031.88	3425.99
1030.32	3367.86
1028.75	3446.79
1027.18	3361.59
1025.61	3475.52
1024.04	3433.35
1022.47	3411.89
1020.9	3368.16
1019.33	3445.39
1017.76	3474.86
1016.18	3343.65
1014.61	3358.82
1013.04	3402.59
1011.47	3373.22
1009.89	3510.75
1008.32	3411.45
1006.75	3366.22
1005.17	3440.12
1003.6	3396.48
1002.02	3414.78
1000.45	3437.83
998.873	3348.21
997.297	3412.51
995.721	3315
994.145	3304.75
992.568	3370.6
990.991	3393.63
989.413	3326.32
987.835	3298.65
986.257	3248.81
984.678	3309.85
983.099	3324.95
981.52	3317.88
979.94	3377.29
978.36	3325.9
976.78	3442.23
975.199	3318.1
973.618	3276.25
972.037	3277.11
970.455	3268.48
968.873	3370.46
967.29	3358.65
965.707	3253.66
964.124	3287.68
962.541	3381.67
960.957	3325.68
959.373	3296.53
957.788	3373.11
956.203	3342.39
954.618	3306.95
953.032	3358.25
951.446	3237.7
949.86	3274.8
948.273	3275.65
946.686	3289.1
945.099	3267.89
943.511	3320.7
941.923	3282.18
940.334	3323.94
938.745	3316.91
937.156	3223.36
935.567	3317.01
933.977	3306.83
932.387	3271.51
930.796	3206.34
929.205	3255.91
927.614	3248.9
926.022	3400.54
924.43	3288.29
922.838	3265.57
921.245	3242.87
919.652	3196.64
918.058	3286.92
916.465	3380.31
914.87	3235.28
913.276	3280.02
911.681	3197.78
910.086	3247.22
908.49	3208.89
906.894	3181.54
905.298	3182.4
903.701	3227.1
902.104	3212.29
900.507	3296.09
898.909	3204.6
897.311	3178.85
895.713	3167.19
894.114	3218.09
892.515	3129.82
890.916	3177.58
889.316	3140.93
887.715	3235.53
886.115	3095.79
884.514	3224.71
882.913	3192.77
881.311	3135.86
879.709	3205.39
878.107	3243.67
876.504	3232.03
874.901	3226.63
873.298	3171.34
871.694	3117.63
870.09	3250.96
868.485	3178.56
866.88	3132.68
865.275	3178.7
863.669	3173.32
862.064	3127.46
860.457	3199.91
858.851	3144.73
857.244	3245.15
855.636	3135.55
854.028	3203.27
852.42	3207.22
850.812	3183.18
849.203	3196.46
847.594	3147.58
845.984	3170.17
844.375	3175.68
842.764	3106.65
841.154	3191.33
839.543	3144.06
837.931	3113.88
836.32	3181.43
834.708	3149.7
833.095	3119.54
831.482	3168.44
829.869	3184.78
828.256	3208.86
826.642	3194.19
825.028	3229.1
823.413	3202.05
821.798	3154.89
820.183	3189.78
818.567	3165.86
816.951	3240.95
815.335	3091.75
813.718	3089.51
812.101	3206.31
810.483	3211.77
808.865	3121.42
807.247	3066.65
805.629	3116.93
804.01	3140.94
802.39	3127.89
800.771	3221.34
799.151	3152.72
797.53	3124.24
795.91	3142.04
794.288	3081.2
792.667	3151.43
791.045	3085.98
789.423	3137.68
787.8	3144.68
786.177	3162.46
784.554	3115.55
782.93	3097.91
781.306	3180.34
779.682	3133.45
778.057	3106.59
776.432	3218.19
774.807	3074.44
773.181	3096.81
771.554	3114.56
769.928	3132.3
768.301	3116.23
766.674	3097.1
765.046	3065.68
763.418	3160.2
761.789	3045.88
760.161	3048.26
758.531	3133.51
756.902	3105.19
755.272	3155.11
753.642	3017.92
752.011	3035.63
750.38	3163.71
748.749	3126.22
747.117	3130.11
745.485	3077.32
743.852	3068.97
742.22	3049.91
740.586	3160.96
738.953	3092.91
737.319	3115.17
735.685	3025.74
734.05	3052.59
732.415	3022.85
730.779	3144.46
729.144	3061.22
727.507	3031.5
725.871	3052.21
724.234	3063.74
722.597	3069.15
720.959	3073.04
719.321	2985.35
717.683	3028.93
716.044	2979.43
714.405	3039.76
712.765	3042.13
711.126	3049.06
709.485	2996.55
707.845	3099.5
706.204	2986.06
704.563	3096.57
702.921	3045.62
701.279	3011.44
699.636	3041.2
697.993	2979.64
696.35	2972.88
694.707	2964.61
693.063	3017.16
691.419	3059.05
689.774	2980.84
688.129	2996.88
686.483	3050.9
684.838	2965.15
683.191	2994.85
681.545	3010.87
679.898	3008.67
678.251	3074.77
676.603	3001.24
674.955	2977.81
673.307	3034.77
671.658	3058.34
670.009	2992.47
668.359	3058.47
666.709	3016.87
665.059	2973.77
663.408	3030.65
661.757	2952.74
660.106	3003.54
658.454	3030.11
656.802	2956.79
655.15	3009.07
653.497	3009.9
651.844	3027.36
650.19	2926.89
648.536	2965.53
646.881	3029.84
645.227	2950.59
643.572	3039.04
641.916	2941.7
640.26	2939.52
638.604	2946.4
636.947	2874.81
635.29	2955.63
633.633	2905.18
631.975	2981.43
630.317	2968.7
628.659	2984.6
627	3017.08
625.34	2990.78
623.681	3017.22
622.021	2987.92
620.36	2908.95
618.7	2923.34
617.038	2863.98
615.377	2967.15
613.715	2969.49
612.053	2890.61
610.39	2935.06
608.727	2923.87
607.064	3005.87
605.4	2948.08
603.736	2935.4
602.071	2931.73
600.406	2958.09
598.741	2886.86
597.075	3028.79
595.409	2971.08
593.743	2910.39
592.076	2948.73
590.409	2882.08
588.741	2975.87
587.073	2972.2
585.405	2971.52
583.736	2885.45
582.067	2905.76
580.397	2944.03
578.728	2958.34
577.057	3019.03
575.387	2888.15
573.716	2950.33
572.044	2885.34
570.373	2887.68
568.7	2881.04
567.028	2923.73
565.355	2967.9
563.682	2882.06
562.008	2957.58
560.334	2934.51
558.66	2983.11
556.985	2891.37
555.31	2835.5
553.634	2846.79
551.958	2904.31
550.282	2939.44
548.605	2877.64
546.928	2897.86
545.25	2935.94
543.573	2924.84
541.894	2875.02
540.216	2856.49
538.537	2903.49
536.857	2898.36
535.178	2906.63
533.497	2961.02
531.817	2853.23
530.136	2947.77
528.455	2914.38
526.773	2900.34
525.091	2889.27
523.408	2879.7
521.725	2898.35
520.042	2878.38
518.359	2907.42
516.675	2832.53
514.99	2928.36
513.305	2927.69
511.62	2962.62
509.935	2926.35
508.249	2882.68
506.562	2843.47
504.876	2936.2
503.189	2908.86
501.501	2878.56
499.813	2864.57
498.125	2892.05
496.436	2849.94
494.747	2889.25
493.058	2839.76
491.368	2893.85
489.678	2862.12
487.987	2794.92
486.297	2905.17
484.605	2826.16
482.913	2931.92
481.221	2804.18
479.529	2813.88
477.836	2851.63
476.143	2849.5
474.449	2872.47
472.755	2781.79
471.061	2865.25
469.366	2804.12
467.67	2847.72
465.975	2817.58
464.279	2797.77
462.582	2832.5
460.886	2786.17
459.189	2869.5
457.491	2802.57
455.793	2809.29
454.095	2782.14
452.396	2875.7
450.697	2838.25
448.997	2847.9
447.298	2817.83
445.597	2762.78
443.897	2875.34
442.196	2882.03
440.494	2806.43
438.792	2801.38
437.09	2802.2
435.387	2822.12
433.684	2840.55
431.981	2795.87
430.277	2812.84
428.573	2897.28
426.868	2776.35
425.163	2890.08
423.458	2804.39
421.752	2783.23
420.046	2803.1
418.34	2811.25
416.633	2834.03
414.925	2801.17
413.218	2840.05
411.51	2808.66
409.801	2840.21
408.092	2808.83
406.383	2818.43
404.673	2810.47
402.963	2771.81
401.253	2787.25
399.542	2798.3
397.831	2804.96
396.119	2791.17
394.407	2786.15
392.694	2776.75
390.982	2762.97
389.268	2743.36
387.555	2792.33
385.841	2784.4
384.126	2766.26
382.411	2752.5
380.696	2730
378.981	2748.32
377.265	2746.23
375.548	2752.88
373.832	2881.85
372.114	2734.14
370.397	2822.3
368.679	2728.51
366.96	2684.24
365.242	2770.89
363.523	2719.36
361.803	2676.57
360.083	2783.51
358.363	2804.67
356.642	2808.38
354.921	2729.29
353.199	2776.59
351.477	2729.49
349.755	2570.64
348.032	2749.99
346.309	2701.48
344.586	2711.01
342.862	2729.24
341.137	2777.9
339.413	2670
337.688	2686.77
335.962	2696.29
334.236	2692.77
332.51	2686.36
330.783	2674.15
329.056	2748.81
327.328	2697.52
325.601	2657.83
323.872	2706.4
322.144	2699.99
320.414	2621.29
318.685	2704.52
316.955	2648.98
315.225	2687.38
313.494	2683.87
311.763	2691.91
310.031	2662.41
308.299	2609.83
306.567	2665.51
304.834	2676.44
303.101	2681.59
301.368	2683.85
299.634	2694.77
297.9	2642.25
296.165	2683.43
294.43	2625.18
292.694	2669.22
290.958	2690.21
289.222	2676.63
287.485	2621.3
285.748	2629.33
284.011	2574.05
282.273	2623.8
280.534	2627.51
278.795	2555.01
277.056	2643.54
275.317	2532.26
273.577	2587.71
271.836	2597.17
270.096	2609.49
268.355	2600.27
266.613	2672.88
264.871	2590.45
263.129	2572.64
261.386	2630.85
259.643	2539.89
257.899	2616.73
256.155	2617.55
254.411	2609.78
252.666	2546.13
250.921	2544.11
249.175	2610.83
247.429	2595.9
245.683	2540.9
243.936	2576.09
242.189	2611.26
240.441	2476.19
238.693	2529.96
236.944	2543.67
235.196	2557.38
233.446	2648.25
231.697	2524.75
229.947	2551.31
228.196	2539.29
226.445	2470.16
224.694	2543.82
222.942	2494.7
221.19	2551.2
219.437	2510.66
217.685	2538.6
215.931	2496.66
214.177	2508.91
212.423	2548.23
210.669	2443.62
208.914	2478.67
207.158	2428.25
205.403	2500.3
203.646	2569.47
201.89	2449.32
200.133	2490.01
