4501.29	4371.28
4500.4	4289.23
4499.52	4316.78
4498.64	4236.83
4497.75	4312.45
4496.87	4286.25
4495.98	4373.14
4495.1	4132.14
4494.22	4320.75
4493.33	4257.84
4492.45	4310.78
4491.56	4228.12
4490.68	4216.09
4489.79	4088.3
4488.9	4271.08
4488.02	4275.98
4487.13	4269.59
4486.25	4144.71
4485.36	4146.81
4484.47	4120.7
4483.59	4162.28
4482.7	4031.86
4481.81	4158.02
4480.93	4160.11
4480.04	4043.85
4479.15	4060.05
4478.26	4019.91
4477.38	4036.1
4476.49	3888.97
4475.6	4096.64
4474.71	4112.82
4473.83	3996.7
4472.94	4046.66
4472.05	4068.47
4471.16	3966.49
4470.27	4019.23
4469.38	3993.22
4468.49	3972.85
4467.6	3980.59
4466.71	4092.32
4465.82	4001.68
4464.93	3846.45
4464.04	3989.05
4463.15	3822.64
4462.26	3807.94
4461.37	4045.93
4460.48	3972.24
4459.59	4033.29
4458.7	3895.08
4457.81	3888.79
4456.92	3860.06
4456.03	3960.36
4455.14	3984.91
4454.24	3897.29
4453.35	3871.38
4452.46	3848.29
4451.57	3872.84
4450.68	3914.19
4449.78	4011.55
4448.89	3918.42
4448	3808.53
4447.11	3914.26
4446.21	4005.95
4445.32	4033.24
4444.43	3847.84
4443.53	3911.53
4442.64	3905.25
4441.75	3952.11
4440.85	3943.03
4439.96	3942.35
4439.06	3972.41
4438.17	3817.99
4437.27	3912.34
4436.38	3925.62
4435.48	3980.81
4434.59	3910.29
4433.69	3895.64
4432.8	4012.23
4431.9	4000.36
4431.01	3927.09
4430.11	3954.31
4429.22	4112.66
4428.32	4005.93
4427.42	4008.02
4426.53	4015.69
4425.63	4081.9
4424.73	4028.22
4423.84	4013.58
4422.94	4088.12
4422.04	4087.41
4421.14	3886.12
4420.25	3899.37
4419.35	4071.34
4418.45	3956.47
4417.55	4056
4416.65	4069.2
4415.76	3971.09
4414.86	4245.85
4413.96	4195.03
4413.06	4322.24
4412.16	4124.05
4411.26	4176.15
4410.36	4261.6
4409.46	4258.07
4408.56	4221.2
4407.66	4195.46
4406.76	4255.84
4405.86	4221.76
4404.96	4312.66
4404.06	4228.61
4403.16	4200.11
4402.26	4216.03
4401.36	4304.09
4400.46	4419.87
4399.56	4294.26
4398.66	4337.89
4397.76	4353.77
4396.85	4350.23
4395.95	4377.19
4395.05	4437.4
4394.15	4444.94
4393.25	4441.39
4392.34	4396.29
4391.44	4514.61
4390.54	4361.52
4389.64	4493.65
4388.73	4473.48
4387.83	4422.88
4386.93	4355.69
4386.02	4462.83
4385.12	4594.83
4384.21	4602.32
4383.31	4590.46
4382.41	4597.95
4381.5	4721.54
4380.6	4643.32
4379.69	4730.93
4378.79	4688.66
4377.88	4607.73
4376.98	4725.68
4376.07	4821.5
4375.17	4679.85
4374.26	4554.8
4373.36	4830.01
4372.45	4702.22
4371.54	4803.48
4370.64	4722.64
4369.73	4876.26
4368.82	4836.8
4367.92	4819.41
4367.01	4956.39
4366.1	4784.64
4365.2	4794.82
4364.29	4890.41
4363.38	5107.17
4362.47	4795.05
4361.57	4984.22
4360.66	5060.43
4359.75	5131.11
4358.84	5083.42
4357.93	5099.04
4357.02	5155.92
4356.11	5102.75
4355.21	5096.35
4354.3	5001.96
4353.39	5006.58
4352.48	5189.88
4351.57	5235.69
4350.66	5078.14
4349.75	5151.42
4348.84	5230.18
4347.93	5253.98
4347.02	5299.74
4346.11	5329.01
4345.2	5111.21
4344.29	5280.47
4343.37	5216.43
4342.46	5204.54
4341.55	5288.66
4340.64	5293.22
4339.73	5314.22
4338.82	5406.5
4337.9	5372.66
4336.99	5349.79
4336.08	5400.91
4335.17	5328.72
4334.26	5426.4
4333.34	5362.45
4332.43	5547.71
4331.52	5283.91
4330.6	5395.21
4329.69	5476.36
4328.78	5513.7
4327.86	5414.24
4326.95	5489.88
4326.03	5324.82
4325.12	5526.23
4324.21	5473.31
4323.29	5305.61
4322.38	5534.24
4321.46	5560.59
4320.55	5491.31
4319.63	5514.93
4318.72	5511.22
4317.8	5573.06
4316.88	5596.64
4315.97	5609.31
4315.05	5531.9
4314.14	5588.23
4313.22	5603.61
4312.3	5624.44
4311.39	5530.73
4310.47	5627.91
4309.55	5561.49
4308.63	5476.01
4307.72	5524.1
4306.8	5613.05
4305.88	5516.71
4304.96	5575.66
4304.05	5441.23
4303.13	5606.36
4302.21	5594.49
4301.29	5560.84
4300.37	5698.65
4299.45	5526.22
4298.54	5620.46
4297.62	5834.35
4296.7	5757.17
4295.78	5606.61
4294.86	5719.8
4293.94	5672.58
4293.02	5750.39
4292.1	5659.71
4291.18	5509.3
4290.26	5782.66
4289.34	5596.97
4288.42	5601.41
4287.5	5660.15
4286.57	5607.58
4285.65	5663.57
4284.73	5817.23
4283.81	5707.69
4282.89	5714.82
4281.97	5694.83
4281.04	5948.69
4280.12	5784.98
4279.2	5792.09
4278.28	5826.3
4277.35	5779.21
4276.43	5742.97
4275.51	5793.41
4274.59	5724.69
4273.66	5813.02
4272.74	5798.46
4271.81	5743.31
4270.89	5866.77
4269.97	5895.49
4269.04	5683.45
4268.12	5888
4267.19	5862.62
4266.27	5850.77
4265.34	5817.29
4264.42	5802.75
4263.49	5820.64
4262.57	5684.52
4261.64	5805.07
4260.72	5887.77
4259.79	5692.31
4258.87	5812.79
4257.94	5809.06
4257.01	5727.07
4256.09	5720.66
4255.16	5822.17
4254.23	5896.66
4253.31	5766.16
4252.38	5846.04
4251.45	5831.52
4250.52	5865.53
4249.6	5702.79
4248.67	5920.04
4247.74	5770.81
4246.81	6028.38
4245.88	5752.61
4244.96	6010.09
4244.03	5774.8
4243.1	5867.99
4242.17	5718.93
4241.24	5793.26
4240.31	5878.32
4239.38	5729.34
4238.45	5827.83
4237.52	5716.55
4236.59	5801.57
4235.66	5875.8
4234.73	5807.57
4233.8	5758.18
4232.87	5784.02
4231.94	5858.2
4231.01	5951.16
4230.08	5874.92
4229.15	5820.19
4228.22	5792.31
4227.28	5777.87
4226.35	5685.61
4225.42	5909.95
4224.49	5804.3
4223.56	5891.76
4222.62	5839.77
4221.69	5905.76
4220.76	5848.42
4219.83	5871.5
4218.89	5843.67
4217.96	5928.35
4217.03	5863.02
4216.09	5685.23
4215.16	5946.61
4214.23	6031.22
4213.29	5813.35
4212.36	5815
4211.42	5875.5
4210.49	5871.78
4209.55	5841.32
4208.62	5957.94
4207.68	5871.33
4206.75	5760.68
4205.81	5895.97
4204.88	5825.44
4203.94	5808.37
4203.01	5796.66
4202.07	5931.84
4201.13	5797.27
4200.2	5921.72
4199.26	5765.84
4198.32	5682.08
4197.39	5734.44
4196.45	5754.76
4195.51	5708.39
4194.58	5904.73
4193.64	5943.68
4192.7	5750.67
4191.76	5925.57
4190.82	5823.25
4189.89	5814.22
4188.95	5861.14
4188.01	5585.73
4187.07	5811.11
4186.13	5804.75
4185.19	5715.86
4184.25	5853.26
4183.31	5820.28
4182.37	5896.41
4181.43	5749.04
4180.49	5652.26
4179.55	5861.35
4178.61	5727.36
4177.67	5960.28
4176.73	5759.87
4175.79	5905.01
4174.85	5795.02
4173.91	5732.88
4172.97	5782.33
4172.03	5876.9
4171.09	5774.96
4170.14	5784.55
4169.2	5818.02
4168.26	5734.72
4167.32	5680.63
4166.38	5788.38
4165.43	5660.04
4164.49	5704.11
4163.55	5859.53
4162.6	5704.73
4161.66	5592.39
4160.72	5760.99
4159.77	5709.63
4158.83	5676.82
4157.89	5710.24
4156.94	5703.92
4156	5747.92
4155.05	5776.01
4154.11	5753.81
4153.16	5715.73
4152.22	5606.24
4151.27	5835.37
4150.33	5657.13
4149.38	5775.12
4148.44	5607.52
4147.49	5712.26
4146.55	5727.1
4145.6	5686.44
4144.65	5664.29
4143.71	5684.41
4142.76	5730.93
4141.81	5819.68
4140.87	5739.44
4139.92	5672.43
4138.97	5658.22
4138.03	5791.78
4137.08	5904.18
4136.13	5707.94
4135.18	5651.54
4134.23	5713.81
4133.29	5739.15
4132.34	5738.13
4131.39	5610.61
4130.44	5625.41
4129.49	5627.04
4128.54	5583.89
4127.59	5788.3
4126.64	5842.56
4125.69	5833.62
4124.74	5729.93
4123.79	5618.38
4122.84	5638.42
4121.89	5634.78
4120.94	5596.95
4119.99	5519.69
4119.04	5676.46
4118.09	5759.56
4117.14	5569.29
4116.19	5673.41
4115.24	5711.8
4114.28	5668.75
4113.33	5659.86
4112.38	5582.69
4111.43	5705.09
4110.48	5719.82
4109.52	5647.93
4108.57	5770.25
4107.62	5569.83
4106.66	5587.19
4105.71	5586.19
4104.76	5650.75
4103.8	5754.6
4102.85	5711.63
4101.9	5668.68
4100.94	5468.52
4099.99	5561.85
4099.03	5642.06
4098.08	5664.61
4097.12	5650.51
4096.17	5523.83
4095.21	5651.1
4094.26	5587.28
4093.3	5646.46
4092.35	5593.13
4091.39	5623.51
4090.44	5617.27
4089.48	5728.69
4088.52	5607.41
4087.57	5577.66
4086.61	5610.63
4085.65	5531.24
4084.7	5548.54
4083.74	5665.07
4082.78	5556.99
4081.82	5629.1
4080.87	5575.88
4079.91	5473.09
4078.95	5508.64
4077.99	5559.83
4077.03	5504.06
4076.08	5487.42
4075.12	5520.33
4074.16	5597.56
4073.2	5570.49
4072.24	5478.27
4071.28	5518.98
4070.32	5533.62
4069.36	5496.16
4068.4	5341.51
4067.44	5561.88
4066.48	5581.71
4065.52	5468.78
4064.56	5556.29
4063.6	5607.33
4062.64	5593.31
4061.68	5467.46
4060.72	5508.08
4059.75	5395.29
4058.79	5534.7
4057.83	5499.92
4056.87	5545.71
4055.91	5451.17
4054.94	5478.77
4053.98	5495.96
4053.02	5409.28
4052.06	5535.53
4051.09	5464.44
4050.13	5440.1
4049.17	5566.28
4048.2	5477.06
4047.24	5478.67
4046.27	5475.09
4045.31	5471.52
4044.35	5416.09
4043.38	5342.53
4042.42	5440.06
4041.45	5527.18
4040.49	5432.92
4039.52	5279.11
4038.56	5441.32
4037.59	5336.76
4036.63	5418.65
4035.66	5368.49
4034.69	5463.28
4033.73	5384.67
4032.76	5319.03
4031.8	5512.07
4030.83	5459.35
4029.86	5473.88
4028.89	5304.86
4027.93	5448.65
4026.96	5434.74
4025.99	5361.42
4025.02	5368.2
4024.06	5372.4
4023.09	5335.28
4022.12	5362.72
4021.15	5250.75
4020.18	5244.64
4019.21	5233.37
4018.25	5304.67
4017.28	5226.33
4016.31	5181.54
4015.34	5309.54
4014.37	5306.01
4013.4	5294.74
4012.43	5255.12
4011.46	5416.52
4010.49	5250.65
4009.52	5159.55
4008.55	5243.61
4007.58	5255.54
4006.6	5277.76
4005.63	5243.34
4004.66	5172.91
4003.69	5228.59
4002.72	5271.38
4001.75	5239.56
4000.77	5169.18
3999.8	5343.09
3998.83	5218.73
3997.86	5269.19
3996.88	5186.01
3995.91	5275
3994.94	5140.46
3993.96	5219.16
3992.99	5087.24
3992.02	5153.08
3991.04	5157.29
3990.07	5120.42
3989.1	5258.07
3988.12	5113.44
3987.15	5176.65
3986.17	5152.63
3985.2	5059.38
3984.22	5178.97
3983.25	5085.75
3982.27	5092.52
3981.3	5173.6
3980.32	5077.87
3979.34	5120.5
3978.37	5155.43
3977.39	5123.77
3976.41	5033.24
3975.44	5175.67
3974.46	5159.38
3973.48	5207.06
3972.51	5198.45
3971.53	5200.06
3970.55	5199.12
3969.57	5014.08
3968.6	5087.31
3967.62	5027.61
3966.64	5136.58
3965.66	5046.23
3964.68	5127.06
3963.7	5003.54
3962.73	5048.6
3961.75	5142.15
3960.77	5085.06
3959.79	5114.77
3958.81	5034.73
3957.83	5023.62
3956.85	5040.56
3955.87	5100.86
3954.89	4939.29
3953.91	5127.06
3952.93	5121.03
3951.94	4860.15
3950.96	5078.41
3949.98	5125.89
3949	5084.21
3948.02	5024.71
3947.04	5135.84
3946.06	5226.56
3945.07	5044.89
3944.09	5105.05
3943.11	4979.45
3942.13	4963.28
3941.14	5013.25
3940.16	5055.58
3939.18	4932.62
3938.19	5025.78
3937.21	5068.08
3936.23	5001.09
3935.24	5012.88
3934.26	5070.4
3933.27	5132.98
3932.29	5053.33
3931.3	5087.95
3930.32	5104.8
3929.33	4982.05
3928.35	5130.86
3927.36	5018.3
3926.38	4931.14
3925.39	4980.97
3924.41	4853.28
3923.42	4930.99
3922.43	4985.86
3921.45	4962.15
3920.46	5009.39
3919.47	4980.62
3918.49	4896.12
3917.5	5031.99
3916.51	4985.5
3915.52	5007.38
3914.54	5168.46
3913.55	5000.5
3912.56	5035.01
3911.57	5082.16
3910.58	4942.13
3909.6	5115.72
3908.61	5041.47
3907.62	4964.71
3906.63	5019.41
3905.64	5134.74
3904.65	4848.32
3903.66	4978.79
3902.67	4775.84
3901.68	5055.26
3900.69	4988.7
3899.7	4990.31
3898.71	5047.45
3897.72	4988.5
3896.73	4937.13
3895.74	5059.83
3894.74	4995.86
3893.75	5118.5
3892.76	5049.51
3891.77	5043.55
3890.78	4984.67
3889.79	4933.37
3888.79	4929.95
3887.8	4929.06
3886.81	5023.85
3885.81	4987.69
3884.82	5001.88
3883.83	5053.83
3882.83	5047.87
3881.84	4991.6
3880.85	4988.18
3879.85	4931.94
3878.86	4961.22
3877.86	5025.68
3876.87	4798.54
3875.88	5028.88
3874.88	4982.73
3873.89	4921.53
3872.89	4890.49
3871.89	5000.1
3870.9	4991.66
3869.9	5096.18
3868.91	5092.75
3867.91	4966.34
3866.91	5023.14
3865.92	5002.16
3864.92	5101.57
3863.92	5073.06
3862.93	5079.66
3861.93	4960.91
3860.93	5042.71
3859.93	5001.7
3858.94	4993.27
3857.94	4974.83
3856.94	4993.96
3855.94	4990.54
3854.94	4897
3853.94	5058.81
3852.95	5037.86
3851.95	4869.3
3850.95	4920.94
3849.95	5002.59
3848.95	4959.16
3847.95	4968.26
3846.95	4967.35
3845.95	4996.44
3844.95	5087.99
3843.95	5027.09
3842.95	4926.25
3841.95	5082.7
3840.94	5104.25
3839.94	5125.79
3838.94	5054.96
3837.94	5021.59
3836.94	5030.65
3835.94	5127.03
3834.93	5063.74
3833.93	4905.69
3832.93	4937.21
3831.93	4993.65
3830.92	5022.65
3829.92	5084.03
3828.92	4973.47
3827.91	5079.68
3826.91	4886.96
3825.91	5040.47
3824.9	5169.02
3823.9	4904.2
3822.89	5117.35
3821.89	5001.95
3820.88	5078.16
3819.88	5005.09
3818.87	4934.53
3817.87	5050.51
3816.86	4957.59
3815.86	4964.14
3814.85	5030.34
3813.84	5012.02
3812.84	5011.11
3811.83	4935.67
3810.83	5063.91
3809.82	4968.63
3808.81	4908.13
3807.8	5018.93
3806.8	5005.61
3805.79	5041.91
3804.78	5031.06
3803.77	5099.59
3802.77	4934.98
3801.76	5055.57
3800.75	5014.98
3799.74	5046.28
3798.73	5000.75
3797.72	5022.14
3796.71	4840.38
3795.7	4993.05
3794.69	4846.04
3793.68	5077.88
3792.67	4859.11
3791.66	4939.89
3790.65	5099.83
3789.64	5103.84
3788.63	4996.54
3787.62	4968.42
3786.61	5007.07
3785.6	5092.68
3784.59	5057.14
3783.58	5078.46
3782.56	4931.75
3781.55	4975.31
3780.54	5001.57
3779.53	4798.15
3778.52	4942.94
3777.5	5053.12
3776.49	5000.37
3775.48	5004.38
3774.46	5104.62
3773.45	4995.15
3772.44	5085.48
3771.42	5074.68
3770.41	5088.55
3769.39	4979.15
3768.38	4970.85
3767.36	5132.56
3766.35	5045.39
3765.34	5009.98
3764.32	5028.76
3763.3	5069.7
3762.29	5051.53
3761.27	4853.7
3760.26	4975.85
3759.24	4987.24
3758.23	5047.82
3757.21	5081.33
3756.19	4952.52
3755.18	4927.03
3754.16	5198.98
3753.14	5072.68
3752.12	5103.69
3751.11	4989.74
3750.09	5148.48
3749.07	5019.83
3748.05	5031.18
3747.03	5076.9
3746.02	4955.7
3745	5094.67
3743.98	5132.99
3742.96	5105.06
3741.94	5055.07
3740.92	5090.92
3739.9	5104.7
3738.88	5074.34
3737.86	5048.9
3736.84	5094.53
3735.82	5159.74
3734.8	5077.95
3733.78	5138.25
3732.76	5066.29
3731.74	5035.98
3730.71	5108.48
3729.69	5056.15
3728.67	5199.58
3727.65	5196.18
3726.63	5060.7
3725.61	5049.98
3724.58	4987.92
3723.56	5192.35
3722.54	5215.84
3721.51	5095.14
3720.49	5147.95
3719.47	5078.6
3718.44	5023.93
3717.42	5142.66
3716.4	5171.01
3715.37	4974.78
3714.35	5127.61
3713.32	5199.87
3712.3	5142.8
3711.27	5173.56
3710.25	5126.27
3709.22	5186.29
3708.2	5097.57
3707.17	5184.37
3706.15	5254.09
3705.12	5175.15
3704.09	5164.45
3703.07	5212.21
3702.04	5203.94
3701.01	5149.42
3699.99	5289.66
3698.96	5128.05
3697.93	5239.04
3696.9	5269.7
3695.88	5251.7
3694.85	5206.95
3693.82	5220.58
3692.79	5212.32
3691.76	5189.48
3690.74	5215.26
3689.71	5168.13
3688.68	5244.91
3687.65	5292.52
3686.62	5281.83
3685.59	5256.58
3684.56	5260.46
3683.53	5342.01
3682.5	5358.01
3681.47	5262.4
3680.44	5186.23
3679.41	5289.56
3678.38	5300.7
3677.34	5258.51
3676.31	5434.48
3675.28	5251.72
3674.25	5190.17
3673.22	5356.37
3672.19	5382.02
3671.15	5322.91
3670.12	5338.87
3669.09	5386.3
3668.06	5264.29
3667.02	5384.31
3665.99	5325.24
3664.96	5275.88
3663.92	5352.3
3662.89	5288.44
3661.85	5418.01
3660.82	5397.67
3659.79	5345.92
3658.75	5289.35
3657.72	5445.41
3656.68	5340.54
3655.65	5450.64
3654.61	5350.63
3653.57	5446.2
3652.54	5435.54
3651.5	5405.58
3650.47	5387.69
3649.43	5538.66
3648.39	5332.63
3647.36	5435.33
3646.32	5504.24
3645.28	5488.76
3644.25	5331.09
3643.21	5575.88
3642.17	5504.98
3641.13	5506.37
3640.09	5519.8
3639.06	5530.82
3638.02	5474.42
3636.98	5499.88
3635.94	5460.36
3634.9	5497.84
3633.86	5588.24
3632.82	5620.87
3631.78	5509.21
3630.74	5500.98
3629.7	5588.9
3628.66	5534.99
3627.62	5615.66
3626.58	5547.35
3625.54	5524.7
3624.5	5650.96
3623.46	5611.5
3622.42	5742.49
3621.38	5563.81
3620.33	5601.17
3619.29	5657.72
3618.25	5627.88
3617.21	5526.1
3616.17	5752.89
3615.12	5631.94
3614.08	5652.47
3613.04	5795.22
3611.99	5597.65
3610.95	5591.82
3609.91	5526.11
3608.86	5661.59
3607.82	5586.31
3606.77	5621.18
3605.73	5545.94
3604.69	5633.45
3603.64	5687.44
3602.6	5631.36
3601.55	5515.5
3600.5	5636.44
3599.46	5778.85
3598.41	5598.49
3597.37	5604.61
3596.32	5472.15
3595.27	5569.08
3594.23	5625.38
3593.18	5633.88
3592.13	5515.83
3591.09	5720.12
3590.04	5616.42
3588.99	5763.33
3587.94	5767.03
3586.9	5620.44
3585.85	5571.69
3584.8	5573.04
3583.75	5655.45
3582.7	5532.82
3581.65	5622.36
3580.6	5583.19
3579.56	5551.18
3578.51	5707.36
3577.46	5575.31
3576.41	5433.78
3575.36	5523.24
3574.31	5519.83
3573.26	5575.92
3572.2	5622.46
3571.15	5690.41
3570.1	5582.31
3569.05	5567.01
3568	5722.89
3566.95	5652.89
3565.9	5644.7
3564.84	5534.34
3563.79	5692.49
3562.74	5696.18
3561.69	5600.12
3560.63	5608.58
3559.58	5726.23
3558.53	5589.87
3557.47	5650.53
3556.42	5604.39
3555.37	5705.36
3554.31	5604.68
3553.26	5643.94
3552.2	5597.84
3551.15	5686.88
3550.09	5657.38
3549.04	5710.82
3547.98	5610.25
3546.93	5734.75
3545.87	5783.41
3544.82	5566.86
3543.76	5688.92
3542.71	5616.85
3541.65	5570.84
3540.59	5647.88
3539.54	5672.85
3538.48	5738.02
3537.42	5609.25
3536.36	5643.66
3535.31	5649.7
3534.25	5818.81
3533.19	5685.4
3532.13	5809.55
3531.07	5713.98
3530.02	5668.04
3528.96	5690.6
3527.9	5715.5
3526.84	5712.07
3525.78	5722.8
3524.72	5752.41
3523.66	5791.44
3522.6	5788
3521.54	5789.27
3520.48	5823.56
3519.42	5789.46
3518.36	5698.82
3517.3	5940.46
3516.24	5849.83
3515.17	5945.31
3514.11	5842.93
3513.05	5877.16
3511.99	5897.24
3510.93	5882.02
3509.87	5890.33
3508.8	5948.05
3507.74	5902.24
3506.68	6002.27
3505.61	5881.22
3504.55	6049.4
3503.49	5942.49
3502.42	6051.83
3501.36	6003.71
3500.3	5929.75
3499.23	6053.13
3498.17	5976.85
3497.1	6020.34
3496.04	5993.39
3494.97	5973.49
3493.91	5958.29
3492.84	6201.19
3491.77	6101.5
3490.71	6175.41
3489.64	6155.49
3488.58	6189.51
3487.51	6068.8
3486.44	6142.66
3485.38	6059.49
3484.31	6140.36
3483.24	6087.67
3482.17	6147.42
3481.11	5984.71
3480.04	6287.92
3478.97	6209.5
3477.9	6264.5
3476.83	6146.34
3475.77	6220.04
3474.7	6092.58
3473.63	6023.62
3472.56	6125.36
3471.49	6229.4
3470.42	6169.8
3469.35	6208.37
3468.28	6151.14
3467.21	6213.05
3466.14	6209.54
3465.07	6161.68
3464	6235.23
3462.92	6115.02
3461.85	6179.21
3460.78	6224.72
3459.71	6146.57
3458.64	6224.71
3457.57	6445.06
3456.49	6385.57
3455.42	6174.58
3454.35	6257.32
3453.28	6370.32
3452.2	6222.36
3451.13	6309.69
3450.06	6329.47
3448.98	6330.61
3447.91	6154.83
3446.83	6142.03
3445.76	6510.87
3444.68	6400.3
3443.61	6261.85
3442.53	6358.35
3441.46	6280.43
3440.38	6416.41
3439.31	6357.09
3438.23	6300.12
3437.16	6424.4
3436.08	6351.18
3435	6305.86
3433.93	6469.55
3432.85	6261.69
3431.77	6304.62
3430.7	6451.97
3429.62	6237.28
3428.54	6391.54
3427.46	6369.46
3426.39	6301.01
3425.31	6378.66
3424.23	6458.59
3423.15	6424.93
3422.07	6500.19
3420.99	6359.95
3419.91	6372.65
3418.83	6350.61
3417.75	6421.2
3416.68	6528.8
3415.6	6448.87
3414.51	6660.57
3413.43	6629.23
3412.35	6641.87
3411.27	6605.92
3410.19	6421.98
3409.11	6395.34
3408.03	6401.07
3406.95	6439.15
3405.87	6504.95
3404.78	6640.04
3403.7	6562.56
3402.62	6487.42
3401.54	6520.83
3400.45	6475.74
3399.37	6691.49
3398.29	6537.91
3397.2	6543.6
3396.12	6549.29
3395.04	6538.82
3393.95	6473.02
3392.87	6529.44
3391.78	6654.99
3390.7	6644.52
3389.61	6419.75
3388.53	6563.68
3387.44	6610.81
3386.36	6528.96
3385.27	6444.83
3384.19	6788.93
3383.1	6769.24
3382.01	6556.24
3380.93	6462.97
3379.84	6590.57
3378.75	6630.73
3377.67	6615.68
3376.58	6642.02
3375.49	6569.5
3374.4	6740.63
3373.31	6642.85
3372.23	6712.81
3371.14	6617.37
3370.05	6673.53
3368.96	6699.82
3367.87	6588.37
3366.78	6706.47
3365.69	6645.54
3364.6	6646.58
3363.51	6707.25
3362.42	6657.82
3361.33	6525.86
3360.24	6572.77
3359.15	6642.58
3358.06	6675.7
3356.97	6578.21
3355.88	6574.67
3354.79	6584.88
3353.69	6597.37
3352.6	6625.89
3351.51	6585.72
3350.42	6685.17
3349.33	6743.4
3348.23	6650.61
3347.14	6576.16
3346.05	6721.28
3344.95	6617.11
3343.86	6581.57
3342.77	6662.61
3341.67	6654.49
3340.58	6602.96
3339.48	6629.12
3338.39	6618.73
3337.29	6704.25
3336.2	6579.7
3335.1	6630.95
3334.01	6853.34
3332.91	6651.25
3331.82	6754.93
3330.72	6578.03
3329.62	6811.66
3328.53	6716.89
3327.43	6660.91
3326.33	6689.27
3325.24	6651.55
3324.14	6520.42
3323.04	6840.36
3321.94	6554.39
3320.85	6712.53
3319.75	6633.86
3318.65	6762.34
3317.55	6642.72
3316.45	6589.13
3315.35	6772.14
3314.25	6616.2
3313.16	6685.43
3312.06	6745.55
3310.96	6698.81
3309.86	6717.99
3308.76	6664.45
3307.66	6729.07
3306.55	6814.1
3305.45	6690.18
3304.35	6584.46
3303.25	6664.94
3302.15	6606.93
3301.05	6707.79
3299.95	6590.81
3298.84	6662.14
3297.74	6638.2
3296.64	6580.25
3295.54	6633.41
3294.43	6650.28
3293.33	6791.79
3292.23	6670.41
3291.12	6741.63
3290.02	6464.03
3288.92	6768.51
3287.81	6717.41
3286.71	6632.38
3285.6	6796.33
3284.5	6657.01
3283.39	6680.63
3282.29	6717.81
3281.18	6641.91
3280.08	6855.44
3278.97	6684.59
3277.86	6742.08
3276.76	6535.16
3275.65	6694.33
3274.54	6525.9
3273.44	6707.59
3272.33	6767.28
3271.22	6680.21
3270.12	6712.79
3269.01	6612.22
3267.9	6601.93
3266.79	6697.68
3265.68	6540.78
3264.57	6710.91
3263.47	6689.34
3262.36	6670.04
3261.25	6567.35
3260.14	6667.5
3259.03	6688.75
3257.92	6689.73
3256.81	6753.77
3255.7	6664.67
3254.59	6604.87
3253.48	6538.34
3252.37	6694.61
3251.25	6711.33
3250.14	6624.58
3249.03	6702.03
3247.92	6610.81
3246.81	6782.65
3245.69	6612.78
3244.58	6708.15
3243.47	6603.52
3242.36	6651.68
3241.24	6715.55
3240.13	6707.53
3239.02	6807.28
3237.9	6734.15
3236.79	6542.1
3235.68	6729.34
3234.56	6725.81
3233.45	6603.4
3232.33	6525.89
3231.22	6730.93
3230.1	6669.11
3228.99	6782.15
3227.87	6677.77
3226.75	6629.45
3225.64	6614.74
3224.52	6689.62
3223.41	6672.67
3222.29	6769.9
3221.17	6719.36
3220.05	6758.36
3218.94	6649.67
3217.82	6758.02
3216.7	6678.44
3215.58	6739.78
3214.47	6655.77
3213.35	6491.32
3212.23	6718.04
3211.11	6665.36
3209.99	6664.09
3208.87	6783.43
3207.75	6808.93
3206.63	6633.47
3205.51	6556.3
3204.39	6646.56
3203.27	6718.92
3202.15	6608.32
3201.03	6729.74
3199.91	6616.94
3198.79	6580
3197.67	6774.92
3196.55	6622.06
3195.42	6567.31
3194.3	6688.59
3193.18	6767.51
3192.06	6710.53
3190.93	6738.19
3189.81	6761.39
3188.69	6800.17
3187.56	6827.8
3186.44	6733.04
3185.32	6756.22
3184.19	6534.73
3183.07	6664.68
3181.94	6625.6
3180.82	6733.26
3179.7	6703.07
3178.57	6679.57
3177.44	6793.82
3176.32	6685.89
3175.19	6680.17
3174.07	6707.76
3172.94	6710.91
3171.82	6716.28
3170.69	6783.79
3169.56	6800.23
3168.43	6699.11
3167.31	6711.13
3166.18	6760.84
3165.05	6865.96
3163.92	6713.92
3162.8	6699.34
3161.67	6704.7
3160.54	6670.18
3159.41	6770.78
3158.28	6587.9
3157.15	6639.77
3156.02	6879.78
3154.89	6730.18
3153.76	6713.4
3152.63	6816.09
3151.5	6591.38
3150.37	6665.3
3149.24	6723.72
3148.11	6841.8
3146.98	6765.34
3145.85	6845.8
3144.72	6669.95
3143.59	6708.43
3142.45	6791.06
3141.32	6796.38
3140.19	6779.62
3139.06	6648.1
3137.92	6726.26
3136.79	6658.78
3135.66	6734.71
3134.52	6662.84
3133.39	6893.09
3132.26	6708.78
3131.12	6875.01
3129.99	6637.88
3128.85	6793.04
3127.72	6765.3
3126.58	6752.99
3125.45	6791.33
3124.31	6646.91
3123.18	6729.28
3122.04	6734.59
3120.9	6744.29
3119.77	6692.4
3118.63	6693.31
3117.49	6870.15
3116.36	6712.72
3115.22	6797.16
3114.08	6740.9
3112.95	6645.12
3111.81	6641.64
3110.67	6629.38
3109.53	6713.75
3108.39	6751.98
3107.25	6629.94
3106.11	6600.13
3104.98	6583.49
3103.84	6698.51
3102.7	6688.45
3101.56	6614.78
3100.42	6714.38
3099.28	6748.16
3098.14	6591.23
3096.99	6506.68
3095.85	6474.75
3094.71	6622.47
3093.57	6686.9
3092.43	6598.02
3091.29	6511.36
3090.15	6518.86
3089	6574.51
3087.86	6632.32
3086.72	6600.41
3085.57	6568.52
3084.43	6624.11
3083.29	6688.42
3082.14	6503.5
3081	6532.85
3079.86	6546.88
3078.71	6541.25
3077.57	6537.8
3076.42	6667.58
3075.28	6626.99
3074.13	6643.17
3072.99	6550.22
3071.84	6479.12
3070.7	6800.78
3069.55	6598.78
3068.4	6490.64
3067.26	6524.27
3066.11	6581.88
3064.96	6606.76
3063.82	6594.59
3062.67	6582.42
3061.52	6683.54
3060.37	6510.18
3059.23	6539.41
3058.08	6466.3
3056.93	6578.24
3055.78	6457.27
3054.63	6425.56
3053.48	6611.41
3052.33	6651.46
3051.18	6524.04
3050.03	6529.3
3048.88	6521.52
3047.73	6570.24
3046.58	6555.93
3045.43	6472.11
3044.28	6625.08
3043.13	6526.07
3041.98	6550.86
3040.83	6399.8
3039.68	6507.09
3038.52	6649.05
3037.37	6565.32
3036.22	6590.08
3035.07	6554.1
3033.91	6641.74
3032.76	6564.57
3031.61	6561.13
3030.45	6507.85
3029.3	6517.43
3028.14	6507.5
3026.99	6449.93
3025.84	6457.34
3024.68	6518.87
3023.53	6493.8
3022.37	6602.91
3021.22	6517.25
3020.06	6533.29
3018.9	6577.45
3017.75	6476.7
3016.59	6555.44
3015.44	6614.69
3014.28	6544.25
3013.12	6687.76
3011.96	6492.03
3010.81	6482.13
3009.65	6500.31
3008.49	6540.07
3007.33	6616.51
3006.18	6483.57
3005.02	6596.68
3003.86	6515.58
3002.7	6611.38
3001.54	6523.83
3000.38	6539.82
2999.22	6607.53
2998.06	6621.34
2996.9	6585.57
2995.74	6661.86
2994.58	6606.71
2993.42	6415.9
2992.26	6636.45
2991.1	6572.72
2989.94	6504.72
2988.77	6608.91
2987.61	6618.38
2986.45	6531.05
2985.29	6667.43
2984.12	6661.83
2982.96	6716.44
2981.8	6581.86
2980.64	6535.45
2979.47	6650.21
2978.31	6687.59
2977.14	6576.75
2975.98	6480.98
2974.82	6685.84
2973.65	6611.55
2972.49	6655.34
2971.32	6699.1
2970.16	6642.02
2968.99	6559.22
2967.82	6716.64
2966.66	6713.19
2965.49	6544.68
2964.33	6779.16
2963.16	6599.99
2961.99	6671.54
2960.83	6775.21
2959.66	6728.91
2958.49	6594.85
2957.32	6829.05
2956.15	6660.77
2954.99	6775.03
2953.82	6495.58
2952.65	6780.95
2951.48	6728.3
2950.31	6878.81
2949.14	6732.1
2947.97	6728.65
2946.8	6823.5
2945.63	6755.94
2944.46	6690.54
2943.29	6744.76
2942.12	6888.65
2940.95	6763.48
2939.78	6845.41
2938.61	6720.3
2937.44	6834.21
2936.26	6811.54
2935.09	6940.32
2933.92	6753.45
2932.75	7112.44
2931.57	6889.37
2930.4	6894.42
2929.23	6944.21
2928.05	6968.42
2926.88	6852.04
2925.71	6906.08
2924.53	6740.79
2923.36	6854.42
2922.18	6829.67
2921.01	6798.55
2919.83	6903.6
2918.66	6936.28
2917.48	6824.34
2916.31	6884.67
2915.13	6836.56
2913.95	6709.83
2912.78	6795.64
2911.6	6898.42
2910.42	6854.59
2909.25	6861.74
2908.07	6902.87
2906.89	6903.64
2905.71	6802.54
2904.54	6951.87
2903.36	6808.37
2902.18	6949.16
2901	6858.73
2899.82	6725.92
2898.64	6896.32
2897.46	6901.34
2896.28	6821.58
2895.1	6979.15
2893.92	6871.87
2892.74	6836.64
2891.56	6826.83
2890.38	6977.93
2889.2	6849.56
2888.02	6824.94
2886.84	6791.87
2885.65	6955.54
2884.47	6850.55
2883.29	6813.26
2882.11	6799.24
2880.92	6795.8
2879.74	6722.61
2878.56	6788.91
2877.38	6760.12
2876.19	6858.07
2875.01	6755.36
2873.82	6718.15
2872.64	6761.16
2871.45	6713.4
2870.27	6823.92
2869.08	6660.14
2867.9	6629.31
2866.71	6792.5
2865.53	6845.99
2864.34	6661.25
2863.16	6735.82
2861.97	6643.89
2860.78	6825.88
2859.6	6683.41
2858.41	6726.33
2857.22	6725.01
2856.03	6660.54
2854.85	6745.52
2853.66	6485.38
2852.47	6566.15
2851.28	6640.59
2850.09	6611.95
2848.9	6616.96
2847.71	6666.12
2846.52	6540.8
2845.34	6438.65
2844.15	6626.48
2842.96	6551.66
2841.76	6426.46
2840.57	6513.39
2839.38	6547.8
2838.19	6460.46
2837	6509.55
2835.81	6340.43
2834.62	6297.23
2833.43	6465.87
2832.23	6426.86
2831.04	6551.38
2829.85	6516.56
2828.65	6439.84
2827.46	6340.1
2826.27	6462.45
2825.07	6419.29
2823.88	6405.46
2822.69	6458.64
2821.49	6438.53
2820.3	6447.73
2819.1	6471.57
2817.91	6300.85
2816.71	6224.32
2815.52	6361.11
2814.32	6322.23
2813.13	6408.77
2811.93	6156.73
2810.73	6395.81
2809.54	6260.85
2808.34	6255.44
2807.14	6260.48
2805.94	6409.57
2804.75	6235.05
2803.55	6421.65
2802.35	6247.2
2801.15	6216.77
2799.95	6365.72
2798.75	6212.24
2797.56	6165.14
2796.36	6286.92
2795.16	6316.94
2793.96	6117.75
2792.76	6229.04
2791.56	6234.06
2790.36	6322.38
2789.16	6287.82
2787.95	6190.83
2786.75	6202.1
2785.55	6261.22
2784.35	6170.53
2783.15	6111.07
2781.95	6120.26
2780.74	6112.82
2779.54	6230.11
2778.34	6087.55
2777.13	6252.59
2775.93	6114.23
2774.73	6239.73
2773.52	6240.58
2772.32	6179.14
2771.12	6034.68
2769.91	6085.38
2768.71	6133.98
2767.5	6226.13
2766.3	6164.75
2765.09	6041.17
2763.89	6071.08
2762.68	6146.59
2761.47	6159.88
2760.27	6266.42
2759.06	6078.72
2757.85	6135.52
2756.65	6059.76
2755.44	6006.8
2754.23	6125.68
2753.02	6008.56
2751.81	6185.34
2750.61	6064.12
2749.4	6232.54
2748.19	6156.86
2746.98	6046.05
2745.77	6173.03
2744.56	6070.54
2743.35	6030.07
2742.14	6053.67
2740.93	6104.12
2739.72	5937.69
2738.51	6153.33
2737.3	6067.47
2736.09	6119.94
2734.88	6046.5
2733.66	6084.5
2732.45	6075.05
2731.24	5952.17
2730.03	6155.13
2728.82	6108.56
2727.6	6074.37
2726.39	6170.02
2725.18	5964.82
2723.96	6097.54
2722.75	5972.76
2721.53	6072.48
2720.32	5923.05
2719.11	5979.51
2717.89	6060.64
2716.68	5905.13
2715.46	5924.53
2714.25	6030.31
2713.03	5928.35
2711.81	5939.52
2710.6	6026.73
2709.38	6009.09
2708.16	5989.41
2706.95	6183.38
2705.73	5902.83
2704.51	5827.73
2703.29	5957.97
2702.08	5999.9
2700.86	6039.76
2699.64	5997.52
2698.42	6027.1
2697.2	5886.44
2695.98	5856.56
2694.76	5802.1
2693.54	5839.89
2692.32	6041.63
2691.1	5903.15
2689.88	5988.02
2688.66	5986.83
2687.44	5977.45
2686.22	6006.97
2685	5938.23
2683.78	5908.4
2682.56	5927.69
2681.33	5932.65
2680.11	5878.3
2678.89	5862.82
2677.67	5882.1
2676.44	5929.99
2675.22	5973.77
2674	5903.11
2672.77	5938.71
2671.55	5872.18
2670.33	5913.89
2669.1	5947.43
2667.88	5811.52
2666.65	6000.17
2665.43	5925.52
2664.2	6034.51
2662.97	5796.71
2661.75	5985.21
2660.52	5794.4
2659.3	6001.17
2658.07	5989.79
2656.84	6011.01
2655.62	6001.67
2654.39	5937.33
2653.16	5958.55
2651.93	5957.37
2650.7	5895.12
2649.48	5900.05
2648.25	5953.82
2647.02	5842.78
2645.79	5941.28
2644.56	6096.68
2643.33	6012.11
2642.1	5888.95
2640.87	6025.98
2639.64	5900.83
2638.41	6096.71
2637.18	5951.29
2635.95	5996.81
2634.72	5855.52
2633.48	5919.31
2632.25	5899.87
2631.02	5931.16
2629.79	5909.69
2628.56	5772.62
2627.32	5992.51
2626.09	5991.32
2624.86	5825.93
2623.62	6017.31
2622.39	6113.37
2621.16	5804.21
2619.92	5920.54
2618.69	5797.85
2617.45	5887.81
2616.22	5993.92
2614.98	5998.8
2613.75	5951.06
2612.51	5868.95
2611.27	5920.37
2610.04	5862.57
2608.8	5820.96
2607.57	5924.91
2606.33	5838.85
2605.09	5849.81
2603.85	6030.46
2602.62	5859.59
2601.38	5951.32
2600.14	5940.04
2598.9	5880.31
2597.66	5901.34
2596.42	6009.12
2595.18	5925.21
2593.94	5879.65
2592.71	5824.03
2591.47	5939.8
2590.23	5882.18
2588.98	5766.12
2587.74	5948.34
2586.5	5914.92
2585.26	5964.09
2584.02	5966.93
2582.78	5889.22
2581.54	5884.02
2580.29	5929.13
2579.05	5841.43
2577.81	5898.6
2576.57	5993.97
2575.32	5956.57
2574.08	5913.16
2572.84	5881.82
2571.59	5830.4
2570.35	5998.03
2569.1	5892.36
2567.86	6007.68
2566.61	5873.94
2565.37	5892.84
2564.12	5833.45
2562.88	5972.77
2561.63	5923.42
2560.39	5910.19
2559.14	5907
2557.89	5879.75
2556.65	6004.89
2555.4	5919.49
2554.15	5908.29
2552.9	5925.14
2551.66	5937.98
2550.41	6014.9
2549.16	5897.55
2547.91	5866.34
2546.66	5823.13
2545.41	5948.04
2544.16	5952.86
2542.91	5965.67
2541.66	5870.46
2540.41	5963.28
2539.16	5800.13
2537.91	5880.93
2536.66	5925.72
2535.41	5862.59
2534.16	5791.49
2532.91	5922.15
2531.66	5893.01
2530.4	5901.81
2529.15	5862.7
2527.9	5883.48
2526.65	5950.14
2525.39	5905.06
2524.14	5858
2522.89	5876.76
2521.63	6001.19
2520.38	5852.48
2519.12	5885.19
2517.87	5943.78
2516.61	5904.74
2515.36	5885.63
2514.1	5946.18
2512.85	5881.27
2511.59	5995.54
2510.33	5859.01
2509.08	5851.86
2507.82	5878.54
2506.56	5954.93
2505.31	5814.53
2504.05	5916.75
2502.79	5772.44
2501.53	5952.13
2500.28	5887.35
2499.02	5933.85
2497.76	5954.5
2496.5	5854.02
2495.24	5962.04
2493.98	5813.95
2492.72	5779.04
2491.46	5894.95
2490.2	5858.06
2488.94	5827.13
2487.68	6010.37
2486.42	5919.95
2485.16	5998.04
2483.9	5776.86
2482.63	5910.43
2481.37	5879.53
2480.11	5838.73
2478.85	5831.62
2477.59	5816.59
2476.32	5912.4
2475.06	5948.81
2473.8	5880.35
2472.53	5968.18
2471.27	5935.33
2470	5971.71
2468.74	5932.94
2467.47	5951.52
2466.21	5865.34
2464.94	5984.68
2463.68	5886.68
2462.41	5930.92
2461.15	6006.74
2459.88	5914.71
2458.61	5781.28
2457.35	6056.39
2456.08	5899.3
2454.81	6059.86
2453.54	5910.73
2452.28	5935.17
2451.01	5973.4
2449.74	5887.44
2448.47	6037.99
2447.2	5827.93
2445.93	5976.46
2444.66	5949.66
2443.39	5844.1
2442.12	6008.28
2440.85	5973.61
2439.58	5838.59
2438.31	5908.24
2437.04	5962.13
2435.77	6002.22
2434.5	6054.1
2433.23	5893.65
2431.96	5982.87
2430.68	6011.13
2429.41	5927.41
2428.14	5926.21
2426.87	5954.47
2425.59	5963.08
2424.32	6016.85
2423.04	5740.86
2421.77	6002.64
2420.5	5901.37
2419.22	5894.3
2417.95	5883.3
2416.67	5921.33
2415.4	5929.93
2414.12	6011.05
2412.85	5990.24
2411.57	5985.11
2410.29	5964.31
2409.02	5788.81
2407.74	5918.83
2406.46	5966.57
2405.18	6000.59
2403.91	5925.02
2402.63	5937.51
2401.35	6032.16
2400.07	5919.47
2398.79	5857.66
2397.52	6130.14
2396.24	5878.74
2394.96	5979.16
2393.68	5901.76
2392.4	5937.68
2391.12	5995.06
2389.84	5972.37
2388.56	6025.81
2387.27	6022.64
2385.99	5962.89
2384.71	5953.88
2383.43	6022.88
2382.15	5881.26
2380.87	6100.38
2379.58	6025.07
2378.3	6051.14
2377.02	6044.06
2375.73	6114.92
2374.45	6010.45
2373.17	6009.23
2371.88	5969.08
2370.6	6063.25
2369.31	5953.04
2368.03	5975.18
2366.74	6115.97
2365.46	6276.16
2364.17	5989.04
2362.89	5978.11
2361.6	6004.11
2360.31	6138.92
2359.03	6079.39
2357.74	6031.54
2356.45	6028.37
2355.17	6089.28
2353.88	6124.93
2352.59	6061.58
2351.3	6139.91
2350.01	6064.94
2348.72	6077.29
2347.43	6025.63
2346.15	5979.81
2344.86	6104.6
2343.57	6177.01
2342.28	6028.49
2340.99	6031.14
2339.69	6037.66
2338.4	6017.07
2337.11	6046.82
2335.82	6090.12
2334.53	6079.2
2333.24	6143.76
2331.95	6043.84
2330.65	6000.06
2329.36	6010.45
2328.07	6053.69
2326.77	6009.93
2325.48	6082.15
2324.19	6094.44
2322.89	6097.07
2321.6	6082.31
2320.3	6191.14
2319.01	6058.6
2317.71	6128.79
2316.42	6142.98
2315.12	6124.36
2313.83	6076.82
2312.53	6189.38
2311.23	6143.76
2309.94	6181.07
2308.64	6048.74
2307.34	6217.1
2306.05	6102.15
2304.75	6187.6
2303.45	6124.71
2302.15	6167.75
2300.85	6141.46
2299.55	6167.16
2298.25	6112.02
2296.96	6043.43
2295.66	6232.64
2294.36	6164.06
2293.06	6105.12
2291.76	6211.53
2290.45	6144.92
2289.15	6089.86
2287.85	6165.47
2286.55	6239.12
2285.25	6038.12
2283.95	6192.42
2282.65	6183.48
2281.34	6241.71
2280.04	6219.33
2278.74	6102.95
2277.43	6255.16
2276.13	6181.01
2274.83	6262.19
2273.52	6245.58
2272.22	6334.39
2270.91	6250.7
2269.61	6412.27
2268.3	6202.17
2267	6208.57
2265.69	6188.15
2264.39	6313.23
2263.08	6225.82
2261.77	6293.43
2260.47	6244.32
2259.16	6208.62
2257.85	6302.96
2256.54	6353.3
2255.24	6376.85
2253.93	6312.48
2252.62	6362.78
2251.31	6327.09
2250	6415.57
2248.69	6381.79
2247.38	6346.12
2246.07	6293.29
2244.76	6244.29
2243.45	6370.85
2242.14	6270.35
2240.83	6440.72
2239.52	6345.97
2238.21	6438.09
2236.9	6352.9
2235.59	6130.55
2234.27	6373.17
2232.96	6310.91
2231.65	6357.23
2230.34	6371.16
2229.02	6320.36
2227.71	6427.56
2226.4	6374.86
2225.08	6426.83
2223.77	6377.96
2222.45	6443.21
2221.14	6479.92
2219.82	6353.13
2218.51	6501.98
2217.19	6426.54
2215.88	6487.91
2214.56	6598.65
2213.24	6413.09
2211.93	6394.69
2210.61	6427.55
2209.29	6331.34
2207.97	6413.53
2206.66	6507.07
2205.34	6481.08
2204.02	6570.77
2202.7	6476.53
2201.38	6503.63
2200.06	6430.28
2198.74	6523.7
2197.42	6526.15
2196.1	6593
2194.78	6455.3
2193.46	6529.71
2192.14	6575.69
2190.82	6576.23
2189.5	6493.53
2188.18	6501.65
2186.86	6610.01
2185.54	6495.2
2184.21	6578.94
2182.89	6713.68
2181.57	6457.19
2180.24	6499.32
2178.92	6575.43
2177.6	6676.06
2176.27	6627.48
2174.95	6750.72
2173.62	6705.92
2172.3	6657.37
2170.97	6686.18
2169.65	6675.38
2168.32	6753.21
2167	6783.88
2165.67	6707.08
2164.34	6673.66
2163.02	6613.88
2161.69	6663.38
2160.36	6690.27
2159.04	6799.99
2157.71	6721.4
2156.38	6804.73
2155.05	6718.64
2153.72	6762.42
2152.39	6924.69
2151.06	6799.13
2149.74	6720.63
2148.41	6824.53
2147.08	6637.04
2145.75	6799.17
2144.41	6771.47
2143.08	6886.54
2141.75	6804.37
2140.42	6925.02
2139.09	6803.44
2137.76	6856.47
2136.43	6903.85
2135.09	6894.92
2133.76	6775.33
2132.43	6871.45
2131.09	7130.66
2129.76	6878
2128.43	6889.7
2127.09	7002.58
2125.76	6905.59
2124.42	6892.93
2123.09	7022.6
2121.75	6895.71
2120.42	6931.72
2119.08	6950.88
2117.75	6947.58
2116.41	7009.75
2115.07	6929.75
2113.74	6874.09
2112.4	7018.5
2111.06	6938.55
2109.72	6914.69
2108.38	7161.77
2107.05	7040.73
2105.71	6951.5
2104.37	7028.49
2103.03	7077.45
2101.69	6993.86
2100.35	7020.41
2099.01	7076.79
2097.67	7062.28
2096.33	7155.93
2094.99	7091.06
2093.65	7123.15
2092.31	7065.76
2090.97	7041.94
2089.62	7260.33
2088.28	7217.85
2086.94	7156.76
2085.6	7103.15
2084.25	7215.24
2082.91	7193.27
2081.57	6975.94
2080.22	7340.99
2078.88	7222.29
2077.53	7196.62
2076.19	7182.12
2074.84	7113.72
2073.5	7138.27
2072.15	7250.13
2070.81	7410.25
2069.46	7312.14
2068.12	7139.79
2066.77	7184.72
2065.42	7244.49
2064.08	7372.89
2062.73	7221.08
2061.38	7254.83
2060.03	7271.88
2058.68	7359.37
2057.34	7267.01
2055.99	7374.86
2054.64	7399.28
2053.29	7347.72
2051.94	7372.13
2050.59	7353.94
2049.24	7356.12
2047.89	7436.04
2046.54	7397.49
2045.19	7366.35
2043.83	7227.92
2042.48	7457.63
2041.13	7343.28
2039.78	7513.7
2038.43	7412.33
2037.07	7628.86
2035.72	7470.23
2034.37	7529.64
2033.01	7452.35
2031.66	7424.96
2030.31	7526.8
2028.95	7534.47
2027.6	7479.39
2026.24	7442.78
2024.89	7566.67
2023.53	7554.04
2022.17	7416.02
2020.82	7561.96
2019.46	7492.2
2018.11	7593.84
2016.75	7651.21
2015.39	7645.94
2014.03	7430.73
2012.68	7653.81
2011.32	7539.93
2009.96	7599.1
2008.6	7551.52
2007.24	7581.23
2005.88	7623.8
2004.52	7776.68
2003.16	7616.95
2001.8	7720.14
2000.44	7599.08
1999.08	7753.68
1997.72	7627.15
1996.36	7781.68
1995	7666.22
1993.64	7523.26
1992.27	7668.54
1990.91	7712.82
1989.55	7846.98
1988.19	7749.96
1986.82	7805.2
1985.46	7772.41
1984.1	7785.46
1982.73	7816.83
1981.37	7826.2
1980	7859.38
1978.64	7822.94
1977.27	7911.04
1975.91	7914.89
1974.54	7999.27
1973.18	7821.92
1971.81	7829.44
1970.44	7915.62
1969.08	7870.07
1967.71	7903.18
1966.34	7875.94
1964.97	7856.02
1963.61	7885.45
1962.24	8037.28
1960.87	7933.31
1959.5	7831.21
1958.13	7966.52
1956.76	7942.95
1955.39	7939.47
1954.02	8138.54
1952.65	8124.08
1951.28	8047.6
1949.91	8047.74
1948.54	8035.13
1947.17	8048.03
1945.8	7975.28
1944.42	8039.21
1943.05	8030.25
1941.68	8088.67
1940.31	8092.45
1938.93	8167.23
1937.56	8118.2
1936.19	8005.49
1934.81	8227.61
1933.44	8180.42
1932.06	8306.02
1930.69	8164.28
1929.31	8151.66
1927.94	8233.57
1926.56	8248.2
1925.18	8184.71
1923.81	8299.25
1922.43	8146.79
1921.05	8194.11
1919.68	8435.64
1918.3	8295.95
1916.92	8268.81
1915.54	8316.07
1914.17	8250.85
1912.79	8341.6
1911.41	8298.16
1910.03	8124.23
1908.65	8289.25
1907.27	8273.03
1905.89	8423.46
1904.51	8352.88
1903.13	8311.29
1901.75	8333.09
1900.37	8309.63
1898.99	8329.6
1897.6	8335.1
1896.22	8528.71
1894.84	8364.16
1893.46	8177.99
1892.07	8483.58
1890.69	8510.73
1889.31	8424.02
1887.92	8481.87
1886.54	8443.97
1885.15	8474.71
1883.77	8577.65
1882.38	8541.55
1881	8620.98
1879.61	8566.85
1878.23	8563.25
1876.84	8532.6
1875.46	8393.77
1874.07	8539.84
1872.68	8586.71
1871.29	8626.36
1869.91	8530.86
1868.52	8572.31
1867.13	8547.1
1865.74	8561.51
1864.35	8543.51
1862.96	8637.11
1861.57	8691.08
1860.19	8782.8
1858.8	8680.24
1857.4	8735.96
1856.01	8660.42
1854.62	8832.96
1853.23	8897.6
1851.84	8820.27
1850.45	8888.47
1849.06	8649.54
1847.67	8696.2
1846.27	8676.42
1844.88	8920.5
1843.49	8880.94
1842.09	8771.43
1840.7	8751.65
1839.31	8853.83
1837.91	8927.27
1836.52	8907.47
1835.12	8785.52
1833.73	8925.23
1832.33	8959.18
1830.93	8848.04
1829.54	9027.05
1828.14	8828.21
1826.75	9012.51
1825.35	8942.61
1823.95	8974.73
1822.55	9033.66
1821.16	8935.18
1819.76	8940.46
1818.36	8897.46
1816.96	8988.53
1815.56	8897.29
1814.16	9059.78
1812.76	9057.88
1811.36	9204.2
1809.96	9043.35
1808.56	8877.22
1807.16	8939.6
1805.76	9048.35
1804.36	9201.65
1802.96	9171.17
1801.56	9044.42
1800.15	9195.84
1798.75	9021
1797.35	9052.96
1795.94	9054.62
1794.54	9043.8
1793.14	9113.14
1791.73	9116.56
1790.33	9107.52
1788.92	9096.7
1787.52	9041.4
1786.11	9044.83
1784.71	9069.6
1783.3	9222.4
1781.9	9172.45
1780.49	9198.96
1779.08	9172.14
1777.68	9232.4
1776.27	9285.52
1774.86	9303.1
1773.45	9288.7
1772.05	9421.67
1770.64	9242.19
1769.23	9178.12
1767.82	9209.9
1766.41	9371.15
1765	9234.39
1763.59	9354.78
1762.18	9421.94
1760.77	9544.01
1759.36	9364.8
1757.95	9361.05
1756.54	9375.02
1755.12	9424.39
1753.71	9422.4
1752.3	9383.24
1750.89	9510.44
1749.47	9398.74
1748.06	9465.74
1746.65	9412.45
1745.23	9452.9
1743.82	9404.94
1742.4	9468.34
1740.99	9429.23
1739.58	9474.94
1738.16	9593.05
1736.74	9476.23
1735.33	9396.54
1733.91	9336.3
1732.5	9498.46
1731.08	9547.62
1729.66	9494.44
1728.24	9612.36
1726.83	9569.77
1725.41	9578.33
1723.99	9655.62
1722.57	9671.2
1721.15	9448.91
1719.73	9610.73
1718.31	9603.42
1716.89	9520.39
1715.47	9588.79
1714.05	9498.75
1712.63	9621.68
1711.21	9640.75
1709.79	9608.81
1708.37	9761.52
1706.95	9748.9
1705.52	9600.94
1704.1	9623.51
1702.68	9672.43
1701.26	9730.1
1699.83	9787.75
1698.41	9748.8
1696.98	9674.76
1695.56	9816.63
1694.14	9640.83
1692.71	9726.5
1691.28	9647.26
1689.86	9815.32
1688.43	9809.73
1687.01	9779.6
1685.58	9788.04
1684.15	9826.27
1682.73	9899.51
1681.3	9843.11
1679.87	9939.08
1678.44	9674.37
1677.02	9926.11
1675.59	9929.26
1674.16	9767.94
1672.73	9765.86
1671.3	9797.02
1669.87	9947.05
1668.44	9826.07
1667.01	10080.9
1665.58	9972.17
1664.15	9915.89
1662.72	10029.1
1661.28	9813.89
1659.85	9968.93
1658.42	9931.9
1656.99	10067.7
1655.55	9974.79
1654.12	9995.34
1652.69	10115.3
1651.25	9999.81
1649.82	10011.6
1648.39	10075.7
1646.95	9972.52
1645.52	10045.3
1644.08	10008.3
1642.64	10084.6
1641.21	10044.1
1639.77	10141.2
1638.34	10175.6
1636.9	10161.2
1635.46	10235.6
1634.02	10183
1632.59	10201.7
1631.15	10345.6
1629.71	10183.5
1628.27	10264.7
1626.83	10147.8
1625.39	10230.8
1623.95	10400.5
1622.51	10256
1621.07	10193
1619.63	10407.8
1618.19	10464.6
1616.75	10382.5
1615.31	10369.9
1613.87	10534.2
1612.43	10493.8
1610.98	10411.8
1609.54	10626.2
1608.1	10686.3
1606.66	10682.3
1605.21	10636.7
1603.77	10516.7
1602.32	10464.3
1600.88	10586.7
1599.43	10459.8
1597.99	10642.7
1596.54	10662.9
1595.1	10690
1593.65	10691.2
1592.21	10758
1590.76	10615.8
1589.31	10451.1
1587.86	10476.5
1586.42	10650.4
1584.97	10442.7
1583.52	10538.8
1582.07	10597
1580.62	10541.2
1579.17	10685.6
1577.72	10566.1
1576.28	10560.4
1574.83	10573.6
1573.37	10700.6
1571.92	10581.2
1570.47	10663.3
1569.02	10595.6
1567.57	10589.9
1566.12	10635.8
1564.67	10612.9
1563.21	10555.5
1561.76	10522.3
1560.31	10437.5
1558.85	10591.8
1557.4	10649.7
1555.95	10609.6
1554.49	10650.3
1553.04	10584.4
1551.58	10443
1550.13	10622.8
1548.67	10519.2
1547.21	10554.8
1545.76	10559.4
1544.3	10642.9
1542.84	10474.2
1541.39	10593.8
1539.93	10389.1
1538.47	10582.4
1537.01	10616.1
1535.56	10403
1534.1	10657.8
1532.64	10626.4
1531.18	10524.8
1529.72	10493.4
1528.26	10667.5
1526.8	10531.7
1525.34	10621.9
1523.88	10643.6
1522.42	10425.7
1520.95	10462.8
1519.49	10587.1
1518.03	10643
1516.57	10521
1515.1	10590.6
1513.64	10557.5
1512.18	10519.4
1510.71	10604.2
1509.25	10588.3
1507.79	10471.6
1506.32	10501.8
1504.86	10538.8
1503.39	10725.9
1501.92	10423.4
1500.46	10593.4
1498.99	10599.7
1497.53	10493.4
1496.06	10550.8
1494.59	10596.3
1493.12	10735.4
1491.66	10569.6
1490.19	10676.3
1488.72	10594
1487.25	10549.1
1485.78	10647.3
1484.31	10658.6
1482.84	10554.2
1481.37	10635.3
1479.9	10755.4
1478.43	10467.5
1476.96	10611.4
1475.49	10655
1474.02	10662.9
1472.54	10747.3
1471.07	10651.6
1469.6	10583.1
1468.13	10687.7
1466.65	10693.9
1465.18	10695
1463.71	10626.5
1462.23	10629.3
1460.76	10725.4
1459.28	10611.2
1457.81	10651.3
1456.33	10584.6
1454.86	10619.6
1453.38	10781.6
1451.9	10591.3
1450.43	10653.3
1448.95	10662.9
1447.47	10650.4
1445.99	10839.3
1444.52	10679.7
1443.04	10787.3
1441.56	10798.5
1440.08	10618.7
1438.6	10695.8
1437.12	10690.1
1435.64	10701.4
1434.16	10764.9
1432.68	10688.3
1431.2	10686
1429.72	10695.5
1428.24	10936.2
1426.75	10743.2
1425.27	10850.5
1423.79	10819.5
1422.31	11007.7
1420.82	10931.1
1419.34	10903.5
1417.86	10924.7
1416.37	10888.7
1414.89	10741.5
1413.4	11050.7
1411.92	11081.9
1410.43	11037.5
1408.95	11028.4
1407.46	11044.5
1405.97	10927.7
1404.49	11154.1
1403	11072.6
1401.51	11213.1
1400.03	11049.4
1398.54	10895.8
1397.05	11108.4
1395.56	10921.3
1394.07	11002.9
1392.58	10958.5
1391.09	10931
1389.6	11056.1
1388.11	11122.5
1386.62	11036.3
1385.13	11045.6
1383.64	11006.3
1382.15	11119.6
1380.66	11132.3
1379.17	11119.8
1377.67	11109
1376.18	11056.4
1374.69	11223.1
1373.19	11041.6
1371.7	10960.5
1370.21	11046.8
1368.71	11042.8
1367.22	11098.9
1365.72	11118.2
1364.23	10935.3
1362.73	10993.1
1361.23	11084.3
1359.74	10814.6
1358.24	10974.2
1356.74	10918.4
1355.25	11021.2
1353.75	11048.9
1352.25	11136.6
1350.75	11012.4
1349.25	11161.8
1347.76	10830.8
1346.26	11075.3
1344.76	11259.6
1343.26	11033.8
1341.76	11259.7
1340.26	10947.4
1338.75	11035
1337.25	11034.2
1335.75	11045.1
1334.25	11121
1332.75	11131.9
1331.25	11029.6
1329.74	11033.9
1328.24	11149.6
1326.74	10992.5
1325.23	11136.4
1323.73	11167.3
1322.22	11008.6
1320.72	11134.2
1319.21	11238
1317.71	11190.8
1316.2	11248.1
1314.7	11033.2
1313.19	11200.1
1311.68	11015.1
1310.18	11319.6
1308.67	11106.5
1307.16	11215.2
1305.65	11153.1
1304.14	10996.5
1302.63	11091.9
1301.13	11241.9
1299.62	11002.6
1298.11	11106.2
1296.6	11115.4
1295.09	11346.3
1293.58	11128.7
1292.06	11045.2
1290.55	11114
1289.04	11070.2
1287.53	11109.1
1286.02	11103.4
1284.5	11077.8
1282.99	11015.9
1281.48	10975.5
1279.96	10846
1278.45	10881.6
1276.94	10890.8
1275.42	10898.3
1273.91	10889.3
1272.39	10910.1
1270.87	11051.2
1269.36	10944.9
1267.84	10899.6
1266.33	10882.4
1264.81	10955.9
1263.29	10839.8
1261.77	10906.6
1260.26	10787.3
1258.74	10921.6
1257.22	10945.6
1255.7	10974.4
1254.18	10837.1
1252.66	10824.9
1251.14	10806.1
1249.62	10871.1
1248.1	10781.6
1246.58	10915.7
1245.06	10778.6
1243.54	10889.6
1242.01	10734.4
1240.49	10791.2
1238.97	10849.6
1237.45	10712.6
1235.92	10774.3
1234.4	10771.9
1232.88	10590.8
1231.35	10701.6
1229.83	10646.8
1228.3	10654.3
1226.78	10686.4
1225.25	10684.1
1223.72	10788.2
1222.2	10550
1220.67	10585.4
1219.14	10807.4
1217.62	10670.8
1216.09	10774.8
1214.56	10780.6
1213.03	10601.6
1211.5	10563.3
1209.98	10662.4
1208.45	10748.3
1206.92	10827.7
1205.39	10563.9
1203.86	10881.8
1202.33	10760.2
1200.79	10739.8
1199.26	10477.9
1197.73	10625.8
1196.2	10664.2
1194.67	10609.7
1193.13	10537.2
1191.6	10730.6
1190.07	10579.9
1188.53	10403.2
1187	10622.5
1185.47	10667.5
1183.93	10551.1
1182.4	10545.5
1180.86	10616.5
1179.33	10480.7
1177.79	10694.8
1176.25	10611.1
1174.72	10597.4
1173.18	10560.9
1171.64	10485.4
1170.1	10504.3
1168.57	10515
1167.03	10538.7
1165.49	10573.7
1163.95	10404.1
1162.41	10444
1160.87	10490.5
1159.33	10577.4
1157.79	10328.4
1156.25	10353.7
1154.71	10426.1
1153.17	10451.4
1151.63	10479.9
1150.08	10427.3
1148.54	10472
1147	10263.9
1145.46	10367
1143.91	10340.4
1142.37	10310.6
1140.82	10237.1
1139.28	10293.1
1137.73	10273.1
1136.19	10500.6
1134.64	10341.4
1133.1	10447.4
1131.55	10361.1
1130.01	10420.2
1128.46	10354.9
1126.91	10399.5
1125.36	10248.6
1123.82	10359.4
1122.27	10340.9
1120.72	10212.7
1119.17	10354.1
1117.62	10276
1116.07	10281.8
1114.52	10219.9
1112.97	10303.1
1111.42	10326.6
1109.87	10151.9
1108.32	10306
1106.77	10099.1
1105.22	10227.3
1103.66	10125.2
1102.11	10065
1100.56	10190
1099	10128.2
1097.45	10212.8
1095.9	10077.1
1094.34	10073.2
1092.79	10063
1091.23	10113.8
1089.68	10063.4
1088.12	10186.5
1086.56	10128
1085.01	10076
1083.45	10345.2
1081.89	10039.4
1080.34	10170.4
1078.78	9982.04
1077.22	10084.1
1075.66	10019.3
1074.1	10127.8
1072.54	10112.7
1070.98	9979.05
1069.43	10076.2
1067.86	10117.3
1066.3	9885.93
1064.74	10013.5
1063.18	9894.38
1061.62	9965.84
1060.06	10059.7
1058.5	9907.03
1056.93	9967.23
1055.37	9976.23
1053.81	10100.4
1052.24	9869.5
1050.68	9897.69
1049.12	9941.84
1047.55	9963.61
1045.99	9927.86
1044.42	9965.59
1042.85	10022.5
1041.29	9930.86
1039.72	9914.3
1038.16	9813.18
1036.59	9933.84
1035.02	9888.58
1033.45	9961.34
1031.88	9777.39
1030.32	9794.36
1028.75	9801.75
1027.18	9721.51
1025.61	9751.22
1024.04	9876.46
1022.47	9808.99
1020.9	9757.48
1019.33	9750.54
1017.76	9708.61
1016.18	9774.86
1014.61	9554.81
1013.04	9767.35
1011.47	9785.85
1009.89	9769.38
1008.32	9648.04
1006.75	9680.85
1005.17	9851.82
1003.6	9635.28
1002.02	9791.89
1000.45	9578.63
998.873	9754.23
997.297	9617.22
995.721	9586.53
994.145	9587.58
992.568	9707.53
990.991	9570.65
989.413	9481.36
987.835	9556.89
986.257	9481.91
984.678	9433.88
983.099	9460.28
981.52	9608.56
979.94	9416.52
978.36	9485.63
976.78	9353.81
975.199	9549.42
973.618	9623.2
972.037	9628.97
970.455	9514.61
968.873	9455.62
967.29	9518.29
965.707	9380.34
964.124	9446.16
962.541	9475.63
960.957	9486.15
959.373	9384.63
957.788	9368.34
956.203	9421.47
954.618	9474.57
953.032	9403.09
951.446	9421.49
949.86	9465.1
948.273	9470.87
946.686	9503.42
945.099	9517.05
943.511	9344.88
941.923	9174.37
940.334	9291.94
938.745	9337.07
937.156	9210.72
935.567	9347.07
933.977	9335.56
932.387	9339.77
930.796	9323.54
929.205	9338.75
927.614	9320.96
926.022	9281.19
924.43	9318.38
922.838	9207.97
921.245	9171.39
919.652	9207.01
918.058	9189.27
916.465	9361.33
914.87	9128.72
913.276	9165.88
911.681	9140.32
910.086	9273.06
908.49	9162.88
906.894	9068.42
905.298	9406.25
903.701	9141.1
902.104	9237.68
900.507	9185.54
898.909	9141.24
897.311	9078.19
895.713	9046.44
894.114	9028.79
892.515	9136.21
890.916	9148.24
889.316	9210.26
887.715	9106.66
886.115	9128.05
884.514	9132.26
882.913	9252
881.311	9073.55
879.709	9010.66
878.107	9071.06
876.504	9075.27
874.901	8925.09
873.298	8957.39
871.694	8956.95
870.09	8942.48
868.485	9119.67
866.88	9038.18
865.275	8910.01
863.669	8889.33
862.064	9025.89
860.457	8854.23
858.851	9065.43
857.244	9033.84
855.636	8902.73
854.028	8962.93
852.42	8856.77
850.812	8881.21
849.203	8930.5
847.594	8883.45
845.984	8850.39
844.375	8840.65
842.764	8861.96
841.154	8998.12
839.543	8850.23
837.931	8914.96
836.32	8698.91
834.708	8807.06
833.095	8905.87
831.482	8810.87
829.869	8670.97
828.256	8951.02
826.642	8815.79
825.028	8645
823.413	8746.81
821.798	8788.19
820.183	8927.06
818.567	8784.25
816.951	8714.21
815.335	8767.94
813.718	8852.56
812.101	8739.27
810.483	8749.67
808.865	8712.17
807.247	8592.8
805.629	8623.31
804.01	8673.88
802.39	8736.77
800.771	8640.66
799.151	8637.17
797.53	8504.09
795.91	8707.34
794.288	8680.71
792.667	8502.99
791.045	8676.81
789.423	8619.38
787.8	8451.04
786.177	8633.99
784.554	8539.65
782.93	8614.71
781.306	8500.4
779.682	8532.35
778.057	8527.36
776.432	8437.75
774.807	8531.21
773.181	8492.39
771.554	8439.75
769.928	8496.26
768.301	8495.88
766.674	8630.7
765.046	8570.39
763.418	8410.3
761.789	8426.83
760.161	8536.98
758.531	8475.21
756.902	8577.63
755.272	8445.32
753.642	8576.83
752.011	8507.44
750.38	8597.5
748.749	8609.35
747.117	8492.5
745.485	8456.89
743.852	8522.37
742.22	8440.83
740.586	8425.16
738.953	8481.41
737.319	8439.72
735.685	8333.8
734.05	8477.21
732.415	8599.15
730.779	8464.21
729.144	8388.95
727.507	8428.31
725.871	8456.96
724.234	8319.13
722.597	8459.26
720.959	8379.49
719.321	8302.81
717.683	8409.28
716.044	8282.29
714.405	8294.14
712.765	8249.58
711.126	8259.91
709.485	8201.65
707.845	8314.09
706.204	8094.35
704.563	8122.98
702.921	8143.99
701.279	8160.42
699.636	8044.42
697.993	8034.99
696.35	8142.72
694.707	8134.8
693.063	8059.96
691.419	8090.07
689.774	8050.24
688.129	8033.22
686.483	7981.27
684.838	7927.82
683.191	8032.33
681.545	7994.07
679.898	7939.14
678.251	7896.36
676.603	7906.72
674.955	8023.25
673.307	7872.81
671.658	8087.85
670.009	7995.07
668.359	7976.59
666.709	8003.57
665.059	7997.21
663.408	7913.62
661.757	7884.57
660.106	7976.64
658.454	7844.67
656.802	7912.5
655.15	7851.71
653.497	7911.95
651.844	7710.55
650.19	7779.86
648.536	7829.48
646.881	7803.53
645.227	7753.42
643.572	7780.36
641.916	7724.23
640.26	7659.07
638.604	7649.78
636.947	7780.85
635.29	7800.21
633.633	7796.93
631.975	7662.45
630.317	7644.13
628.659	7705.7
627	7676.83
625.34	7685.63
623.681	7717.03
622.021	7686.66
620.36	7653.3
618.7	7482.97
617.038	7642.3
615.377	7738.37
613.715	7592.2
612.053	7611.53
610.39	7600.78
608.727	7605.06
607.064	7534.2
605.4	7589.59
603.736	7512.75
602.071	7523.06
600.406	7453.78
598.741	7375.52
597.075	7487.91
595.409	7441.19
593.743	7534.02
592.076	7521.8
590.409	7347.65
588.741	7452.42
587.073	7419.25
585.405	7371.11
583.736	7414.37
582.067	7423.17
580.397	7448.44
578.728	7440.75
577.057	7373.2
575.387	7347.58
573.716	7383.31
572.044	7505.78
570.373	7324.62
568.7	7399.2
567.028	7476.74
565.355	7288.23
563.682	7347.83
562.008	7292.38
560.334	7301.17
558.66	7259.2
556.985	7226.2
555.31	7282.75
553.634	7285.57
551.958	7218.27
550.282	7116.71
548.605	7261.2
546.928	7304.27
545.25	7223.62
543.573	7294.98
541.894	7272.46
540.216	7075.7
538.537	7197.67
536.857	7164.77
535.178	7009.84
533.497	7200.18
531.817	7124.16
530.136	7100.23
528.455	7143.21
526.773	7040.49
525.091	7171.16
523.408	7102.66
521.725	7019.33
520.042	7078.62
518.359	7020.58
516.675	7005.61
514.99	7050.02
513.305	7023.19
511.62	6938.5
509.935	6886.49
508.249	6902.71
506.562	7010.84
504.876	6875.84
503.189	6902.42
501.501	6918.62
499.813	6973.33
498.125	6804.4
496.436	6958.29
494.747	6838.29
493.058	6909.24
491.368	6903.22
489.678	6923.82
487.987	6808.37
486.297	6796.46
484.605	6834.82
482.913	6796.31
481.221	6806.57
479.529	6701.62
477.836	6909.78
476.143	6753.18
474.449	6735.39
472.755	6729.42
471.061	6682.14
469.366	6744.04
467.67	6696.78
465.975	6677.55
464.279	6550.73
462.582	6674.49
460.886	6739.26
459.189	6566.84
457.491	6652.23
455.793	6653.65
454.095	6627.1
452.396	6563.77
450.697	6663.79
448.997	6671.08
447.298	6515.13
445.597	6570.98
443.897	6572.41
442.196	6504.77
440.494	6660.49
438.792	6625.18
437.09	6475.32
435.387	6504.67
433.684	6557.49
431.981	6470.86
430.277	6532.47
428.573	6473.76
426.868	6438.54
425.163	6350.55
423.458	6391.6
421.752	6396
420.046	6407.72
418.34	6352.04
416.633	6388.66
414.925	6338.87
413.218	6316.92
411.51	6472.07
409.801	6360.84
408.092	6374.01
406.383	6328.66
404.673	6394.47
402.963	6432.47
401.253	6220.52
399.542	6381.29
397.831	6311.16
396.119	6220.61
394.407	6327.24
392.694	6303.88
390.982	6254.27
389.268	6303.9
387.555	6210.54
385.841	6220.78
384.126	6271.84
382.411	6133.35
380.696	6314.14
378.981	6188.82
377.265	6120.37
375.548	6148.1
373.832	6181.63
372.114	6236.98
370.397	6053.6
368.679	5975.08
366.96	6072.63
365.242	6090.14
363.523	5952.04
361.803	6138.22
360.083	6059.77
358.363	6070
356.642	6006.12
354.921	6029.43
353.199	6042.56
351.477	5898.89
349.755	6016.55
348.032	6009.36
346.309	5912.21
344.586	5993.53
342.862	5967.49
341.137	5911.02
339.413	5877.76
337.688	5956.11
335.962	5843.17
334.236	5865
332.51	5853.51
330.783	5813.07
329.056	5875.41
327.328	5778.54
325.601	5793.12
323.872	5745.49
322.144	5810.69
320.414	5800.67
318.685	5858.6
316.955	5727.18
315.225	5795.2
313.494	5815.53
311.763	5718.87
310.031	5802.73
308.299	5799.95
306.567	5813.04
304.834	5619.8
303.101	5742.55
301.368	5654.69
299.634	5735.57
297.9	5578.56
296.165	5678.15
294.43	5627.85
292.694	5622.22
290.958	5671.32
289.222	5632.58
287.485	5586.65
285.748	5651.55
284.011	5532.26
282.273	5490.7
280.534	5561.34
278.795	5473.78
277.056	5374.76
275.317	5409.44
273.577	5464.23
271.836	5485.94
270.096	5331
268.355	5239.31
266.613	5394.56
264.871	5384.7
263.129	5420.76
261.386	5389.37
259.643	5236.1
257.899	5381.14
256.155	5223.64
254.411	5286.92
252.666	5254.17
250.921	5245.79
249.175	5200.17
247.429	5276.28
245.683	5212.07
243.936	5172.22
242.189	5095.19
240.441	5271.38
238.693	5318.79
236.944	5093.07
235.196	5197.67
233.446	5200.75
231.697	5093.8
229.947	5144.04
228.196	5155.7
226.445	5113.1
224.694	5076.22
222.942	5159.24
221.19	5110.96
219.437	5028.46
217.685	5072.93
215.931	4981.92
214.177	5039.2
212.423	5012.38
210.669	5018.34
208.914	5045.66
207.158	5065.85
205.403	5074.63
203.646	4884.12
201.89	4962.69
200.133	4863.35
