4501.29	2597.31
4500.4	2552.04
4499.52	2588.37
4498.64	2633.17
4497.75	2465.87
4496.87	2572.88
4495.98	2391.52
4495.1	2464.59
4494.22	2464.16
4493.33	2489.16
4492.45	2488.72
4491.56	2454.4
4490.68	2437.03
4489.79	2532.6
4488.9	2396.66
4488.02	2376.49
4487.13	2370.43
4486.25	2423.62
4485.36	2516.29
4484.47	2422.78
4483.59	2363.14
4482.7	2323.26
4481.81	2511.72
4480.93	2474.65
4480.04	2341.77
4479.15	2327.27
4478.26	2346.59
4477.38	2402.51
4476.49	2331.69
4475.6	2227.11
4474.71	2342.14
4473.83	2254.48
4472.94	2299.11
4472.05	2301.52
4471.16	2213.92
4470.27	2264.16
4469.38	2238.46
4468.49	2221.2
4467.6	2128.04
4466.71	2279.45
4465.82	2312.77
4464.93	2267.41
4464.04	2269.83
4463.15	2196.4
4462.26	2198.83
4461.37	2234.95
4460.48	2282.28
4459.59	2270.66
4458.7	2202.91
4457.81	2177.27
4456.92	2160.06
4456.03	2196.15
4455.14	2181.74
4454.24	2139.31
4453.35	2096.88
4452.46	2160.98
4451.57	2169.01
4450.68	2137.81
4449.78	2154.25
4448.89	2156.67
4448	2103.09
4447.11	2133.52
4446.21	2105.16
4445.32	2177.56
4444.43	2146.4
4443.53	2224.37
4442.64	2137.26
4441.75	2178.84
4440.85	2153.29
4439.96	2071.83
4439.06	2130.17
4438.17	2127.01
4437.27	2232.83
4436.38	2162.59
4435.48	2109.13
4434.59	2078.04
4433.69	2038.58
4432.8	2161.07
4431.9	2171.86
4431.01	2015.18
4430.11	2148.78
4429.22	2193.05
4428.32	2231.72
4427.42	2156.02
4426.53	2105.45
4425.63	2063.26
4424.73	2040.59
4423.84	2090.41
4422.94	2151.35
4422.04	2170.48
4421.14	2128.31
4420.25	2130.73
4419.35	2038.46
4418.45	2155.04
4417.55	2174.15
4416.65	2176.55
4415.76	2142.78
4414.86	2170.23
4413.96	2228.26
4413.06	2202.84
4412.16	2216.36
4411.26	2165.93
4410.36	2210.03
4409.46	2293.02
4408.56	2170.35
4407.66	2214.42
4406.76	2197.37
4405.86	2227.53
4404.96	2185.49
4404.06	2160.12
4403.16	2143.08
4402.26	2192.67
4401.36	2189.51
4400.46	2241.84
4399.56	2188.74
4398.66	2277.11
4397.76	2246.21
4396.85	2184.82
4395.95	2234.34
4395.05	2283.83
4394.15	2247.41
4393.25	2249.79
4392.34	2171.83
4391.44	2188.06
4390.54	2229.22
4389.64	2170.68
4388.73	2197.99
4387.83	2178.23
4386.93	2263.63
4386.02	2301.97
4385.12	2343.06
4384.21	2323.29
4383.31	2367.13
4382.41	2322.47
4381.5	2297.19
4380.6	2352.06
4379.69	2343.36
4378.79	2354
4377.88	2320.44
4376.98	2350.41
4376.07	2352.76
4375.17	2299.89
4374.26	2343.65
4373.36	2362.56
4372.45	2284.88
4371.54	2339.66
4370.64	2361.32
4369.73	2424.34
4368.82	2374.28
4367.92	2318.72
4367.01	2356.9
4366.1	2417.13
4365.2	2386.39
4364.29	2366.68
4363.38	2360.76
4362.47	2371.36
4361.57	2470.08
4360.66	2431.1
4359.75	2287.53
4358.84	2399.97
4357.93	2443.58
4357.02	2330.34
4356.11	2401.46
4355.21	2304.77
4354.3	2342.87
4353.39	2468.92
4352.48	2534.46
4351.57	2410.34
4350.66	2327.48
4349.75	2406.75
4348.84	2326.66
4347.93	2466.32
4347.02	2452.16
4346.11	2424.27
4345.2	2401.89
4344.29	2475.57
4343.37	2392.81
4342.46	2428.05
4341.55	2397.45
4340.64	2460.11
4339.73	2489.84
4338.82	2404.41
4337.9	2436.88
4336.99	2384.38
4336.08	2477.13
4335.17	2446.56
4334.26	2385.86
4333.34	2445.69
4332.43	2417.88
4331.52	2425.67
4330.6	2408.82
4329.69	2400.18
4328.78	2454.49
4327.86	2434.9
4326.95	2437.21
4326.03	2300.04
4325.12	2378.93
4324.21	2405.85
4323.29	2320.69
4322.38	2437.8
4321.46	2349.93
4320.55	2456.06
4319.63	2474.75
4318.72	2416.96
4317.8	2460.23
4316.88	2290.53
4315.97	2434.79
4315.05	2417.99
4314.14	2376.63
4313.22	2417.14
4312.3	2400.34
4311.39	2282.65
4310.47	2372.23
4309.55	2385.44
4308.63	2390.48
4307.72	2321.92
4306.8	2397.81
4305.88	2386.49
4304.96	2478.68
4304.05	2268.54
4303.13	2336.21
4302.21	2425.64
4301.29	2376.22
4300.37	2408.45
4299.45	2397.15
4298.54	2402.16
4297.62	2407.18
4296.7	2436.67
4295.78	2414.49
4294.86	2435.81
4293.94	2465.28
4293.02	2372.44
4292.1	2448.1
4291.18	2366.17
4290.26	2379.34
4289.34	2340.9
4288.42	2329.62
4287.5	2405.22
4286.57	2353.23
4285.65	2396.23
4284.73	2393.09
4283.81	2444.21
4282.89	2397.67
4281.97	2397.25
4281.04	2391.4
4280.12	2396.4
4279.2	2382.43
4278.28	2349.49
4277.35	2346.36
4276.43	2329.69
4275.51	2375.33
4274.59	2326.16
4273.66	2406.98
4272.74	2287.44
4271.81	2457.55
4270.89	2329.93
4269.97	2356.57
4269.04	2467.07
4268.12	2312.47
4267.19	2260.68
4266.27	2414.39
4265.34	2403.15
4264.42	2378.4
4263.49	2380.68
4262.57	2285.7
4261.64	2455.47
4260.72	2409.12
4259.79	2381.69
4258.87	2359.67
4257.94	2345.76
4257.01	2318.36
4256.09	2336.83
4255.16	2328.33
4254.23	2443.91
4253.31	2308.62
4252.38	2305.52
4251.45	2388.69
4250.52	2250.79
4249.6	2363.58
4248.67	2325.44
4247.74	2395.08
4246.81	2362.33
4245.88	2326.9
4244.96	2313.02
4244.03	2398.76
4243.1	2282.59
4242.17	2325.25
4241.24	2292.55
4240.31	2383.61
4239.38	2229.87
4238.45	2296.71
4237.52	2290.92
4236.59	2360.42
4235.66	2244.42
4234.73	2254.77
4233.8	2275.86
4232.87	2393.67
4231.94	2371.75
4231.01	2384.76
4230.08	2301.1
4229.15	2319.48
4228.22	2415.7
4227.28	2337.45
4226.35	2366.55
4225.42	2336.62
4224.49	2462.27
4223.56	2298.24
4222.62	2316.6
4221.69	2337.64
4220.76	2291.66
4219.83	2328.77
4218.89	2312.28
4217.96	2317.23
4217.03	2322.17
4216.09	2265.52
4215.16	2254.41
4214.23	2328.97
4213.29	2309.82
4212.36	2480.67
4211.42	2292.94
4210.49	2383.49
4209.55	2318.87
4208.62	2342.53
4207.68	2320.72
4206.75	2333.68
4205.81	2250.41
4204.88	2327.5
4203.94	2284.34
4203.01	2420.17
4202.07	2294.21
4201.13	2323.18
4200.2	2373.49
4199.26	2266.3
4198.32	2372.65
4197.39	2417.59
4196.45	2315.78
4195.51	2291.36
4194.58	2285.62
4193.64	2434.54
4192.7	2354.12
4191.76	2329.71
4190.82	2326.63
4189.89	2384.84
4188.95	2307.16
4188.01	2317.4
4187.07	2332.97
4186.13	2244.68
4185.19	2356.1
4184.25	2350.35
4183.31	2286.06
4182.37	2317.59
4181.43	2330.48
4180.49	2356.66
4179.55	2265.82
4178.61	2273.39
4177.67	2278.31
4176.73	2402.83
4175.79	2389.11
4174.85	2314.29
4173.91	2361.69
4172.97	2281.59
4172.03	2265.25
4171.09	2392.29
4170.14	2293.64
4169.2	2314.47
4168.26	2337.94
4167.32	2409.16
4166.38	2310.58
4165.43	2339.34
4164.49	2368.1
4163.55	2335.86
4162.6	2367.25
4161.66	2297.92
4160.72	2366.41
4159.77	2413.68
4158.83	2347.02
4157.89	2314.82
4156.94	2295.87
4156	2396.07
4155.05	2252.7
4154.11	2487.85
4153.16	2423.89
4152.22	2320.28
4151.27	2383.35
4150.33	2374.99
4149.38	2260.86
4148.44	2292.18
4147.49	2318.21
4146.55	2288.72
4145.6	2409.87
4144.65	2335.46
4143.71	2387.87
4142.76	2339.91
4141.81	2342.13
4140.87	2325.87
4139.92	2378.25
4138.97	2375.19
4138.03	2332.54
4137.08	2282
4136.13	2358.09
4135.18	2347.12
4134.23	2346.7
4133.29	2306.73
4132.34	2401.21
4131.39	2353.35
4130.44	2287.05
4129.49	2323.53
4128.54	2331.01
4127.59	2296.36
4126.64	2335.44
4125.69	2308.7
4124.74	2339.87
4123.79	2334.19
4122.84	2354.82
4121.89	2428.06
4120.94	2340.83
4119.99	2400.89
4119.04	2379.43
4118.09	2397.41
4117.14	2268.19
4116.19	2425.45
4115.24	2327.81
4114.28	2290.62
4113.33	2371.63
4112.38	2371.2
4111.43	2336.65
4110.48	2433.35
4109.52	2372.55
4108.57	2264.54
4107.62	2285.12
4106.66	2465.71
4105.71	2362.99
4104.76	2401.89
4103.8	2364.76
4102.85	2471.81
4101.9	2337.71
4100.94	2337.29
4099.99	2420.7
4099.03	2331.21
4098.08	2385.79
4097.12	2419.4
4096.17	2413.73
4095.21	2387.13
4094.26	2368.38
4093.3	2354.87
4092.35	2393.69
4091.39	2320.02
4090.44	2377.14
4089.48	2366.26
4088.52	2467.79
4087.57	2326.2
4086.61	2312.72
4085.65	2330.59
4084.7	2351.07
4083.74	2444.68
4082.78	2337.17
4081.82	2365.47
4080.87	2383.32
4079.91	2351.58
4078.95	2327.67
4077.99	2413.35
4077.03	2425.96
4076.08	2396.83
4075.12	2352.07
4074.16	2406.4
4073.2	2382.51
4072.24	2444.63
4071.28	2389.47
4070.32	2488.04
4069.36	2349.54
4068.4	2406.42
4067.44	2421.61
4066.48	2358.69
4065.52	2399.91
4064.56	2360.45
4063.6	2453.69
4062.64	2364.8
4061.68	2437.21
4060.72	2356.15
4059.75	2425.93
4058.79	2420.29
4057.83	2456.25
4056.87	2390.84
4055.91	2359.23
4054.94	2361.4
4053.98	2342.8
4053.02	2386.52
4052.06	2406.87
4051.09	2403.84
4050.13	2359.28
4049.17	2387.4
4048.2	2366.22
4047.24	2347.63
4046.27	2456.14
4045.31	2401.24
4044.35	2377.48
4043.38	2377.05
4042.42	2412.91
4041.45	2448.75
4040.49	2349.86
4039.52	2393.47
4038.56	2491.46
4037.59	2392.61
4036.63	2459.49
4035.66	2490.11
4034.69	2396.49
4033.73	2452.99
4032.76	2421.5
4031.8	2366.75
4030.83	2366.32
4029.86	2345.21
4028.89	2437.86
4027.93	2367.63
4026.96	2400.8
4025.99	2359.02
4025.02	2332.77
4024.06	2453.74
4023.09	2476.54
4022.12	2434.78
4021.15	2434.34
4020.18	2366.8
4019.21	2433.47
4018.25	2458.83
4017.28	2450.65
4016.31	2323.83
4015.34	2423.98
4014.37	2508.62
4013.4	2461.77
4012.43	2407.2
4011.46	2401.61
4010.49	2421.79
4009.52	2459.99
4008.55	2382.29
4007.58	2387.01
4006.6	2363.41
4005.63	2401.59
4004.66	2331.67
4003.69	2393
4002.72	2415.73
4001.75	2502.75
4000.77	2373.71
3999.8	2478.7
3998.83	2491.11
3997.86	2518.93
3996.88	2459.37
3995.91	2446.08
3994.94	2437.93
3993.96	2434.92
3992.99	2496.11
3992.02	2508.5
3991.04	2449
3990.07	2502.46
3989.1	2463.52
3988.12	2450.24
3987.15	2503.67
3986.17	2541.69
3985.2	2492.51
3984.22	2456.16
3983.25	2455.72
3982.27	2503.97
3981.3	2506.08
3980.32	2431.33
3979.34	2425.77
3978.37	2386.91
3977.39	2511.95
3976.41	2560.14
3975.44	2454.73
3974.46	2433.81
3973.48	2387.32
3972.51	2443.17
3971.53	2435.05
3970.55	2575.27
3969.57	2446.96
3968.6	2426.06
3967.62	2440.96
3966.64	2563.18
3965.66	2519.28
3964.68	2521.38
3963.7	2518.37
3962.73	2438.75
3961.75	2532.78
3960.77	2483.82
3959.79	2414.46
3958.81	2572.23
3957.83	2451.85
3956.85	2494.77
3955.87	2530.03
3954.89	2583.12
3953.91	2498.52
3952.93	2424.14
3951.94	2505.26
3950.96	2532.83
3949.98	2570.59
3949	2542.1
3948.02	2546.74
3947.04	2500.44
3946.06	2380.34
3945.07	2558.08
3944.09	2478.72
3943.11	2501.18
3942.13	2477.83
3941.14	2546.05
3940.16	2507.44
3939.18	2580.72
3938.19	2506.54
3937.21	2544.21
3936.23	2421.77
3935.24	2573.77
3934.26	2586.01
3933.27	2435.69
3932.29	2552.06
3931.3	2495.74
3930.32	2474.98
3929.33	2581.12
3928.35	2458.85
3927.36	2595.41
3926.38	2539.13
3925.39	2460.05
3924.41	2568.64
3923.42	2484.51
3922.43	2626.01
3921.45	2516.56
3920.46	2566.77
3919.47	2454.84
3918.49	2543.05
3917.5	2534.99
3916.51	2577.57
3915.52	2574.57
3914.54	2485.52
3913.55	2540.74
3912.56	2494.73
3911.57	2635.94
3910.58	2541.88
3909.6	2536.36
3908.61	2604.17
3907.62	2555.66
3906.63	2638.6
3905.64	2638.12
3904.65	2645.22
3903.66	2594.22
3902.67	2596.28
3901.68	2532.68
3900.69	2613.01
3899.7	2604.96
3898.71	2594.39
3897.72	2538.41
3896.73	2598.49
3895.74	2605.59
3894.74	2554.67
3893.75	2566.82
3892.76	2599.12
3891.77	2636.46
3890.78	2547.78
3889.79	2605.26
3888.79	2551.89
3887.8	2581.65
3886.81	2631.54
3885.81	2646.17
3884.82	2618
3883.83	2536.98
3882.83	2556.65
3881.84	2619.08
3880.85	2595.97
3879.85	2648.31
3878.86	2645.31
3877.86	2604.6
3876.87	2586.53
3875.88	2523.23
3874.88	2655.95
3873.89	2572.56
3872.89	2441.48
3871.89	2586.69
3870.9	2674.1
3869.9	2638.47
3868.91	2653.05
3867.91	2544.65
3866.91	2621.97
3865.92	2588.88
3864.92	2555.8
3863.92	2577.91
3862.93	2692.77
3861.93	2659.69
3860.93	2599.05
3859.93	2515.89
3858.94	2525.45
3857.94	2615.17
3856.94	2644.74
3855.94	2581.66
3854.94	2593.71
3853.94	2625.77
3852.95	2545.21
3851.95	2664.85
3850.95	2606.82
3849.95	2723.91
3848.95	2533.35
3847.95	2667.91
3846.95	2642.42
3845.95	2626.94
3844.95	2576.48
3843.95	2680.95
3842.95	2717.93
3841.95	2617.53
3840.94	2607.06
3839.94	2656.52
3838.94	2705.96
3837.94	2563.21
3836.94	2617.64
3835.94	2692
3834.93	2569.29
3833.93	2651.12
3832.93	2740.4
3831.93	2592.81
3830.92	2639.69
3829.92	2651.67
3828.92	2583.91
3827.91	2598.39
3826.91	2600.4
3825.91	2682.11
3824.9	2639.29
3823.9	2651.25
3822.89	2643.3
3821.89	2677.66
3820.88	2679.66
3819.88	2544.84
3818.87	2688.63
3817.87	2645.86
3816.86	2764.72
3815.86	2674.72
3814.85	2726.42
3813.84	2621.56
3812.84	2782.57
3811.83	2635.5
3810.83	2791.48
3809.82	2656.89
3808.81	2624.13
3807.8	2777.54
3806.8	2665.35
3805.79	2625.17
3804.78	2664.38
3803.77	2641.57
3802.77	2730.36
3801.76	2774.49
3800.75	2726.88
3799.74	2614.85
3798.73	2668.89
3797.72	2727.86
3796.71	2665.43
3795.7	2637.7
3794.69	2605.02
3793.68	2740.72
3792.67	2658.53
3791.66	2650.61
3790.65	2699.62
3789.64	2770.87
3788.63	2718.42
3787.62	2712.97
3786.61	2742.15
3785.6	2702.09
3784.59	2699.12
3783.58	2730.75
3782.56	2663.54
3781.55	2816.21
3780.54	2660.09
3779.53	2731.22
3778.52	2634.43
3777.5	2636.41
3776.49	2643.33
3775.48	2694.67
3774.46	2773.12
3773.45	2730.68
3772.44	2710.45
3771.42	2571.86
3770.41	2665.08
3769.39	2758.25
3768.38	2782.39
3767.36	2747.39
3766.35	2640.95
3765.34	2780.86
3764.32	2775.42
3763.3	2757.68
3762.29	2739.94
3761.27	2717.28
3760.26	2773.39
3759.24	2711.37
3758.23	2705.95
3757.21	2781.69
3756.19	2786.1
3755.18	2805.26
3754.16	2775.25
3753.14	2708.38
3752.12	2838.11
3751.11	2614.02
3750.09	2598.8
3749.07	2750.59
3748.05	2752.54
3747.03	2737.31
3746.02	2726.98
3745	2741.21
3743.98	2775.05
3742.96	2730.39
3741.94	2685.73
3740.92	2680.34
3739.9	2672.49
3738.88	2696.51
3737.86	2818.56
3736.84	2754.33
3735.82	2763.62
3734.8	2719.02
3733.78	2782.2
3732.76	2815.97
3731.74	2756.69
3730.71	2768.42
3729.69	2748.33
3728.67	2821.23
3727.65	2762
3726.63	2707.68
3725.61	2778.1
3724.58	2831.38
3723.56	2779.52
3722.54	2769.23
3721.51	2778.5
3720.49	2834.18
3719.47	2709.08
3718.44	2879.54
3717.42	2683.66
3716.4	2756.41
3715.37	2731.49
3714.35	2655.33
3713.32	2825.65
3712.3	2764.13
3711.27	2746.55
3710.25	2816.77
3709.22	2789.43
3708.2	2720.65
3707.17	2795.71
3706.15	2778.14
3705.12	2780.06
3704.09	2711.34
3703.07	2876.46
3702.04	2817.48
3701.01	2834.01
3699.99	2904.08
3698.96	2776.98
3697.93	2739.97
3696.9	2817.32
3695.88	2877.61
3694.85	2811.41
3693.82	2769.56
3692.79	2829.82
3691.76	2729.64
3690.74	2680.54
3689.71	2862.27
3688.68	2745.14
3687.65	2851.5
3686.62	2858.26
3685.59	2753.33
3684.56	2784.38
3683.53	2880.95
3682.5	2853.72
3681.47	2809.52
3680.44	2845.39
3679.41	2849.71
3678.38	2798.27
3677.34	2814.72
3676.31	2857.83
3675.28	2934.85
3674.25	2844.66
3673.22	2832.02
3672.19	2950.18
3671.15	2809.18
3670.12	2832.87
3669.09	2825.08
3668.06	2904.43
3667.02	2838.56
3665.99	2925.13
3664.96	2883.47
3663.92	2853.91
3662.89	2954.95
3661.85	2833.52
3660.82	2917.59
3659.79	2946.06
3658.75	2807.78
3657.72	2886.98
3656.68	2806.74
3655.65	2885.92
3654.61	2887.8
3653.57	2872.78
3652.54	2915.69
3651.5	3009.26
3650.47	2861.53
3649.43	2933.37
3648.39	3000.36
3647.36	2949.16
3646.32	2977.55
3645.28	2911.91
3644.25	2966.8
3643.21	2942.16
3642.17	2944.02
3641.13	2914.57
3640.09	2945.34
3639.06	2930.35
3638.02	2953.88
3636.98	2987.03
3635.94	2928.72
3634.9	2855.99
3633.86	2939.66
3632.82	2941.52
3631.78	3005.9
3630.74	2868.3
3629.7	2944.69
3628.66	3033.07
3627.62	3044.52
3626.58	2938.25
3625.54	3021.77
3624.5	2961.17
3623.46	3114.3
3622.42	3024.89
3621.38	3002.73
3620.33	3047.77
3619.29	2989.62
3618.25	3065.83
3617.21	2990.91
3616.17	2966.37
3615.12	2977.81
3614.08	2996.43
3613.04	3029.43
3611.99	2978.54
3610.95	2982.78
3609.91	3008.58
3608.86	3077.47
3607.82	2971.54
3606.77	2970.99
3605.73	3092.51
3604.69	3046.47
3603.64	2943.01
3602.6	3016.63
3601.55	3049.55
3600.5	2984.42
3599.46	2988.65
3598.41	3033.51
3597.37	3013.82
3596.32	3013.26
3595.27	3062.88
3594.23	2961.98
3593.18	3071.29
3592.13	3077.88
3591.09	3010.46
3590.04	3036.16
3588.99	3061.85
3587.94	3106.61
3586.9	3075.02
3585.85	3136.46
3584.8	3069.11
3583.75	3025.62
3582.7	3079.88
3581.65	3053.09
3580.6	3033.46
3579.56	3118.67
3578.51	2996.6
3577.46	3146.08
3576.41	3024.06
3575.36	2999.69
3574.31	2987.23
3573.26	3008.09
3572.2	3021.81
3571.15	3035.52
3570.1	3053.98
3569.05	3039.14
3568	3126.55
3566.95	3052.27
3565.9	2992.29
3564.84	3041.63
3563.79	3112.34
3562.74	3180.64
3561.69	3016.18
3560.63	3098.73
3559.58	3079.16
3558.53	3149.79
3557.47	3111.23
3556.42	3003.88
3555.37	3048.39
3554.31	3147.44
3553.26	3021.17
3552.2	3070.4
3551.15	3098.27
3550.09	3128.5
3549.04	3052.09
3547.98	2968.6
3546.93	3159.91
3545.87	3111.96
3544.82	3165.84
3543.76	3103.69
3542.71	3126.79
3541.65	3085.97
3540.59	3154.01
3539.54	3030.41
3538.48	3046.4
3537.42	3097.85
3536.36	3019.25
3535.31	3058.88
3534.25	3039.4
3533.19	3088.45
3532.13	3139.85
3531.07	3169.97
3530.02	3103.25
3528.96	3024.75
3527.9	3111.54
3526.84	3148.72
3525.78	3077.34
3524.72	3112.15
3523.66	3076.18
3522.6	3073.25
3521.54	3119.84
3520.48	3076.82
3519.42	3052.67
3518.36	3103.95
3517.3	3171.7
3516.24	3114.57
3515.17	3269.45
3514.11	3172.28
3513.05	3157.56
3511.99	3109.88
3510.93	3203.45
3509.87	3200.5
3508.8	3075.2
3507.74	3201.65
3506.68	3139.9
3505.61	3266.3
3504.55	3138.73
3503.49	3187.5
3502.42	3217.46
3501.36	3181.61
3500.3	3223.3
3499.23	3194.51
3498.17	3245.58
3497.1	3266.11
3496.04	3124.64
3494.97	3194.47
3493.91	3146.94
3492.84	3244.89
3491.77	3335.77
3490.71	3304.65
3489.64	3146.92
3488.58	3268.25
3487.51	3166.84
3486.44	3201.4
3485.38	3158.62
3484.31	3268.14
3483.24	3239.42
3482.17	3196.66
3481.11	3280.35
3480.04	3225.89
3478.97	3176.14
3477.9	3269.15
3476.83	3294.27
3475.77	3214.12
3474.7	3229.89
3473.63	3266.69
3472.56	3397
3471.49	3372.99
3470.42	3353.66
3469.35	3240.88
3468.28	3228.59
3467.21	3342.43
3466.14	3330.13
3465.07	3257.12
3464	3268.18
3462.92	3365.6
3461.85	3245.95
3460.78	3273.34
3459.71	3324.05
3458.64	3344.41
3457.57	3301.81
3456.49	3238.24
3455.42	3349.52
3454.35	3327.92
3453.28	3327.29
3452.2	3294.05
3451.13	3244.52
3450.06	3369.66
3448.98	3466.82
3447.91	3286.92
3446.83	3276.99
3445.76	3369.46
3444.68	3429.31
3443.61	3363.54
3442.53	3362.9
3441.46	3350.65
3440.38	3354.67
3439.31	3395.87
3438.23	3427.77
3437.16	3382.98
3436.08	3412.54
3435	3330.61
3433.93	3362.49
3432.85	3364.18
3431.77	3344.98
3430.7	3451.11
3429.62	3392.45
3428.54	3408.05
3427.46	3349.42
3426.39	3476.34
3425.31	3311.06
3424.23	3491.26
3423.15	3423.38
3422.07	3406.52
3420.99	3361.85
3419.91	3409.87
3418.83	3381.43
3417.75	3392.37
3416.68	3465.82
3415.6	3465.17
3414.51	3413.6
3413.43	3394.45
3412.35	3375.3
3411.27	3402.42
3410.19	3436.47
3409.11	3424.26
3408.03	3430.55
3406.95	3411.41
3405.87	3447.74
3404.78	3354.68
3403.7	3384.07
3402.62	3425
3401.54	3505.18
3400.45	3375.23
3399.37	3543.09
3398.29	3489.35
3397.2	3527.91
3396.12	3566.47
3395.04	3475.84
3393.95	3470.57
3392.87	3460.7
3391.78	3494.62
3390.7	3482.44
3389.61	3507.13
3388.53	3421.22
3387.44	3586.42
3386.36	3463.69
3385.27	3541.32
3384.19	3443.96
3383.1	3579.11
3382.01	3509.4
3380.93	3540.95
3379.84	3537.98
3378.75	3525.81
3377.67	3515.94
3376.58	3609.54
3375.49	3576.68
3374.4	3378.36
3373.31	3568.43
3372.23	3473.57
3371.14	3528.04
3370.05	3520.48
3368.96	3492.26
3367.87	3578.84
3366.78	3534.55
3365.69	3549.95
3364.6	3517.16
3363.51	3628.89
3362.42	3566.28
3361.33	3583.95
3360.24	3498.45
3359.15	3692.62
3358.06	3659.83
3356.97	3503.34
3355.88	3711.14
3354.79	3666.92
3353.69	3638.75
3352.6	3686.14
3351.51	3609.9
3350.42	3648.12
3349.33	3713.79
3348.23	3617
3347.14	3696.37
3346.05	3702.53
3344.95	3688.11
3343.86	3602.83
3342.77	3590.72
3341.67	3631.17
3340.58	3571.08
3339.48	3680.05
3338.39	3702.2
3337.29	3728.9
3336.2	3623.17
3335.1	3659.01
3334.01	3630.93
3332.91	3653.06
3331.82	3743.62
3330.72	3724.66
3329.62	3769.56
3328.53	3732.37
3327.43	3699.74
3326.33	3664.86
3325.24	3691.51
3324.14	3611.07
3323.04	3678.72
3321.94	3819.22
3320.85	3624.95
3319.75	3776.79
3318.65	3689.58
3317.55	3702.54
3316.45	3713.21
3315.35	3867.19
3314.25	3841.44
3313.16	3729.29
3312.06	3776.32
3310.96	3736.97
3309.86	3738.53
3308.76	3678.74
3307.66	3746.2
3306.55	3754.57
3305.45	3797.01
3304.35	3821.26
3303.25	3657.09
3302.15	3769.88
3301.05	3850.85
3299.95	3829.7
3298.84	3770
3297.74	3825.98
3296.64	3822.98
3295.54	3883.47
3294.43	3823.8
3293.33	3900.12
3292.23	3933.37
3291.12	3819.35
3290.02	3809.57
3288.92	3869.98
3287.81	3939.43
3286.71	3848.14
3285.6	3917.57
3284.5	3873.83
3283.39	3825.58
3282.29	3967.35
3281.18	3941.72
3280.08	3972.63
3278.97	3983.18
3277.86	3910.09
3276.76	3916.13
3275.65	3852.12
3274.54	4014.03
3273.44	4006.49
3272.33	3937.99
3271.22	3869.51
3270.12	4022.26
3269.01	4080.17
3267.9	3910.17
3266.79	3992.89
3265.68	4001.15
3264.57	3916.95
3263.47	4001.88
3262.36	3919.97
3261.25	3950.78
3260.14	3954.53
3259.03	4019.11
3257.92	3971.04
3256.81	3992.81
3255.7	4023.57
3254.59	4004.79
3253.48	4055.79
3252.37	4005.52
3251.25	4164.49
3250.14	3997.24
3249.03	4041.46
3247.92	4022.7
3246.81	4062.4
3245.69	3991.94
3244.58	4063.1
3243.47	4163.43
3242.36	4104.23
3241.24	4069.76
3240.13	4082.45
3239.02	4092.9
3237.9	4060.69
3236.79	4057.67
3235.68	4097.29
3234.56	4076.31
3233.45	4178.72
3232.33	4146.52
3231.22	4143.49
3230.1	4068.72
3228.99	4106.04
3227.87	4120.95
3226.75	4214.26
3225.64	4213.45
3224.52	4185.77
3223.41	4169.3
3222.29	4150.59
3221.17	4064.75
3220.05	4211.67
3218.94	4081.09
3217.82	4017.68
3216.7	4336.74
3215.58	4036.27
3214.47	4281.42
3213.35	4104.02
3212.23	4194.86
3211.11	4350.47
3209.99	4220.07
3208.87	4201.39
3207.75	4218.45
3206.63	4291.33
3205.51	4172.19
3204.39	4296.38
3203.27	4284.4
3202.15	4172.03
3201.03	4135.54
3199.91	4279.71
3198.79	4238.76
3197.67	4206.74
3196.55	4161.35
3195.42	4263.07
3194.3	4304.58
3193.18	4265.89
3192.06	4294.03
3190.93	4259.8
3189.81	4210.01
3188.69	4298.24
3187.56	4223.98
3186.44	4301.04
3185.32	4353.61
3184.19	4370.57
3183.07	4214.07
3181.94	4288.86
3180.82	4319.15
3179.7	4249.43
3178.57	4390.83
3177.44	4316.67
3176.32	4400.25
3175.19	4228.41
3174.07	4258.68
3172.94	4311.14
3171.82	4490.1
3170.69	4364.97
3169.56	4446.22
3168.43	4403.22
3167.31	4335.84
3166.18	4392.66
3165.05	4283.19
3163.92	4481.86
3162.8	4394.57
3161.67	4382.65
3160.54	4286.55
3159.41	4321.17
3158.28	4342.48
3157.15	4392.57
3156.02	4305.4
3154.89	4419.65
3153.76	4336.93
3152.63	4373.71
3151.5	4441.44
3150.37	4336.65
3149.24	4404.36
3148.11	4452.14
3146.98	4373.93
3145.85	4366.46
3144.72	4458.42
3143.59	4373.62
3142.45	4421.37
3141.32	4424.94
3140.19	4413.05
3139.06	4434.27
3137.92	4499.62
3136.79	4366.38
3135.66	4550.83
3134.52	4479.38
3133.39	4388.11
3132.26	4402.7
3131.12	4390.84
3129.99	4442.88
3128.85	4431.01
3127.72	4348.65
3126.58	4501.99
3125.45	4481.31
3124.31	4427.6
3123.18	4521.41
3122.04	4579.96
3120.9	4574.68
3119.77	4584.8
3118.63	4614.71
3117.49	4521.46
3116.36	4522.78
3115.22	4530.71
3114.08	4518.85
3112.95	4463.04
3111.81	4488.54
3110.67	4540.4
3109.53	4499.99
3108.39	4529.87
3107.25	4515.82
3106.11	4651.04
3104.98	4540.42
3103.84	4574.65
3102.7	4540.86
3101.56	4662.81
3100.42	4565.43
3099.28	4623.74
3098.14	4600.93
3096.99	4582.51
3095.85	4614.49
3094.71	4657.42
3093.57	4614.9
3092.43	4607.45
3091.29	4665.67
3090.15	4704.17
3089	4705.46
3087.86	4588.58
3086.72	4596.44
3085.57	4560.56
3084.43	4701.83
3083.29	4788.38
3082.14	4592.9
3081	4683.81
3079.86	4534.31
3078.71	4548.73
3077.57	4731.33
3076.42	4645.25
3075.28	4771
3074.13	4599.79
3072.99	4847.73
3071.84	4768.23
3070.7	4610.22
3069.55	4639.87
3068.4	4573.54
3067.26	4727.48
3066.11	4637.18
3064.96	4701.68
3063.82	4702.95
3062.67	4867.63
3061.52	4627.06
3060.37	4652.31
3059.23	4814.73
3058.08	4720.18
3056.93	4684.44
3055.78	4822.82
3054.63	4730.5
3053.48	4829.66
3052.33	4741.72
3051.18	4808.22
3050.03	4824.68
3048.88	4871.57
3047.73	4892.36
3046.58	4876.21
3045.43	4725.36
3044.28	4759.2
3043.13	4856
3041.98	4920.2
3040.83	4878
3039.68	4749
3038.52	4784.97
3037.37	4836.12
3036.22	4906.77
3035.07	4803.88
3033.91	4974.26
3032.76	4932.1
3031.61	4998.34
3030.45	4902.02
3029.3	4933.57
3028.14	5049.59
3026.99	4907.83
3025.84	4956.69
3024.68	4931.91
3023.53	5039.19
3022.37	4841.27
3021.22	5050.22
3020.06	5077.36
3018.9	5007.17
3017.75	5014.84
3016.59	4985.77
3015.44	5032.36
3014.28	4968.7
3013.12	4997.99
3011.96	4945.17
3010.81	4963.65
3009.65	4945.41
3008.49	5069.69
3007.33	5012.58
3006.18	5031.03
3005.02	4969.63
3003.86	4977.3
3002.7	5006.53
3001.54	5134.96
3000.38	5142.59
2999.22	5236.44
2998.06	5218.18
2996.9	5158.99
2995.74	5203.23
2994.58	5107.44
2993.42	5201.21
2992.26	5109.76
2991.1	5130.3
2989.94	5183.11
2988.77	5167.04
2987.61	5039.09
2986.45	5233.87
2985.29	5241.46
2984.12	5160.88
2982.96	5134.08
2981.8	5309.34
2980.64	5334.1
2979.47	5360.99
2978.31	5203.13
2977.14	5361.06
2975.98	5317.07
2974.82	5281.68
2973.65	5250.6
2972.49	5260.31
2971.32	5255
2970.16	5288.3
2968.99	5334.46
2967.82	5307.69
2966.66	5411.72
2965.49	5374.22
2964.33	5253.15
2963.16	5492.13
2961.99	5467.5
2960.83	5408.6
2959.66	5362.57
2958.49	5507.13
2957.32	5441.83
2956.15	5451.48
2954.99	5557.41
2953.82	5412.98
2952.65	5608.72
2951.48	5603.36
2950.31	5580.88
2949.14	5434.42
2947.97	5636.42
2946.8	5594.72
2945.63	5546.62
2944.46	5539.13
2943.29	5531.65
2942.12	5479.32
2940.95	5659.72
2939.78	5560.43
2938.61	5640.44
2937.44	5690.55
2936.26	5729.97
2935.09	5660.61
2933.92	5691.49
2932.75	5709.57
2931.57	5787.32
2930.4	5769.15
2929.23	5778.67
2928.05	5645.46
2926.88	5723.17
2925.71	5696.5
2924.53	5742.23
2923.36	5866.7
2922.18	5840.02
2921.01	5785.68
2919.83	5880.29
2918.66	5783.42
2917.48	5658.95
2916.31	5878.97
2915.13	5811.92
2913.95	5902.18
2912.78	5867.03
2911.6	5999.73
2910.42	5858.37
2909.25	5931.55
2908.07	5894.3
2906.89	5888.9
2905.71	5955.67
2904.54	5890.84
2903.36	5938.49
2902.18	6022.18
2901	6086.75
2899.82	5962.57
2898.64	5946.57
2897.46	5900.9
2896.28	5925.17
2895.1	6074.44
2893.92	5984.29
2892.74	6065.72
2891.56	6121.7
2890.38	5970.19
2889.2	6180.69
2888.02	6164.67
2886.84	5873.59
2885.65	6024.75
2884.47	6044.73
2883.29	6276.15
2882.11	6044.47
2880.92	6161.66
2879.74	6228.08
2878.56	6083.19
2877.38	6046.08
2876.19	6097.7
2875.01	6113.4
2873.82	6078.42
2872.64	6056.12
2871.45	6071.82
2870.27	6201.46
2869.08	6164.38
2867.9	6059.82
2866.71	6197.81
2865.53	6137.56
2864.34	6087.88
2863.16	6244.75
2861.97	6235.1
2860.78	6244.41
2859.6	6093.64
2858.41	6159.83
2857.22	6244.95
2856.03	6104.79
2854.85	6116.22
2853.66	6390.68
2852.47	6208.5
2851.28	6312.45
2850.09	6349.07
2848.9	6185.92
2847.71	6239.37
2846.52	6133.05
2845.34	6211.7
2844.15	6069.72
2842.96	6194.56
2841.76	6119.84
2840.57	6135.44
2839.38	6207.71
2838.19	6080.56
2837	6033.19
2835.81	6241.82
2834.62	6165.08
2833.43	6121.92
2832.23	6175.24
2831.04	6069.2
2829.85	6302.77
2828.65	6156.93
2827.46	6233.24
2826.27	6179.65
2825.07	6247.55
2823.88	6118.59
2822.69	6282.78
2821.49	6197.82
2820.3	6227.99
2819.1	6289.54
2817.91	6219.27
2816.71	6222.23
2815.52	6258.65
2814.32	6085.98
2813.13	6187.21
2811.93	6215.25
2810.73	6364.46
2809.54	6143.86
2808.34	6353.61
2807.14	6262.56
2805.94	6309.35
2804.75	6445.88
2803.55	6229.65
2802.35	6432.91
2801.15	6400.35
2799.95	6198.86
2798.75	6235.17
2797.56	6227.69
2796.36	6324.44
2795.16	6291.93
2793.96	6315.7
2792.76	6289.45
2791.56	6236.14
2790.36	6334.87
2789.16	6391.92
2787.95	6330.3
2786.75	6335.29
2785.55	6284.11
2784.35	6455.54
2783.15	6383.55
2781.95	6417.65
2780.74	6356.09
2779.54	6504.5
2778.34	6372.29
2777.13	6377.26
2775.93	6467.42
2774.73	6434.99
2773.52	6535.48
2772.32	6376.39
2771.12	6491.38
2769.91	6568.97
2768.71	6540.7
2767.5	6504.14
2766.3	6461.37
2765.09	6503.65
2763.89	6632.99
2762.68	6743.63
2761.47	6588.92
2760.27	6562.75
2759.06	6559.39
2757.85	6632.66
2756.65	6608.57
2755.44	6582.42
2754.23	6566.63
2753.02	6685.38
2751.81	6640.6
2750.61	6622.74
2749.4	6600.75
2748.19	6690.44
2746.98	6701.53
2745.77	6720.88
2744.56	6754.69
2743.35	6590.1
2742.14	6659.04
2740.93	6717.63
2739.72	6708.04
2738.51	6663.35
2737.3	6600.1
2736.09	6658.66
2734.88	6733.69
2733.66	6889.17
2732.45	6737.22
2731.24	6890.57
2730.03	6753.11
2728.82	6793.01
2727.6	6808.16
2726.39	6903.67
2725.18	6813.7
2723.96	6814.42
2722.75	6778.06
2721.53	6649.05
2720.32	6777.43
2719.11	6887.24
2717.89	6927.04
2716.68	6853.65
2715.46	6823.5
2714.25	6887.96
2713.03	6946.23
2711.81	6852.34
2710.6	6943.48
2709.38	6958.54
2708.16	6887.31
2706.95	6896.21
2705.73	6995.49
2704.51	6928.39
2703.29	7126.16
2702.08	6915.38
2700.86	6866.81
2699.64	6888.02
2698.42	6966.66
2697.2	6965.28
2695.98	6888.03
2694.76	7087.58
2693.54	6907.84
2692.32	6945.41
2691.1	6980.92
2689.88	7028.7
2688.66	6937.18
2687.44	7021.81
2686.22	7006.09
2685	6949.43
2683.78	7107.68
2682.56	7044.89
2681.33	7125.32
2680.11	7140.27
2678.89	7071.37
2677.67	7035.21
2676.44	6992.93
2675.22	7016.07
2674	7067.8
2672.77	7052.1
2671.55	7105.84
2670.33	7077.88
2669.1	7049.94
2667.88	6993.42
2666.65	7153.26
2665.43	7127.36
2664.2	7068.82
2662.97	7042.94
2661.75	7121.07
2660.52	7060.53
2659.3	7018.36
2658.07	7216.69
2656.84	7182.65
2655.62	7169
2654.39	7084.07
2653.16	7135.6
2651.93	7089.39
2650.7	7313.94
2649.48	7039.76
2648.25	7329.34
2647.02	7175.3
2645.79	7145.4
2644.56	7139.91
2643.33	7234.05
2642.1	7021.2
2640.87	7225.07
2639.64	7156.58
2638.41	7082.02
2637.18	7153.73
2635.95	7233.54
2634.72	7215.86
2633.48	7287.5
2632.25	7143.98
2631.02	7221.69
2629.79	7159.39
2628.56	7245.18
2627.32	7310.66
2626.09	7305.15
2624.86	7279.37
2623.62	7211.04
2622.39	7355.5
2621.16	7396.57
2619.92	7212.81
2618.69	7136.44
2617.45	7260.55
2616.22	7220.64
2614.98	7235.39
2613.75	7359.4
2612.51	7256.78
2611.27	7225
2610.04	7286.25
2608.8	7270.64
2607.57	7242.91
2606.33	7227.32
2605.09	7361.26
2603.85	7299.18
2602.62	7422.96
2601.38	7324.54
2600.14	7490.66
2598.9	7341.81
2597.66	7364.56
2596.42	7369.14
2595.18	7478.63
2593.94	7382.34
2592.71	7513.96
2591.47	7389.47
2590.23	7309.38
2588.98	7364.35
2587.74	7290.34
2586.5	7335.22
2585.26	7329.73
2584.02	7312.15
2582.78	7497.94
2581.54	7349.49
2580.29	7523.12
2579.05	7425.03
2577.81	7248.52
2576.57	7403.96
2575.32	7422.59
2574.08	7415.07
2572.84	7475.91
2571.59	7590.98
2570.35	7414.64
2569.1	7407.14
2567.86	7463.9
2566.61	7528.68
2565.37	7326.4
2564.12	7529.68
2562.88	7449.9
2561.63	7378.18
2560.39	7424.86
2559.14	7423.37
2557.89	7387.79
2556.65	7384.31
2555.4	7587.3
2554.15	7491.58
2552.9	7544.18
2551.66	7444.51
2550.41	7609.26
2549.16	7391.46
2547.91	7552.16
2546.66	7564.66
2545.41	7375.02
2544.16	7635.66
2542.91	7480.09
2541.66	7506.59
2540.41	7549.08
2539.16	7505.59
2537.91	7586.04
2536.66	7538.55
2535.41	7870.73
2534.16	7609.45
2532.91	7633.89
2531.66	7540.5
2530.4	7698.71
2529.15	7507.53
2527.9	7665.68
2526.65	7488.56
2525.39	7724.45
2524.14	7683.01
2522.89	7543.88
2521.63	7757.69
2520.38	7638.52
2519.12	7662.9
2517.87	7673.32
2516.61	7747.48
2515.36	7506.91
2514.1	7541.25
2512.85	7718.92
2511.59	7743.25
2510.33	7640.2
2509.08	7666.52
2507.82	7754.5
2506.56	7639.57
2505.31	7665.88
2504.05	7811.46
2502.79	7734.36
2501.53	7657.28
2500.28	7715.35
2499.02	7781.35
2497.76	7704.31
2496.5	7690.85
2495.24	7723.05
2493.98	7612.33
2492.72	7700.1
2491.46	7950.54
2490.2	7833.88
2488.94	7816.44
2487.68	7852.55
2486.42	7833.12
2485.16	7881.1
2483.9	7897.35
2482.63	7671.87
2481.37	7783.24
2480.11	7817.33
2478.85	7734.57
2477.59	7770.63
2476.32	7830.42
2475.06	7830.83
2473.8	7750.11
2472.53	8009.67
2471.27	7917.08
2470	7850.23
2468.74	7913.89
2467.47	7916.25
2466.21	7932.44
2464.94	7873.54
2463.68	7873.93
2462.41	7949.37
2461.15	7947.77
2459.88	7827.72
2458.61	7942.59
2457.35	7952.83
2456.08	8174.18
2454.81	7750.39
2453.54	8015.08
2452.28	7983.89
2451.01	8000.02
2449.74	8053.6
2448.47	8055.91
2447.2	7977.45
2445.93	8074.33
2444.66	7926.97
2443.39	7998.22
2442.12	8002.51
2440.85	8105.22
2439.58	8078
2438.31	7940.62
2437.04	8059
2435.77	8126.21
2434.5	8067.55
2433.23	8040.36
2431.96	8066.26
2430.68	8056.77
2429.41	8149.45
2428.14	8067.26
2426.87	7912.45
2425.59	8077.75
2424.32	8148.75
2423.04	8207.95
2421.77	8102.29
2420.5	8155.59
2419.22	8228.48
2417.95	8144.45
2416.67	8142.8
2415.4	8178.4
2414.12	8212.03
2412.85	8149.62
2411.57	8204.79
2410.29	8240.35
2409.02	8048.72
2407.74	8054.93
2406.46	8196.2
2405.18	8153.44
2403.91	8202.67
2402.63	8167.75
2401.35	8197.39
2400.07	8199.65
2398.79	8239.05
2397.52	8368.35
2396.24	8223.99
2394.96	8286.8
2393.68	8369.13
2392.4	8377.2
2391.12	8197.8
2389.84	8246.9
2388.56	8342.83
2387.27	8249.42
2385.99	8198.97
2384.71	8314.36
2383.43	8310.72
2382.15	8291.49
2380.87	8244.97
2379.58	8418.73
2378.3	8364.4
2377.02	8395.83
2375.73	8339.59
2374.45	8402.17
2373.17	8382.94
2371.88	8447.43
2370.6	8389.27
2369.31	8231.89
2368.03	8345.01
2366.74	8251.89
2365.46	8382.47
2364.17	8242.71
2362.89	8417.96
2361.6	8324.89
2360.31	8315.43
2359.03	8486.66
2357.74	8547.1
2356.45	8358.92
2355.17	8386.35
2353.88	8437.07
2352.59	8516.88
2351.3	8577.25
2350.01	8311.64
2348.72	8461.26
2347.43	8533.23
2346.15	8525.69
2344.86	8518.14
2343.57	8374.92
2342.28	8516.62
2340.99	8460.64
2339.69	8536.4
2338.4	8455.27
2337.11	8552.3
2335.82	8449.89
2334.53	8544.95
2333.24	8502.58
2331.95	8622.73
2330.65	8501.05
2329.36	8530.27
2328.07	8513.07
2326.77	8521
2325.48	8575.32
2324.19	8569.71
2322.89	8602.74
2321.6	8591.33
2320.3	8425.44
2319.01	8769.32
2317.71	8549.41
2316.42	8447.32
2315.12	8569.09
2313.83	8526.83
2312.53	8390.09
2311.23	8633.28
2309.94	8525.48
2308.64	8591.21
2307.34	8601.03
2306.05	8487.52
2304.75	8516.62
2303.45	8657.41
2302.15	8701.86
2300.85	8723.19
2299.55	8571.28
2298.25	8667.68
2296.96	8594.72
2295.66	8625.67
2294.36	8795.08
2293.06	8685.61
2291.76	8506.97
2290.45	8530.23
2289.15	8691.83
2287.85	8778.44
2286.55	8847.72
2285.25	8671.15
2283.95	8922.84
2282.65	8765.52
2281.34	8654.33
2280.04	8675.6
2278.74	8733.3
2277.43	8666.3
2276.13	8670.29
2274.83	8704.95
2273.52	8722.34
2272.22	8668.81
2270.91	8688.12
2269.61	8766.81
2268.3	8638.61
2267	8834.09
2265.69	8772.93
2264.39	8696.49
2263.08	8912.89
2261.77	8696.76
2260.47	8842.29
2259.16	8926.56
2257.85	8852.07
2256.54	9041.45
2255.24	8852.28
2253.93	8783.58
2252.62	8827.64
2251.31	8797.18
2250	8803.02
2248.69	9034.19
2247.38	8849.06
2246.07	8933.15
2244.76	8914.15
2243.45	8969.57
2242.14	8893.33
2240.83	9011.67
2239.52	8819.14
2238.21	9027.05
2236.9	8811.72
2235.59	8808.02
2234.27	8918.63
2232.96	9093.96
2231.65	9105.43
2230.34	8998.84
2229.02	8920.85
2227.71	9021.8
2226.4	9115.1
2225.08	9010.5
2223.77	9067.62
2222.45	9075.27
2221.14	9056.3
2219.82	8932.78
2218.51	8801.71
2217.19	9113.44
2215.88	9187.57
2214.56	9117.31
2213.24	9159.12
2211.93	9094.59
2210.61	9075.64
2209.29	8975.09
2207.97	9107.97
2206.66	9109.9
2205.34	9049.23
2204.02	9225.63
2202.7	9007.6
2201.38	9214.27
2200.06	9172.58
2198.74	9034.27
2197.42	9352.57
2196.1	9195.35
2194.78	9210.5
2193.46	9106.38
2192.14	9127.22
2190.82	9030.73
2189.5	9089.42
2188.18	9034.59
2186.86	9254.02
2185.54	9254.01
2184.21	9356.08
2182.89	9333.37
2181.57	9269.1
2180.24	9314.43
2178.92	9119.84
2177.6	9231.28
2176.27	9286.03
2174.95	9185.96
2173.62	9068.94
2172.3	9287.86
2170.97	9293.49
2169.65	9395.33
2168.32	9280.25
2167	9165.21
2165.67	9242.5
2164.34	9338.6
2163.02	9231.16
2161.69	9491.13
2160.36	9334.73
2159.04	9368.59
2157.71	9505.99
2156.38	9394.85
2155.05	9323.29
2153.72	9426.74
2152.39	9402.23
2151.06	9372.08
2149.74	9392.72
2148.41	9289.26
2147.08	9356.9
2145.75	9608.67
2144.41	9469.54
2143.08	9315.43
2141.75	9274.07
2140.42	9484.34
2139.09	9506.8
2137.76	9472.93
2136.43	9418.44
2135.09	9442.76
2133.76	9352.65
2132.43	9536.39
2131.09	9600.05
2129.76	9581.2
2128.43	9444.28
2127.09	9575.38
2125.76	9509.71
2124.42	9577.05
2123.09	9593.81
2121.75	9472
2120.42	9623.55
2119.08	9741.34
2117.75	9662.61
2116.41	9640.04
2115.07	9626.83
2113.74	9750.14
2112.4	9652.78
2111.06	9671.35
2109.72	9688.04
2108.38	9710.33
2107.05	9646.68
2105.71	9741.81
2104.37	9676.31
2103.03	9855.4
2101.69	9771.24
2100.35	9817.74
2099.01	9839.97
2097.67	9854.73
2096.33	9813.53
2094.99	9841.34
2093.65	9884.04
2092.31	9880.14
2090.97	9911.64
2089.62	9786.63
2088.28	9840.49
2086.94	9868.25
2085.6	9734.02
2084.25	9910.71
2082.91	9981.25
2081.57	9776.36
2080.22	9807.83
2078.88	9800.22
2077.53	9924.65
2076.19	9885.41
2074.84	9875.93
2073.5	9833
2072.15	9949.88
2070.81	9916.25
2069.46	9975.49
2068.12	10116.4
2066.77	9958.36
2065.42	9850.5
2064.08	9763.1
2062.73	10006
2061.38	9913.02
2060.03	9907.26
2058.68	10062.8
2057.34	9981.02
2055.99	10014.2
2054.64	9867.56
2053.29	10080.4
2051.94	9937.56
2050.59	10050.3
2049.24	9933.44
2047.89	10079.5
2046.54	10027.4
2045.19	9962.43
2043.83	10051
2042.48	10095.2
2041.13	10098.6
2039.78	10235.2
2038.43	10070.4
2037.07	10136.7
2035.72	10020
2034.37	10016.1
2033.01	10176.6
2031.66	10196.6
2030.31	10244.4
2028.95	10096.4
2027.6	10155.2
2026.24	10129.1
2024.89	10304.1
2023.53	10351.8
2022.17	10451
2020.82	10240.5
2019.46	10267.9
2018.11	10249.2
2016.75	10366.8
2015.39	10432.8
2014.03	10244.6
2012.68	10345.6
2011.32	10358.2
2009.96	10300.8
2008.6	10469.8
2007.24	10366.5
2005.88	10334.9
2004.52	10408.1
2003.16	10383.9
2001.8	10484.7
2000.44	10508.2
1999.08	10349.9
1997.72	10584.7
1996.36	10479.6
1995	10573
1993.64	10385.3
1992.27	10618.1
1990.91	10621.4
1989.55	10564.2
1988.19	10716
1986.82	10803.7
1985.46	10852.8
1984.1	10942.2
1982.73	10839.1
1981.37	11071.4
1980	11276.1
1978.64	11090.6
1977.27	11119.4
1975.91	10880.9
1974.54	11076.3
1973.18	11176.5
1971.81	11340.7
1970.44	11102.4
1969.08	11218.9
1967.71	11150.8
1966.34	11338.6
1964.97	11204.6
1963.61	11383.2
1962.24	11452.1
1960.87	11477.1
1959.5	11463.7
1958.13	11353.6
1956.76	11440.7
1955.39	11272.2
1954.02	11556.4
1952.65	11437.2
1951.28	11620.9
1949.91	11565.6
1948.54	11616
1947.17	11642.8
1945.8	11549.2
1944.42	11510.4
1943.05	11655.5
1941.68	11583.9
1940.31	11634.3
1938.93	11724.7
1937.56	11585.7
1936.19	11696.1
1934.81	11666.4
1933.44	11554.8
1932.06	11699.7
1930.69	11839.1
1929.31	11723.9
1927.94	11690.6
1926.56	11848
1925.18	11898.3
1923.81	11841.3
1922.43	11802.5
1921.05	11887.2
1919.68	11708.6
1918.3	11733.4
1916.92	11883.4
1915.54	11920.8
1914.17	11764.1
1912.79	11952.1
1911.41	11875.2
1910.03	11722.3
1908.65	11870.3
1907.27	11911.3
1905.89	11896.1
1904.51	11813.9
1903.13	11974.4
1901.75	11827.1
1900.37	11906.1
1898.99	11966.9
1897.6	11884.8
1896.22	11970.9
1894.84	12029.9
1893.46	11965.9
1892.07	11923.7
1890.69	12087.4
1889.31	11929.5
1887.92	11981.2
1886.54	11973.3
1885.15	12117
1883.77	12206.6
1882.38	12047
1881	12333.2
1879.61	12336
1878.23	12106.2
1876.84	12240.7
1875.46	12490.6
1874.07	12269.8
1872.68	12404.2
1871.29	12349.4
1869.91	12258.5
1868.52	12228.9
1867.13	12401
1865.74	12303
1864.35	12345.4
1862.96	12337.4
1861.57	12360
1860.19	12411.4
1858.8	12597.7
1857.4	12463.8
1856.01	12479.1
1854.62	12420.8
1853.23	12333.7
1851.84	12291.6
1850.45	12319.6
1849.06	12494.8
1847.67	12673.5
1846.27	12466.2
1844.88	12517.4
1843.49	12548.9
1842.09	12460.1
1840.7	12584.9
1839.31	12327.6
1837.91	12527.6
1836.52	12620
1835.12	12628.1
1833.73	12675.6
1832.33	12416.7
1830.93	12672
1829.54	12655.1
1828.14	12593.3
1826.75	12588.9
1825.35	12552.2
1823.95	12535.3
1822.55	12672.2
1821.16	12724.9
1819.76	12670.4
1818.36	12610.5
1816.96	12645.4
1815.56	12617.7
1814.16	12697.3
1812.76	12725
1811.36	12647.3
1809.96	12596.4
1808.56	12768.7
1807.16	12519.7
1805.76	12829.3
1804.36	12735.7
1802.96	12684.8
1801.56	12696.4
1800.15	12720.5
1798.75	12716
1797.35	12761.5
1795.94	12778.4
1794.54	12718.7
1793.14	12657.2
1791.73	12766.7
1790.33	12894
1788.92	12910.9
1787.52	12764
1786.11	12857.4
1784.71	12831.6
1783.3	12917.8
1781.9	12618.1
1780.49	12736.3
1779.08	12886.5
1777.68	12835.8
1776.27	12799.3
1774.86	12952.9
1773.45	12795.7
1772.05	12755.7
1770.64	13195
1769.23	13098.2
1767.82	12859.4
1766.41	12766.3
1765	12697.9
1763.59	12876.1
1762.18	12931.9
1760.77	12799.8
1759.36	13034.5
1757.95	12920.2
1756.54	13014.9
1755.12	12778.4
1753.71	12857.1
1752.3	12803
1750.89	13033.9
1749.47	12893.2
1748.06	12936.5
1746.65	12719.7
1745.23	12855
1743.82	12843.4
1742.4	12934.4
1740.99	12896.3
1739.58	12754
1738.16	12848.4
1736.74	12930.5
1735.33	12774.1
1733.91	12877.4
1732.5	12812.9
1731.08	12995.4
1729.66	13117.9
1728.24	12938.8
1726.83	12927.2
1725.41	12996.8
1723.99	12842.4
1722.57	12991.3
1721.15	13057.2
1719.73	13096.7
1718.31	12944.3
1716.89	13054.2
1715.47	12891.3
1714.05	12872.7
1712.63	12945.6
1711.21	13004.5
1709.79	13154.7
1708.37	12865.3
1706.95	13091.1
1705.52	12877.4
1704.1	13134.8
1702.68	13093.4
1701.26	13059
1699.83	13026.3
1698.41	13113.1
1696.98	13099.8
1695.56	13105.8
1694.14	13160.9
1692.71	13166.9
1691.28	12985.2
1689.86	13017.5
1688.43	13011.3
1687.01	13141.7
1685.58	13070.6
1684.15	13204.5
1682.73	12991.5
1681.3	12969.4
1679.87	12900.1
1678.44	13154.8
1677.02	13097.7
1675.59	13019.7
1674.16	13074.7
1672.73	13176.8
1671.3	13032.4
1669.87	13092.6
1668.44	13061.8
1667.01	13008.3
1665.58	13245
1664.15	13235.2
1662.72	13092.6
1661.28	13220.8
1659.85	13324.5
1658.42	12983
1656.99	13304.9
1655.55	13249.7
1654.12	13255.6
1652.69	13125.5
1651.25	13155.8
1649.82	13121.6
1648.39	13333.2
1646.95	13255.5
1645.52	13144.6
1644.08	13289.9
1642.64	13429.8
1641.21	13437.4
1639.77	13331.9
1638.34	13369.1
1636.9	13465.4
1635.46	13349.5
1634.02	13605.8
1632.59	13561.1
1631.15	13612.1
1629.71	13765.7
1628.27	13663.7
1626.83	13834.5
1625.39	13829.8
1623.95	13971
1622.51	14082.6
1621.07	14095.2
1619.63	14175.5
1618.19	14073.6
1616.75	14360.3
1615.31	14636.5
1613.87	14460
1612.43	14609.5
1610.98	14727.7
1609.54	14731.5
1608.1	14645.2
1606.66	14957.3
1605.21	14957.6
1603.77	14982.1
1602.32	15148.5
1600.88	15126.3
1599.43	15100.5
1597.99	15355.1
1596.54	15263.6
1595.1	15111.6
1593.65	15398.8
1592.21	15210.6
1590.76	15174.5
1589.31	15332
1587.86	15213
1586.42	15075
1584.97	15341.1
1583.52	15123.8
1582.07	15224.1
1580.62	15000
1579.17	15105.5
1577.72	14843.5
1576.28	14823.1
1574.83	14921.7
1573.37	14923.7
1571.92	14774
1570.47	14858.7
1569.02	14547.2
1567.57	14799
1566.12	14516.9
1564.67	14450.1
1563.21	14529.6
1561.76	14397.4
1560.31	14502.7
1558.85	14284.6
1557.4	14334.9
1555.95	14352.4
1554.49	14079.5
1553.04	14327.4
1551.58	14025.4
1550.13	13969.1
1548.67	13882
1547.21	14086.8
1545.76	14064.9
1544.3	13928
1542.84	14062.3
1541.39	13918.6
1539.93	13785.2
1538.47	13952.1
1537.01	13806.8
1535.56	13728.4
1534.1	13989.4
1532.64	13796.2
1531.18	13755.5
1529.72	13756
1528.26	13823.3
1526.8	13697
1525.34	13764.3
1523.88	13715.1
1522.42	13802.9
1520.95	13687
1519.49	13713.1
1518.03	13648.6
1516.57	13755.1
1515.1	13726.5
1513.64	13499.8
1512.18	13479.8
1510.71	13601.6
1509.25	13626
1507.79	13532.6
1506.32	13512.6
1504.86	13327.1
1503.39	13583.6
1501.92	13582.3
1500.46	13461.8
1498.99	13208.2
1497.53	13462.8
1496.06	13548.5
1494.59	13615.5
1493.12	13578.5
1491.66	13575.6
1490.19	13446.6
1488.72	13517
1487.25	13432.4
1485.78	13175.9
1484.31	13477.6
1482.84	13590.4
1481.37	13400.4
1479.9	13423
1478.43	13374.2
1476.96	13529.4
1475.49	13433.1
1474.02	13275.6
1472.54	13513.9
1471.07	13497.4
1469.6	13416.4
1468.13	13622.3
1466.65	13504
1465.18	13519.7
1463.71	13360.8
1462.23	13327.4
1460.76	13565.2
1459.28	13525
1457.81	13366.2
1456.33	13304
1454.86	13512.9
1453.38	13430.4
1451.9	13613.8
1450.43	13362
1448.95	13552
1447.47	13412.1
1445.99	13397.3
1444.52	13353.8
1443.04	13347.6
1441.56	13282.1
1440.08	13416.2
1438.6	13443.7
1437.12	13207.7
1435.64	13238.6
1434.16	13183.4
1432.68	13405.1
1431.2	13348.2
1429.72	13183.3
1428.24	13450.4
1426.75	13245.1
1425.27	13255.7
1423.79	13342.2
1422.31	13330.9
1420.82	13107.2
1419.34	13389.2
1417.86	13347.6
1416.37	13358.2
1414.89	13439.5
1413.4	13259.8
1411.92	13462.3
1410.43	13509.9
1408.95	13370.7
1407.46	13499
1405.97	13265.7
1404.49	13484.8
1403	13438.1
1401.51	13332.7
1400.03	13363.4
1398.54	13484.9
1397.05	13633.1
1395.56	13707.4
1394.07	13555
1392.58	13662.9
1391.09	13607.9
1389.6	13653.6
1388.11	13716.1
1386.62	13844
1385.13	13765.5
1383.64	13859.8
1382.15	13692.5
1380.66	13783.4
1379.17	13842.4
1377.67	13884.6
1376.18	14102.7
1374.69	14009.2
1373.19	14190.3
1371.7	14352.9
1370.21	14159.1
1368.71	14087.4
1367.22	14236.6
1365.72	14268.6
1364.23	14230.4
1362.73	14315.9
1361.23	14413.1
1359.74	14508.5
1358.24	14565.5
1356.74	14529
1355.25	14711.1
1353.75	14664.5
1352.25	14643
1350.75	14746.6
1349.25	14938.6
1347.76	14791.9
1346.26	14745.4
1344.76	15249
1343.26	15289
1341.76	15234
1340.26	15507.3
1338.75	15352.3
1337.25	15395.6
1335.75	15688.6
1334.25	15612
1332.75	15773.4
1331.25	15728.3
1329.74	15681.7
1328.24	16034.2
1326.74	15901
1325.23	15880.9
1323.73	15575
1322.22	15872.4
1320.72	16023.4
1319.21	15895.4
1317.71	15852.1
1316.2	16165.7
1314.7	16057.6
1313.19	15642.6
1311.68	15876.4
1310.18	16004
1308.67	15783.3
1307.16	15854.5
1305.65	15623.9
1304.14	15610.6
1302.63	15332.1
1301.13	15463
1299.62	15212.8
1298.11	15019.1
1296.6	15015.8
1295.09	14997.7
1293.58	14742.9
1292.06	14594.1
1290.55	14364.3
1289.04	14452.1
1287.53	14268.7
1286.02	14295.4
1284.5	14102.2
1282.99	14057.8
1281.48	14016.8
1279.96	13751.1
1278.45	13802.6
1276.94	13462.8
1275.42	13425.2
1273.91	13565.9
1272.39	13308.9
1270.87	13279.6
1269.36	13329.4
1267.84	13211.1
1266.33	13134.1
1264.81	13314.1
1263.29	12999.8
1261.77	12941
1260.26	13104.5
1258.74	12759.2
1257.22	12916.1
1255.7	12819.4
1254.18	12752.5
1252.66	12759.5
1251.14	12733.7
1249.62	12734.2
1248.1	12718.3
1246.58	12569.2
1245.06	12780.1
1243.54	12678.8
1242.01	12531.5
1240.49	12410.5
1238.97	12409.4
1237.45	12237.6
1235.92	12384.3
1234.4	12439
1232.88	12182
1231.35	12336.8
1229.83	12316.1
1228.3	12318.3
1226.78	12309.1
1225.25	12391.6
1223.72	12298.8
1222.2	12025.8
1220.67	12000.3
1219.14	12208.8
1217.62	12103
1216.09	12108.6
1214.56	12069.9
1213.03	12109.8
1211.5	11979.6
1209.98	11849.5
1208.45	11912.3
1206.92	11924.4
1205.39	11962.6
1203.86	11928.9
1202.33	11800.6
1200.79	11894.3
1199.26	11720.3
1197.73	11732.4
1196.2	11747.8
1194.67	11759.9
1193.13	11605.6
1191.6	11718.9
1190.07	11677.2
1188.53	11637.1
1187	11530.3
1185.47	11516.4
1183.93	11593.7
1182.4	11495
1180.86	11507.2
1179.33	11667.4
1177.79	11459.8
1176.25	11408.5
1174.72	11552.4
1173.18	11463.6
1171.64	11441.6
1170.1	11375.7
1168.57	11399.2
1167.03	11287.8
1165.49	11233.4
1163.95	11338.1
1162.41	11267.4
1160.87	11250.3
1159.33	11285.2
1157.79	11212.9
1156.25	11351.6
1154.71	11229.1
1153.17	11190.9
1151.63	11146.3
1150.08	11299.5
1148.54	11169
1147	11098.5
1145.46	11015
1143.91	11002.9
1142.37	11091.2
1140.82	11053.1
1139.28	11115.4
1137.73	10865.4
1136.19	11026.4
1134.64	11069.3
1133.1	11018.3
1131.55	10975.5
1130.01	10861.5
1128.46	10965.8
1126.91	10908.5
1125.36	10797.8
1123.82	10685.6
1122.27	10693
1120.72	10674.5
1119.17	10738.3
1117.62	10813.4
1116.07	10804.5
1114.52	10819.9
1112.97	10617.6
1111.42	10757.1
1109.87	10753.1
1108.32	10683.1
1106.77	10766.1
1105.22	10779.8
1103.66	10634.1
1102.11	10609.3
1100.56	10713.2
1099	10759.1
1097.45	10731
1095.9	10646.6
1094.34	10476.9
1092.79	10553.4
1091.23	10678.1
1089.68	10568.1
1088.12	10532
1086.56	10499.1
1085.01	10392.4
1083.45	10555.5
1081.89	10577.3
1080.34	10669.7
1078.78	10538.9
1077.22	10483.6
1075.66	10527.9
1074.1	10427.7
1072.54	10366.1
1070.98	10413.5
1069.43	10470.5
1067.86	10280.7
1066.3	10331.3
1064.74	10298.6
1063.18	10337.9
1061.62	10361.3
1060.06	10384.6
1058.5	10438.3
1056.93	10317.6
1055.37	10364.9
1053.81	10031.6
1052.24	10342.7
1050.68	10116.7
1049.12	10282.2
1047.55	10169.7
1045.99	10332
1044.42	10176.4
1042.85	10145.4
1041.29	10143.2
1039.72	10123.4
1038.16	10334.9
1036.59	10055.1
1035.02	10013
1033.45	10068.2
1031.88	9963.92
1030.32	10052.6
1028.75	10036
1027.18	10060.9
1025.61	10159
1024.04	10042.1
1022.47	9885.42
1020.9	9946.9
1019.33	10013.1
1017.76	9775.43
1016.18	9886.21
1014.61	9941.27
1013.04	9919.99
1011.47	9811.28
1009.89	9906.06
1008.32	10080.2
1006.75	9823.83
1005.17	9693
1003.6	9943.33
1002.02	9863.33
1000.45	9786.55
998.873	9800.25
997.297	9859.95
995.721	9705.49
994.145	9717.61
992.568	9707.53
990.991	9765.61
989.413	9543.17
987.835	9587
986.257	9583.28
984.678	9585.91
983.099	9550.53
981.52	9584.82
979.94	9600.1
978.36	9509.36
976.78	9546.8
975.199	9475.09
973.618	9411.32
972.037	9556.25
970.455	9419.78
968.873	9433.49
967.29	9485.11
965.707	9381.92
964.124	9202.98
962.541	9518.26
960.957	9533.51
959.373	9510.87
957.788	9380.96
956.203	9479.83
954.618	9413.06
953.032	9369.98
951.446	9397.84
949.86	9365.81
948.273	9277.07
946.686	9323.84
945.099	9378.46
943.511	9349.61
941.923	9260.95
940.334	9370.63
938.745	9318.19
937.156	9086.44
935.567	9425.71
933.977	9236.49
932.387	9324.05
930.796	9177.37
929.205	9283.75
927.614	9286.4
926.022	9265.48
924.43	9195.89
922.838	9251.93
921.245	9364.46
919.652	9246.24
918.058	9143.77
916.465	9162.12
914.87	9075.4
913.276	9314.83
911.681	9185.78
910.086	9150.82
908.49	9271
906.894	9049.62
905.298	9033.51
903.701	9054.98
902.104	9259.6
900.507	9019.64
898.909	9116.2
897.311	9156.41
895.713	9062.09
894.114	9250.83
892.515	9187.8
890.916	9071.65
889.316	9175.88
887.715	9020.73
886.115	9109.31
884.514	8991.72
882.913	8980.34
881.311	8962.73
879.709	9157.35
878.107	8936.88
876.504	9148.58
874.901	9004.62
873.298	9022.88
871.694	9129.98
870.09	9148.2
868.485	9132.13
866.88	8978.99
865.275	8902.22
863.669	9119.78
862.064	9201.8
860.457	9204.41
858.851	9138.56
857.244	9074.29
855.636	9178.02
854.028	9140.2
852.42	9155.26
850.812	8962.03
849.203	9062.59
847.594	9198.83
845.984	9187.45
844.375	9280.12
842.764	9129
841.154	9064.86
839.543	9176.12
837.931	9068.56
836.32	9026.2
834.708	9013.32
833.095	8950.84
831.482	9013.93
829.869	9032.06
828.256	9214.42
826.642	9054.35
825.028	8957.85
823.413	9248.48
821.798	9080.77
820.183	9238.15
818.567	9177.28
816.951	9100.96
815.335	9102.01
813.718	8971.63
812.101	9150.49
810.483	9137.62
808.865	9059.85
807.247	8945.04
805.629	9114.48
804.01	9078.46
802.39	9116.57
800.771	9052.78
799.151	8913.4
797.53	9048.71
795.91	9086.79
794.288	9084.75
792.667	9070.37
791.045	9182.4
789.423	9026.23
787.8	9122.81
786.177	9029.88
784.554	9074.05
782.93	9087.41
781.306	9065.35
779.682	9198.75
778.057	9145.9
776.432	9176.15
774.807	9244.84
773.181	9099.76
771.554	9168.43
769.928	9069.54
768.301	9132.04
766.674	9153.02
765.046	9166.32
763.418	9285.57
761.789	9145.31
760.161	9032.74
758.531	9204.11
756.902	9171.36
755.272	9161.62
753.642	9090.55
752.011	9209.63
750.38	9186.09
748.749	9248.39
747.117	9321.38
745.485	9342.25
743.852	9395.28
742.22	9203.31
740.586	9291.55
738.953	9283.34
737.319	9394.47
735.685	9182.78
734.05	9248
732.415	9265.79
730.779	9283.58
729.144	9108.78
727.507	9164.79
725.871	9289.52
724.234	9182.04
722.597	9080.72
720.959	9185.53
719.321	9139.2
717.683	9120.35
716.044	9212.88
714.405	9097.93
712.765	9138.58
711.126	9206.64
709.485	9190.85
707.845	9034.86
706.204	9093.76
704.563	9090.19
702.921	9024.18
701.279	9003.87
699.636	8983.57
697.993	9004.37
696.35	9011.46
694.707	8855.79
693.063	9101.67
691.419	9102.66
689.774	9036.76
688.129	9025.6
686.483	9110.16
684.838	9108.1
683.191	8993.66
681.545	8935.45
679.898	8771
678.251	8989.08
676.603	8961.25
674.955	8878.82
673.307	9078.52
671.658	8987.01
670.009	9054.71
668.359	8978.4
666.709	8830.9
665.059	8975.85
663.408	8925.35
661.757	9082.32
660.106	8945.53
658.454	8948.04
656.802	8998.98
655.15	9063.51
653.497	9007
651.844	8876.43
650.19	8963.61
648.536	8951
646.881	9013.95
645.227	9031.55
643.572	9047.63
641.916	8924.77
640.26	9081.27
638.604	8812.04
636.947	9006.23
635.29	8875.94
633.633	9056.45
631.975	8877.95
630.317	8928.7
628.659	8885.98
627	8757.37
625.34	8897.01
623.681	8794.07
622.021	8829.72
620.36	8918.06
618.7	8854.32
617.038	8977.22
615.377	8832.24
613.715	8827.23
612.053	8850.79
610.39	8829.23
608.727	8890.36
607.064	8853.78
605.4	8905.86
603.736	8900.83
602.071	8747.11
600.406	8991.38
598.741	8981.83
597.075	8873.23
595.409	8791.68
593.743	8873.7
592.076	8997.67
590.409	8871.16
588.741	8777.69
587.073	8805.67
585.405	8847.13
583.736	8755.22
582.067	8766.71
580.397	8677.86
578.728	8821.11
577.057	8605.06
575.387	8579.16
573.716	8756.74
572.044	8742.78
570.373	8652.56
568.7	8701.42
567.028	8693.46
565.355	8691.48
563.682	8598.36
562.008	8674.08
560.334	8534.71
558.66	8644.75
556.985	8542.76
555.31	8500.52
553.634	8535.89
551.958	8596.59
550.282	8749.73
548.605	8609.07
546.928	8529.6
545.25	8448.66
543.573	8434.82
541.894	8511.84
540.216	8386.29
538.537	8570.5
536.857	8534.3
535.178	8431.15
533.497	8442.62
531.817	8491.27
530.136	8520.57
528.455	8346.14
526.773	8433.43
525.091	8447.85
523.408	8377.57
521.725	8495.99
520.042	8292.06
518.359	8331.74
516.675	8372.89
514.99	8351.68
513.305	8274.1
511.62	8487.32
509.935	8368.21
508.249	8435.99
506.562	8276.91
504.876	8217.21
503.189	8332.4
501.501	8219.38
499.813	8319.7
498.125	8378.52
496.436	8200.42
494.747	8245.91
493.058	8221.83
491.368	8138.58
489.678	8195.88
487.987	8285.69
486.297	8186.21
484.605	8191.73
482.913	7999.22
481.221	8136.27
479.529	8138.84
477.836	8165.03
476.143	8192.69
474.449	8078.63
472.755	8075.31
471.061	7940.67
469.366	8033.26
467.67	8021.09
465.975	8005.98
464.279	8007.1
462.582	7964
460.886	7957.75
459.189	7869.02
457.491	7989.45
455.793	7962.59
454.095	7900.41
452.396	8042.82
450.697	7979.18
448.997	7774.35
447.298	7813.75
445.597	7976.63
443.897	7833.68
442.196	7931.82
440.494	7882.98
438.792	7832.7
437.09	7892.58
435.387	7730.72
433.684	7843.45
431.981	7762.4
430.277	7826.64
428.573	7840.98
426.868	7732.12
425.163	7749.4
423.458	7752.02
421.752	7789.81
420.046	7609.25
418.34	7695.4
416.633	7793.23
414.925	7702.12
413.218	7700.35
411.51	7675.16
409.801	7610.47
408.092	7643.83
406.383	7586.5
404.673	7631.54
402.963	7568.39
401.253	7728.88
399.542	7655.5
397.831	7498.88
396.119	7616.93
394.407	7610.79
392.694	7687.88
390.982	7560.58
389.268	7412.92
387.555	7660.68
385.841	7518.9
384.126	7603.2
382.411	7445.46
380.696	7528.28
378.981	7469.71
377.265	7497.13
375.548	7501.23
373.832	7428.15
372.114	7461.38
370.397	7357.77
368.679	7439.02
366.96	7269.99
365.242	7359.95
363.523	7369.89
361.803	7315.85
360.083	7250.21
358.363	7203.49
356.642	7358.74
354.921	7210.33
353.199	7285.64
351.477	7298.47
349.755	7193.73
348.032	7315.42
346.309	7257.15
344.586	7136.53
342.862	7174.04
341.137	7313.02
339.413	7138.84
337.688	7298.05
335.962	7083.38
334.236	7197.63
332.51	7098.94
330.783	7068.34
329.056	7056.57
327.328	7234.39
325.601	7122.76
323.872	7197.78
322.144	7071.75
320.414	7152.52
318.685	7080.04
316.955	7108.75
315.225	7099.88
313.494	7119.91
311.763	7069.16
310.031	6963.57
308.299	7005.26
306.567	6971.89
304.834	6986.15
303.101	7035.02
301.368	7005.99
299.634	6886.14
297.9	6969.6
296.165	6937.72
294.43	6920.26
292.694	6987.8
290.958	7032.27
289.222	6866.5
287.485	6925.37
285.748	6792.8
284.011	6884.75
282.273	6798.29
280.534	6826.91
278.795	6678.67
277.056	6713.06
275.317	6704.32
273.577	6737.25
271.836	6643.75
270.096	6666.63
268.355	6703.85
266.613	6690.81
264.871	6717.96
263.129	6719.27
261.386	6534.1
259.643	6647.31
257.899	6500.95
256.155	6641.36
254.411	6513.7
252.666	6664.07
250.921	6517.84
249.175	6456.18
247.429	6529.13
245.683	6521.89
243.936	6460.27
242.189	6504.55
240.441	6448.68
238.693	6561.6
236.944	6464.28
235.196	6401.31
233.446	6401.25
231.697	6395.47
229.947	6468.27
228.196	6298.24
226.445	6386.73
224.694	6296.74
222.942	6390.9
221.19	6285.25
219.437	6202.48
217.685	6221
215.931	6350.73
214.177	6387.74
212.423	6283.64
210.669	6324.93
208.914	6283.57
207.158	6235.11
205.403	6311.97
203.646	6196.62
201.89	6304.76
200.133	6206.54
