4501.29	3825.23
4500.4	3836.54
4499.52	3807.59
4498.64	3778.64
4497.75	3820.41
4496.87	3864.98
4495.98	3861.48
4495.1	3744.93
4494.22	3826.23
4493.33	3721.02
4492.45	3703.43
4491.56	3705.61
4490.68	3654.13
4489.79	3670.44
4488.9	3681.09
4488.02	3824.39
4487.13	3696.74
4486.25	3676.35
4485.36	3743.41
4484.47	3545.33
4483.59	3637.77
4482.7	3592.02
4481.81	3484.28
4480.93	3525.95
4480.04	3556.33
4479.15	3592.34
4478.26	3600.17
4477.38	3515.04
4476.49	3652.42
4475.6	3494.11
4474.71	3507.58
4473.83	3492.89
4472.94	3565.45
4472.05	3567.65
4471.16	3538.89
4470.27	3543.9
4469.38	3501.1
4468.49	3472.38
4467.6	3460.53
4466.71	3462.73
4465.82	3422.79
4464.93	3486.81
4464.04	3430.02
4463.15	3359.21
4462.26	3524.31
4461.37	3445.08
4460.48	3374.29
4459.59	3345.64
4458.7	3283.32
4457.81	3439.87
4456.92	3391.58
4456.03	3475.13
4455.14	3348.33
4454.24	3431.86
4453.35	3296.7
4452.46	3326.96
4451.57	3444.08
4450.68	3280.97
4449.78	3350.43
4448.89	3408.67
4448	3447.28
4447.11	3466.27
4446.21	3373.29
4445.32	3358.7
4444.43	3411.29
4443.53	3340.74
4442.64	3376.53
4441.75	3359.16
4440.85	3347.38
4439.96	3481.01
4439.06	3413.31
4438.17	3412.71
4437.27	3504.34
4436.38	3442.25
4435.48	3497.52
4434.59	3432.67
4433.69	3471.17
4432.8	3406.34
4431.9	3366.67
4431.01	3480.51
4430.11	3488.28
4429.22	3373.27
4428.32	3528.9
4427.42	3525.5
4426.53	3491.42
4425.63	3474.08
4424.73	3479.05
4423.84	3564.84
4422.94	3550.29
4422.04	3454.93
4421.14	3490.54
4420.25	3548.42
4419.35	3581.22
4418.45	3569.46
4417.55	3644
4416.65	3479.14
4415.76	3548.1
4414.86	3575.31
4413.96	3555.21
4413.06	3663.06
4412.16	3576.21
4411.26	3583.93
4410.36	3580.52
4409.46	3546.54
4408.56	3612.61
4407.66	3628.65
4406.76	3566.9
4405.86	3749.59
4404.96	3626.75
4404.06	3628.89
4403.16	3578.29
4402.26	3785.82
4401.36	3690.81
4400.46	3817.79
4399.56	3711.71
4398.66	3716.61
4397.76	3813.01
4396.85	3801.26
4395.95	3950.28
4395.05	3885.84
4394.15	3713.35
4393.25	3931.58
4392.34	3936.44
4391.44	3963.44
4390.54	3951.67
4389.64	3950.98
4388.73	3950.29
4387.83	3869.33
4386.93	3912.93
4386.02	3953.74
4385.12	4038.8
4384.21	4002.14
4383.31	3901.89
4382.41	3920.56
4381.5	3966.86
4380.6	4148.58
4379.69	4122.99
4378.79	4050.43
4377.88	3983.42
4376.98	4236.82
4376.07	4120.09
4375.17	4111.09
4374.26	4168.34
4373.36	4140
4372.45	4166.87
4371.54	4171.66
4370.64	4179.2
4369.73	4189.5
4368.82	4213.59
4367.92	4345.19
4367.01	4209.35
4366.1	4194.83
4365.2	4202.36
4364.29	4300.81
4363.38	4333.11
4362.47	4274.51
4361.57	4375.65
4360.66	4363.86
4359.75	4398.88
4358.84	4345.82
4357.93	4408.35
4357.02	4402.07
4356.11	4390.29
4355.21	4425.27
4354.3	4325.5
4353.39	4486.95
4352.48	4458.68
4351.57	4490.87
4350.66	4547.79
4349.75	4371.16
4348.84	4598.38
4347.93	4515.18
4347.02	4580.29
4346.11	4653.61
4345.2	4603.38
4344.29	4561.41
4343.37	4489.26
4342.46	4707.96
4341.55	4597.4
4340.64	4670.65
4339.73	4639.66
4338.82	4542.89
4337.9	4662.7
4336.99	4708.47
4336.08	4751.48
4335.17	4701.33
4334.26	4714.2
4333.34	4598.34
4332.43	4759.09
4331.52	4878.72
4330.6	4738.26
4329.69	4554.05
4328.78	4706.49
4327.86	4771.32
4326.95	4680.21
4326.03	4805.19
4325.12	4777
4324.21	4781.63
4323.29	4810.85
4322.38	4703.42
4321.46	4710.79
4320.55	4718.16
4319.63	4834.78
4318.72	4951.36
4317.8	4770.27
4316.88	4878.64
4315.97	4787.7
4315.05	4715.9
4314.14	4977.01
4313.22	4918.85
4312.3	4860.7
4311.39	4898.02
4310.47	4736.28
4309.55	4871.76
4308.63	4819.11
4307.72	4979.05
4306.8	4825.59
4305.88	4873.77
4304.96	4916.49
4304.05	4970.09
4303.13	5086.3
4302.21	4892.11
4301.29	5035.51
4300.37	4906.71
4299.45	4903.13
4298.54	4926.75
4297.62	4944.92
4296.7	4960.36
4295.78	4967.64
4294.86	4996.67
4293.94	4955.02
4293.02	4981.32
4292.1	5067.38
4291.18	4993.14
4290.26	4883.61
4289.34	4999.52
4288.42	5145.26
4287.5	4973.33
4286.57	4980.59
4285.65	4998.71
4284.73	5065.66
4283.81	5021.36
4282.89	5072
4281.97	4951.79
4281.04	5037.67
4280.12	5137.09
4279.2	4992.53
4278.28	4983.52
4277.35	4904.06
4276.43	4981.75
4275.51	5143.38
4274.59	4974.58
4273.66	5247.16
4272.74	5048.61
4271.81	5028.78
4270.89	5046.83
4269.97	5048.64
4269.04	4966.6
4268.12	5228.07
4267.19	5178.47
4266.27	5012.63
4265.34	5025.26
4264.42	5173.02
4263.49	5074.82
4262.57	5187.4
4261.64	5121.65
4260.72	5088.33
4259.79	4911.91
4258.87	5132.43
4257.94	5215.2
4257.01	5219.67
4256.09	5151.29
4255.16	5182.75
4254.23	5063.15
4253.31	5048.76
4252.38	5123.37
4251.45	5090.11
4250.52	5153.9
4249.6	5179.94
4248.67	5216.75
4247.74	5118.84
4246.81	5155.64
4245.88	5203.2
4244.96	5043.41
4244.03	5004.83
4243.1	5033.55
4242.17	5274.87
4241.24	5260.48
4240.31	5184.22
4239.38	5344.69
4238.45	5066.74
4237.52	5205.67
4236.59	5116.03
4235.66	5061.36
4234.73	5170.65
4233.8	5191.23
4232.87	5125.83
4231.94	5280.71
4231.01	5169.67
4230.08	5230.5
4229.15	5194.68
4228.22	5204.49
4227.28	5208.94
4226.35	5119.47
4225.42	5150.75
4224.49	5109.6
4223.56	5350.05
4222.62	5182.87
4221.69	5176.58
4220.76	5197.11
4219.83	5314.1
4218.89	5157.75
4217.96	5288.1
4217.03	5295.2
4216.09	5205.88
4215.16	5212.99
4214.23	5228.13
4213.29	5179.02
4212.36	5124.58
4211.42	5166.48
4210.49	5138.81
4209.55	5169.99
4208.62	5284.06
4207.68	5245.69
4206.75	5207.34
4205.81	5235.81
4204.88	5208.16
4203.94	5180.51
4203.01	5171.58
4202.07	5322.9
4201.13	5092.3
4200.2	5230.23
4199.26	5304.04
4198.32	5287.08
4197.39	5275.47
4196.45	5317.22
4195.51	5278.93
4194.58	5366
4193.64	5271.72
4192.7	5289.44
4191.76	5331.15
4190.82	5287.56
4189.89	5094.77
4188.95	5330.97
4188.01	5353.99
4187.07	5270.48
4186.13	5179.01
4185.19	5340.49
4184.25	5283.64
4183.31	5261.41
4182.37	5201.93
4181.43	5240.91
4180.49	5333.07
4179.55	5151.28
4178.61	5179.62
4177.67	5282.37
4176.73	5257.51
4175.79	5251.26
4174.85	5149.36
4173.91	5337.06
4172.97	5232.52
4172.03	5242.21
4171.09	5368.72
4170.14	5280.16
4169.2	5398.66
4168.26	5108.44
4167.32	5362.24
4166.38	5244.56
4165.43	5296.67
4164.49	5399.15
4163.55	5225.85
4162.6	5275.28
4161.66	5255.79
4160.72	5228.35
4159.77	5344
4158.83	5313.91
4157.89	5259.99
4156.94	5200.79
4156	5411.67
4155.05	5365.71
4154.11	5264.18
4153.16	5231.48
4152.22	5291.4
4151.27	5330.13
4150.33	5276.29
4149.38	5293.86
4148.44	5247.97
4147.49	5297.25
4146.55	5317.45
4145.6	5411.63
4144.65	5360.46
4143.71	5238
4142.76	5266.12
4141.81	5230.85
4140.87	5298.56
4139.92	5292.33
4138.97	5201.66
4138.03	5248.22
4137.08	5321.15
4136.13	5309.65
4135.18	5424.74
4134.23	5328.85
4133.29	5261.99
4132.34	5292.68
4131.39	5428.77
4130.44	5404.09
4129.49	5324.09
4128.54	5360.01
4127.59	5356.42
4126.64	5323.87
4125.69	5317.65
4124.74	5429.88
4123.79	5405.22
4122.84	5433.2
4121.89	5305.95
4120.94	5278.7
4119.99	5311.95
4119.04	5355.69
4118.09	5338.96
4117.14	5348.52
4116.19	5268.73
4115.24	5183.71
4114.28	5316.75
4113.33	5292.16
4112.38	5170.43
4111.43	5337.53
4110.48	5302.45
4109.52	5325.12
4108.57	5452.74
4107.62	5378.31
4106.66	5408.82
4105.71	5305.57
4104.76	5417.37
4103.8	5185.69
4102.85	5326.31
4101.9	5283.43
4100.94	5235.31
4099.99	5339.17
4099.03	5330.35
4098.08	5321.54
4097.12	5357.25
4096.17	5165.18
4095.21	5368.41
4094.26	5241.84
4093.3	5476.38
4092.35	5402.15
4091.39	5327.95
4090.44	5345.3
4089.48	5333.88
4088.52	5257.11
4087.57	5253.56
4086.61	5427.7
4085.65	5418.89
4084.7	5370.9
4083.74	5351.65
4082.78	5293.24
4081.82	5381.06
4080.87	5270.46
4079.91	5253.85
4078.95	5396.43
4077.99	5387.64
4077.03	5402.32
4076.08	5396.14
4075.12	5259.57
4074.16	5365.52
4073.2	5403.66
4072.24	5337.53
4071.28	5375.66
4070.32	5291.33
4069.36	5407.59
4068.4	5555.07
4067.44	5418.67
4066.48	5407.28
4065.52	5247.53
4064.56	5335.08
4063.6	5391.36
4062.64	5218.69
4061.68	5402.43
4060.72	5388.46
4059.75	5197.68
4058.79	5259.14
4057.83	5440.14
4056.87	5418.37
4055.91	5399.21
4054.94	5385.25
4053.98	5397.27
4053.02	5435.25
4052.06	5255.12
4051.09	5378.78
4050.13	5351.86
4049.17	5392.41
4048.2	5352.53
4047.24	5463.11
4046.27	5288.36
4045.31	5461.14
4044.35	5452.38
4043.38	5391.78
4042.42	5336.39
4041.45	5433.89
4040.49	5419.96
4039.52	5268.75
4038.56	5415.42
4037.59	5442.93
4036.63	5465.25
4035.66	5394.38
4034.69	5279.54
4033.73	5410.55
4032.76	5373.36
4031.8	5431.88
4030.83	5231.77
4029.86	5339.43
4028.89	5279
4027.93	5365.94
4026.96	5535.53
4025.99	5423.43
4025.02	5456.04
4024.06	5431.81
4023.09	5420.5
4022.12	5254.28
4021.15	5330.78
4020.18	5500.16
4019.21	5390.79
4018.25	5456.9
4017.28	5471.39
4016.31	5377.56
4015.34	5404.95
4014.37	5414.29
4013.4	5431.36
4012.43	5365.95
4011.46	5496.4
4010.49	5418.12
4009.52	5383.65
4008.55	5387.83
4007.58	5603.16
4006.6	5391.04
4005.63	5374.62
4004.66	5481.74
4003.69	5406.13
4002.72	5562.09
4001.75	5450.48
4000.77	5441.78
3999.8	5474.23
3998.83	5401.25
3997.86	5425.98
3996.88	5401.87
3995.91	5567.91
3994.94	5369.1
3993.96	5488.85
3992.99	5441.63
3992.02	5414.97
3991.04	5467.9
3990.07	5433.55
3989.1	5137.46
3988.12	5572.7
3987.15	5415.21
3986.17	5437.32
3985.2	5487.62
3984.22	5437.92
3983.25	5549.72
3982.27	5428.26
3981.3	5396.53
3980.32	5433.99
3979.34	5440.69
3978.37	5537.03
3977.39	5408
3976.41	5471.02
3975.44	5334.37
3974.46	5412.74
3973.48	5534.58
3972.51	5438.92
3971.53	5422.59
3970.55	5467.65
3969.57	5446.2
3968.6	5496.34
3967.62	5400.78
3966.64	5535.24
3965.66	5478.03
3964.68	5558.79
3963.7	5307.48
3962.73	5452.07
3961.75	5535.34
3960.77	5616.03
3959.79	5530.79
3958.81	5550.2
3957.83	5495.62
3956.85	5425.75
3955.87	5417.11
3954.89	5569.13
3953.91	5471.24
3952.93	5556.92
3951.94	5688.44
3950.96	5516.68
3949.98	5615.04
3949	5484.12
3948.02	5472.94
3947.04	5522.87
3946.06	5526.96
3945.07	5487.78
3944.09	5502.06
3943.11	5465.44
3942.13	5395.76
3941.14	5493.98
3940.16	5531.13
3939.18	5540.29
3938.19	5638.43
3937.21	5342.58
3936.23	5572.86
3935.24	5498.17
3934.26	5530.19
3933.27	5478.39
3932.29	5477.4
3931.3	5539.88
3930.32	5599.8
3929.33	5593.7
3928.35	5577.46
3927.36	5518.1
3926.38	5484.12
3925.39	5511.02
3924.41	5469.45
3923.42	5465.92
3922.43	5576.46
3921.45	5580.52
3920.46	5521.23
3919.47	5548.09
3918.49	5453.37
3917.5	5543.54
3916.51	5514.69
3915.52	5485.84
3914.54	5426.63
3913.55	5509.15
3912.56	5614.42
3911.57	5418.61
3910.58	5673.08
3909.6	5520.32
3908.61	5628.04
3907.62	5498.09
3906.63	5577.97
3905.64	5443.03
3904.65	5649.21
3903.66	5627.97
3902.67	5543.61
3901.68	5305.24
3900.69	5528.97
3899.7	5555.73
3898.71	5403.3
3897.72	5591.56
3896.73	5633.43
3895.74	5639.97
3894.74	5588.51
3893.75	5600.1
3892.76	5546.14
3891.77	5630.83
3890.78	5521.44
3889.79	5512.88
3888.79	5486.68
3887.8	5604.06
3886.81	5600.52
3885.81	5652.38
3884.82	5686.59
3883.83	5552.16
3882.83	5523.47
3881.84	5577.82
3880.85	5614.53
3879.85	5628.6
3878.86	5612.49
3877.86	5639.12
3876.87	5489.79
3875.88	5581.78
3874.88	5641.06
3873.89	5506.89
3872.89	5493.32
3871.89	5632.96
3870.9	5554.1
3869.9	5548.06
3868.91	5680.08
3867.91	5546.04
3866.91	5507.39
3865.92	5539
3864.92	5535.48
3863.92	5652.34
3862.93	5538.48
3861.93	5670.33
3860.93	5554
3859.93	5630.67
3858.94	5559.49
3857.94	5713.79
3856.94	5652.64
3855.94	5736.74
3854.94	5462.81
3853.94	5629.52
3852.95	5723.59
3851.95	5675.01
3850.95	5596.42
3849.95	5620.41
3848.95	5774.43
3847.95	5765.88
3846.95	5739.83
3845.95	5678.79
3844.95	5575.3
3843.95	5684.21
3842.95	5663.19
3841.95	5574.74
3840.94	5716.06
3839.94	5812.39
3838.94	5721.46
3837.94	5633.06
3836.94	5519.74
3835.94	5895.47
3834.93	5585.08
3833.93	5741.18
3832.93	5762.57
3831.93	5616.92
3830.92	5660.76
3829.92	5692.12
3828.92	5626.3
3827.91	5610.32
3826.91	5679.04
3825.91	5633.17
3824.9	5627.16
3823.9	5750.61
3822.89	5630.08
3821.89	5731.08
3820.88	5774.82
3819.88	5689.19
3818.87	5727.94
3817.87	5587.64
3816.86	5805.4
3815.86	5652.71
3814.85	5810.74
3813.84	5705.31
3812.84	5694.33
3811.83	5663.48
3810.83	5645.05
3809.82	5740.86
3808.81	5801.88
3807.8	5758.62
3806.8	5693.04
3805.79	5756.51
3804.78	5867.09
3803.77	5828.81
3802.77	5768.23
3801.76	5675.43
3800.75	5800.82
3799.74	5777.45
3798.73	5650.01
3797.72	5780.29
3796.71	5598.4
3795.7	5731.11
3794.69	5690.44
3793.68	5820.62
3792.67	5708.16
3791.66	5595.74
3790.65	5802.57
3789.64	5732.23
3788.63	5830.13
3787.62	5918.09
3786.61	5731.55
3785.6	5854.11
3784.59	5675.07
3783.58	5886.56
3782.56	5818.77
3781.55	5859.7
3780.54	5796.88
3779.53	5790.88
3778.52	5881.17
3777.5	5793.69
3776.49	5767.94
3775.48	5771.82
3774.46	5773.23
3773.45	5809.17
3772.44	5739.05
3771.42	5787.31
3770.41	5855.28
3769.39	5753.14
3768.38	5922.13
3767.36	5871.77
3766.35	6043.14
3765.34	5743.99
3764.32	5851.29
3763.3	5919.16
3762.29	5898.38
3761.27	5759.46
3760.26	5807.62
3759.24	5816.4
3758.23	5756.29
3757.21	5890.5
3756.19	5825.49
3755.18	5689.19
3754.16	5752.06
3753.14	5770.66
3752.12	5713.08
3751.11	5933.15
3750.09	6003.29
3749.07	5776.24
3748.05	5969.16
3747.03	5874.77
3746.02	5841.78
3745	5720.46
3743.98	6097.27
3742.96	5796.86
3741.94	5874.28
3740.92	5892.82
3739.9	5884.38
3738.88	5902.9
3737.86	5825.84
3736.84	6020.8
3735.82	5774.69
3734.8	5837.32
3733.78	5735.83
3732.76	5999.23
3731.74	5968.75
3730.71	5813.44
3729.69	6047.31
3728.67	5965.45
3727.65	5883.62
3726.63	5872.75
3725.61	6064.87
3724.58	5978.17
3723.56	5825.51
3722.54	6017.52
3721.51	6018.86
3720.49	5937.12
3719.47	6009.31
3718.44	5871.43
3717.42	5889.88
3716.4	5993.78
3715.37	5951.18
3714.35	5998.89
3713.32	5968.51
3712.3	5969.85
3711.27	6046.8
3710.25	5921.31
3709.22	6029.94
3708.2	6204.35
3707.17	6059.4
3706.15	5916.94
3705.12	6127.83
3704.09	6095.03
3703.07	6015.96
3702.04	6124.44
3701.01	5962.61
3699.99	6039.41
3698.96	6001.79
3697.93	6027.45
3696.9	6082.29
3695.88	6083.6
3694.85	6067.89
3693.82	5906.28
3692.79	6002.44
3691.76	6098.56
3690.74	6053.69
3689.71	6174.06
3688.68	6007.72
3687.65	6176.63
3686.62	6139.07
3685.59	6135.5
3684.56	6148.94
3683.53	6247.31
3682.5	6166.08
3681.47	6118.84
3680.44	6243.85
3679.41	6121.43
3678.38	6156.67
3677.34	6131.29
3676.31	6062.29
3675.28	6216.27
3674.25	6362.93
3673.22	6230.93
3672.19	6409.02
3671.15	6231.05
3670.12	6176.63
3669.09	6289.26
3668.06	6331.66
3667.02	6182.88
3665.99	6377.71
3664.96	6303.96
3663.92	6314.89
3662.89	6451.55
3661.85	6365.74
3660.82	6212.28
3659.79	6290.88
3658.75	6304.21
3657.72	6505.98
3656.68	6441.98
3655.65	6450.44
3654.61	6528.93
3653.57	6576
3652.54	6584.44
3651.5	6551.85
3650.47	6473.43
3649.43	6527.71
3648.39	6832.81
3647.36	6568.7
3646.32	6675.97
3645.28	6809.73
3644.25	6697.6
3643.21	6669.85
3642.17	6801.12
3641.13	6783
3640.09	6733.58
3639.06	6734.74
3638.02	6844.23
3636.98	6599.86
3635.94	6885.01
3634.9	6900.58
3633.86	6841.56
3632.82	7056.76
3631.78	6949.64
3630.74	7138.29
3629.7	7124.95
3628.66	7123.62
3627.62	7199.2
3626.58	7147.41
3625.54	7405.5
3624.5	7171.17
3623.46	7330.72
3622.42	7192.52
3621.38	7241.59
3620.33	7434.63
3619.29	7454.85
3618.25	7278.34
3617.21	7312.97
3616.17	7316.41
3615.12	7430.13
3614.08	7574.98
3613.04	7331.5
3611.99	7382.86
3610.95	7443.78
3609.91	7432.82
3608.86	7347.61
3607.82	7300.75
3606.77	7253.91
3605.73	7235.81
3604.69	7303.86
3603.64	7273.79
3602.6	7413.58
3601.55	7247.17
3600.5	7202.78
3599.46	7101.02
3598.41	7278.99
3597.37	7303.92
3596.32	7154.41
3595.27	7317.93
3594.23	7378.68
3593.18	7148.03
3592.13	7375.93
3591.09	7185.96
3590.04	7292.03
3588.99	7288.29
3587.94	7105.6
3586.9	7349.99
3585.85	7045.71
3584.8	7027.71
3583.75	7322.05
3582.7	7113.29
3581.65	7185.85
3580.6	7172.6
3579.56	7056.9
3578.51	7134.2
3577.46	7325.78
3576.41	7193.45
3575.36	7113.55
3574.31	7162.21
3573.26	7156.12
3572.2	7228.54
3571.15	7182
3570.1	7130.71
3569.05	6922.49
3568	7275.47
3566.95	7150.5
3565.9	7099.25
3564.84	7126.45
3563.79	7079.98
3562.74	7256.81
3561.69	6984.71
3560.63	7066.52
3559.58	6986.86
3558.53	7113.73
3557.47	7219.2
3556.42	7077.86
3555.37	7180.92
3554.31	7155.86
3553.26	7161.64
3552.2	7108.15
3551.15	6902.96
3550.09	7131.56
3549.04	7078.1
3547.98	6948.85
3546.93	7070.72
3545.87	7048.09
3544.82	7072.82
3543.76	7270.36
3542.71	7148.29
3541.65	7161.16
3540.59	7353.84
3539.54	7073.32
3538.48	7183.16
3537.42	7170
3536.36	7149.74
3535.31	7216.96
3534.25	7196.71
3533.19	6935.43
3532.13	7153.85
3531.07	7117.08
3530.02	7085.05
3528.96	7138.04
3527.9	7179.2
3526.84	7095.24
3525.78	7006.6
3524.72	7123.27
3523.66	7204.5
3522.6	7325.8
3521.54	7098.05
3520.48	7186.31
3519.42	7085.96
3518.36	7141.2
3517.3	6998.48
3516.24	7138.53
3515.17	7080.67
3514.11	7008.69
3513.05	7103.92
3511.99	7215.59
3510.93	7284.85
3509.87	7132.88
3508.8	7202.13
3507.74	7045.52
3506.68	7152.39
3505.61	7172.22
3504.55	7140.31
3503.49	7063.75
3502.42	7186.99
3501.36	7237.34
3500.3	7043.34
3499.23	7157.12
3498.17	7341.31
3497.1	7227.23
3496.04	7122.58
3494.97	7224.52
3493.91	7241.94
3492.84	7191.31
3491.77	7206.39
3490.71	7033.82
3489.64	7152.1
3488.58	7113.24
3487.51	7058
3486.44	7171.51
3485.38	7254.52
3484.31	7232.08
3483.24	7298.65
3482.17	7259.81
3481.11	7136.7
3480.04	7149.4
3478.97	7012.31
3477.9	7350.31
3476.83	7206.21
3475.77	7335.86
3474.7	7276.01
3473.63	7122.65
3472.56	7179.77
3471.49	7353.73
3470.42	7268.22
3469.35	7058.89
3468.28	7377.62
3467.21	7175.37
3466.14	7106.3
3465.07	7156.33
3464	7351.08
3462.92	7174.65
3461.85	7301.65
3460.78	7342.27
3459.71	7100.63
3458.64	7330.18
3457.57	7242.53
3456.49	7227.18
3455.42	7407.64
3454.35	7245.44
3453.28	7309.32
3452.2	7293.97
3451.13	7183.13
3450.06	7274.93
3448.98	7159.48
3447.91	7223.31
3446.83	7228.93
3445.76	7276.44
3444.68	7444.91
3443.61	7224.86
3442.53	7183.96
3441.46	7324.45
3440.38	7399.79
3439.31	7217.1
3438.23	7373.77
3437.16	7256.21
3436.08	7312.92
3435	7362.64
3433.93	7396.09
3432.85	7109.12
3431.77	7214.57
3430.7	7257.3
3429.62	7313.95
3428.54	7370.57
3427.46	7257.85
3426.39	7307.5
3425.31	7178.6
3424.23	7195.79
3423.15	7243.11
3422.07	7362.25
3420.99	7131.49
3419.91	7384.96
3418.83	7362.72
3417.75	7301.13
3416.68	7329.85
3415.6	7270.6
3414.51	7338.66
3413.43	7237.78
3412.35	7229.48
3411.27	7348.39
3410.19	7319.26
3409.11	7380.3
3408.03	7270.26
3406.95	7298.94
3405.87	7124.25
3404.78	7342.39
3403.7	7403.38
3402.62	7251.86
3401.54	7241.26
3400.45	7353.02
3399.37	7300.85
3398.29	7225.63
3397.2	7249.64
3396.12	7220.59
3395.04	7198.47
3393.95	7289.35
3392.87	7435.54
3391.78	7344.23
3390.7	7255.27
3389.61	7246.99
3388.53	7252.53
3387.44	7327.17
3386.36	7288.94
3385.27	7211.58
3384.19	7097.42
3383.1	7271
3382.01	7258.12
3380.93	7242.95
3379.84	7202.47
3378.75	7313.81
3377.67	7179.06
3376.58	7255.87
3375.49	7282.08
3374.4	7269.22
3373.31	7270.14
3372.23	7395.12
3371.14	7304.14
3370.05	7316.54
3368.96	7356.49
3367.87	7364.28
3366.78	7234.36
3365.69	7216.93
3364.6	7240.8
3363.51	7177.49
3362.42	7238.06
3361.33	7195.42
3360.24	7349.95
3359.15	7321.05
3358.06	7225.71
3356.97	7469.51
3355.88	7211.52
3354.79	7322.39
3353.69	7256.88
3352.6	7312.75
3351.51	7309.07
3350.42	7348.89
3349.33	7269.69
3348.23	7330.09
3347.14	7228.06
3346.05	7322.74
3344.95	7307.63
3343.86	7210.24
3342.77	7197.44
3341.67	7392.61
3340.58	7235.84
3339.48	7172.79
3338.39	7262.79
3337.29	7208.9
3336.2	7246.34
3335.1	7224.42
3334.01	7136.33
3332.91	7185.18
3331.82	7245.41
3330.72	7241.76
3329.62	7322.48
3328.53	7309.69
3327.43	7223.96
3326.33	7322.88
3325.24	7278.19
3324.14	7172.01
3323.04	7147.87
3321.94	7194.34
3320.85	7245.35
3319.75	7200.72
3318.65	7210.73
3317.55	7241.22
3316.45	7324.03
3315.35	7095.16
3314.25	7382.66
3313.16	7372.17
3312.06	7248
3310.96	7214.8
3309.86	7190.7
3308.76	7230.24
3307.66	7135.72
3306.55	7282
3305.45	7203.41
3304.35	7108.95
3303.25	7318.72
3302.15	7242.43
3301.05	7270.55
3299.95	7278.25
3298.84	7290.48
3297.74	7230.12
3296.64	7153.92
3295.54	7320.33
3294.43	7187.47
3293.33	7086.39
3292.23	7116.77
3291.12	7230.94
3290.02	7197.86
3288.92	7291.6
3287.81	7215.5
3286.71	7300.15
3285.6	7124.49
3284.5	7132.19
3283.39	7391
3282.29	7256.14
3281.18	7132.64
3280.08	7271.47
3278.97	7143.49
3277.86	7218.98
3276.76	7149.81
3275.65	7202.68
3274.54	7068.03
3273.44	7321.89
3272.33	7137.6
3271.22	7133.98
3270.12	7313.2
3269.01	7142.55
3267.9	7147.96
3266.79	7148.85
3265.68	7174.56
3264.57	7220.55
3263.47	7219.17
3262.36	6956.31
3261.25	7160.08
3260.14	7093.37
3259.03	7184.38
3257.92	7252.84
3256.81	7215.43
3255.7	7326.63
3254.59	6994.32
3253.48	7188.79
3252.37	7351.7
3251.25	7170.3
3250.14	7123.95
3249.03	7113.6
3247.92	7094.25
3246.81	7131.12
3245.69	7154.48
3244.58	7069.97
3243.47	7019.19
3242.36	7238
3241.24	7050.2
3240.13	7109.48
3239.02	7076.7
3237.9	7214.52
3236.79	7150.3
3235.68	7180.35
3234.56	7078.03
3233.45	7186.58
3232.33	7142.6
3231.22	7255.59
3230.1	7133.15
3228.99	6997.31
3227.87	7101.29
3226.75	7164.91
3225.64	7004.5
3224.52	7238.32
3223.41	7008.54
3222.29	7152.72
3221.17	7066.3
3220.05	7132.09
3218.94	7166.52
3217.82	7042.12
3216.7	7013.93
3215.58	7191.49
3214.47	7161.05
3213.35	7085.91
3212.23	7185.13
3211.11	6940.2
3209.99	7046.1
3208.87	7011.25
3207.75	7344.89
3206.63	6990.71
3205.51	7054.11
3204.39	7242.47
3203.27	7026.87
3202.15	6829.19
3201.03	7142.4
3199.91	7185.64
3198.79	7182.03
3197.67	7040.21
3196.55	7125.79
3195.42	7097.68
3194.3	7029.48
3193.18	7126.15
3192.06	7078.02
3190.93	7036.58
3189.81	7124.29
3188.69	6960.43
3187.56	7097.08
3186.44	6939.97
3185.32	7032.07
3184.19	7190.87
3183.07	7127.22
3181.94	7130.31
3180.82	7102.26
3179.7	7020.89
3178.57	6986.22
3177.44	7007.09
3176.32	7125.7
3175.19	7071.03
3174.07	6894.27
3172.94	7074.98
3171.82	7031.45
3170.69	7072.27
3169.56	6984.38
3168.43	7054.03
3167.31	6957.31
3166.18	7031.37
3165.05	7078.79
3163.92	7084.08
3162.8	6989.65
3161.67	7023.76
3160.54	7011.33
3159.41	7063.14
3158.28	6931.14
3157.15	6938.66
3156.02	6893.06
3154.89	7002.4
3153.76	7140.45
3152.63	7017.41
3151.5	6978.46
3150.37	7158.46
3149.24	6882.91
3148.11	6952.33
3146.98	6977.52
3145.85	7082.25
3144.72	6968.21
3143.59	6889.56
3142.45	7142.21
3141.32	6992.9
3140.19	7097.52
3139.06	6899.72
3137.92	6931.49
3136.79	6863.97
3135.66	6977.36
3134.52	6956.17
3133.39	7054.06
3132.26	6935.86
3131.12	6824.31
3129.99	6942
3128.85	7132.36
3127.72	6919.51
3126.58	6863.11
3125.45	7011.54
3124.31	6803.23
3123.18	6945
3122.04	7110.93
3120.9	6968.74
3119.77	6872.79
3118.63	6851.68
3117.49	6936.12
3116.36	6787.47
3115.22	6810.35
3114.08	6844.2
3112.95	6946.17
3111.81	6938.24
3110.67	6873.2
3109.53	6799.4
3108.39	6938.62
3107.25	6741.9
3106.11	6881.08
3104.98	7061.9
3103.84	6979.35
3102.7	6855.16
3101.56	6915.25
3100.42	6828.4
3099.28	6862.16
3098.14	6843.31
3096.99	6916.5
3095.85	7033.49
3094.71	6894.12
3093.57	6901.55
3092.43	6952.78
3091.29	6990.84
3090.15	6934.77
3089	6896.23
3087.86	6903.65
3086.72	6827.94
3085.57	6962.23
3084.43	6816.55
3083.29	6907.07
3082.14	6929.78
3081	6843.21
3079.86	6924.93
3078.71	6844.94
3077.57	6719.11
3076.42	6772.41
3075.28	6878.09
3074.13	6667.19
3072.99	6672.45
3071.84	6828.28
3070.7	6848.78
3069.55	6838.74
3068.4	6774.17
3067.26	6727.07
3066.11	6727.95
3064.96	6850.89
3063.82	6827.77
3062.67	6817.74
3061.52	6947.13
3060.37	6651.75
3059.23	6670.06
3058.08	6897.38
3056.93	6867.75
3055.78	6822.9
3054.63	6773.71
3053.48	6929.03
3052.33	6764.56
3051.18	6802.4
3050.03	6746.73
3048.88	6647.6
3047.73	6731.08
3046.58	6751.5
3045.43	6730.64
3044.28	6725
3043.13	6558.65
3041.98	6735.42
3040.83	6610.38
3039.68	6841.34
3038.52	6779.26
3037.37	6797.47
3036.22	6804.83
3035.07	6721.1
3033.91	6810.87
3032.76	6774.86
3031.61	6643.5
3030.45	6796.08
3029.3	6760.1
3028.14	6728.46
3026.99	6742.32
3025.84	6767
3024.68	6776.51
3023.53	6643.16
3022.37	6730.6
3021.22	6727.13
3020.06	6611.17
3018.9	6657.47
3017.75	6673.48
3016.59	6708.95
3015.44	6675.22
3014.28	6539.93
3013.12	6696.4
3011.96	6647.57
3010.81	6793.16
3009.65	6627.72
3008.49	6762.46
3007.33	6625.15
3006.18	6617.39
3005.02	6583.74
3003.86	6662.29
3002.7	6628.64
3001.54	6612.25
3000.38	6748.97
2999.22	6525.61
2998.06	6578.23
2996.9	6557.56
2995.74	6651.09
2994.58	6544.24
2993.42	6644.2
2992.26	6541.7
2991.1	6723.43
2989.94	6541.31
2988.77	6535.74
2987.61	6631.29
2986.45	6582.68
2985.29	6553.44
2984.12	6590.87
2982.96	6647.64
2981.8	6607.66
2980.64	6698.78
2979.47	6613.68
2978.31	6612.4
2977.14	6409.21
2975.98	6644.19
2974.82	6524.81
2973.65	6605.11
2972.49	6651.04
2971.32	6636.88
2970.16	6476.83
2968.99	6552.79
2967.82	6590.11
2966.66	6681.03
2965.49	6495.37
2964.33	6618.42
2963.16	6544.27
2961.99	6525.86
2960.83	6526.73
2959.66	6493.34
2958.49	6614.12
2957.32	6520.78
2956.15	6506.67
2954.99	6586.72
2953.82	6497.72
2952.65	6584.15
2951.48	6585.01
2950.31	6506.75
2949.14	6381.49
2947.97	6397.35
2946.8	6421.74
2945.63	6518.78
2944.46	6579.46
2943.29	6383.82
2942.12	6497.88
2940.95	6398.41
2939.78	6452.66
2938.61	6549.57
2937.44	6584.57
2936.26	6593.95
2935.09	6543.61
2933.92	6514.61
2932.75	6662.58
2931.57	6388.44
2930.4	6574.74
2929.23	6475.44
2928.05	6327.18
2926.88	6374.94
2925.71	6484.43
2924.53	6293.67
2923.36	6394.62
2922.18	6369.96
2921.01	6458.09
2919.83	6329.18
2918.66	6459.82
2917.48	6303.32
2916.31	6355.24
2915.13	6390.14
2913.95	6342.14
2912.78	6419.52
2911.6	6195.19
2910.42	6395.77
2909.25	6490.09
2908.07	6406.01
2906.89	6583.09
2905.71	6348.33
2904.54	6370.43
2903.36	6428.59
2902.18	6410.36
2901	6379.42
2899.82	6439.67
2898.64	6432.05
2897.46	6371.44
2896.28	6359.6
2895.1	6411.33
2893.92	6388.89
2892.74	6408.82
2891.56	6354.63
2890.38	6275.05
2889.2	6337.33
2888.02	6348.78
2886.84	6303.11
2885.65	6246.87
2884.47	6213.93
2883.29	6278.26
2882.11	6425.03
2880.92	6349.79
2879.74	6471.12
2878.56	6275.46
2877.38	6479.15
2876.19	6289.9
2875.01	6290.78
2873.82	6293.78
2872.64	6417.08
2871.45	6375.73
2870.27	6342.83
2869.08	6331.04
2867.9	6325.58
2866.71	6261.08
2865.53	6261.96
2864.34	6275.49
2863.16	6337.49
2861.97	6218.24
2860.78	6282.33
2859.6	6203.17
2858.41	6328.31
2857.22	6293.38
2856.03	6256.36
2854.85	6221.46
2853.66	6390.68
2852.47	6332.63
2851.28	6236.73
2850.09	6088.29
2848.9	6198.54
2847.71	6039.66
2846.52	6172.99
2845.34	6278.95
2844.15	6164.26
2842.96	6072.73
2841.76	6113.54
2840.57	6183.73
2839.38	6262.29
2838.19	6151.92
2837	6196.88
2835.81	6183.07
2834.62	6198.64
2833.43	6151.28
2832.23	6202.5
2831.04	6115.32
2829.85	6047.05
2828.65	6190.46
2827.46	6172.48
2826.27	6077
2825.07	6188.91
2823.88	6154.19
2822.69	6228.35
2821.49	6057.58
2820.3	6087.78
2819.1	6082.4
2817.91	6041.46
2816.71	5969.16
2815.52	6034.9
2814.32	6175.88
2813.13	6134.95
2811.93	6012.53
2810.73	5938.22
2809.54	6091.64
2808.34	6086.26
2807.14	6091.33
2805.94	6023.32
2804.75	5955.34
2803.55	6152.43
2802.35	5948.82
2801.15	6124.98
2799.95	6082.06
2798.75	5974.51
2797.56	6125.53
2796.36	5965.9
2795.16	6091.86
2793.96	6007.31
2792.76	6106.13
2791.56	6067.43
2790.36	6057.91
2789.16	6077.53
2787.95	5849.44
2786.75	5991.89
2785.55	5903.31
2784.35	6031.14
2783.15	5821.95
2781.95	6055.8
2780.74	5958.96
2779.54	5928.68
2778.34	6056.37
2777.13	6142.45
2775.93	5800.52
2774.73	5878.31
2773.52	6072.37
2772.32	6021.34
2771.12	5955.8
2769.91	5919.34
2768.71	5967.97
2767.5	6037.33
2766.3	5946.95
2765.09	5933.33
2763.89	5876.18
2762.68	5912.33
2761.47	5921.53
2760.27	5972.17
2759.06	5867.4
2757.85	5860.03
2756.65	5972.77
2755.44	5913.62
2754.23	5827.57
2753.02	5840.91
2751.81	5939.09
2750.61	6012.4
2749.4	5827.11
2748.19	5972.8
2746.98	6025.38
2745.77	5968.37
2744.56	6047.8
2743.35	5978.41
2742.14	5993.76
2740.93	5837.65
2739.72	5867.47
2738.51	5752.74
2737.3	5964.25
2736.09	5907.34
2734.88	5899.98
2733.66	5975.15
2732.45	5883.21
2731.24	5910.92
2730.03	5849.95
2728.82	5877.66
2727.6	5787.86
2726.39	5848.54
2725.18	5797.93
2723.96	5835.93
2722.75	5797.7
2721.53	5825.38
2720.32	5840.7
2719.11	5771.62
2717.89	5696.39
2716.68	5824.88
2715.46	5809.33
2714.25	5767.05
2713.03	5718.61
2711.81	5890.17
2710.6	5767.73
2709.38	5739.87
2708.16	5767.5
2706.95	5741.71
2705.73	5740.57
2704.51	5827.73
2703.29	5771.15
2702.08	5749.48
2700.86	5789.38
2699.64	5771.82
2698.42	5719.39
2697.2	5730.56
2695.98	5807.35
2694.76	5707.79
2693.54	5737.4
2692.32	5853.08
2691.1	5696.2
2689.88	5713.51
2688.66	5720.56
2687.44	5756.29
2686.22	5681.44
2685	5735.58
2683.78	5677.14
2682.56	5661.69
2681.33	5695.35
2680.11	5616.49
2678.89	5715.58
2677.67	5634.71
2676.44	5739.89
2675.22	5732.61
2674	5635.44
2672.77	5803.88
2671.55	5684.27
2670.33	5685.18
2669.1	5806.55
2667.88	5635.97
2666.65	5675.67
2665.43	5682.7
2664.2	5706.06
2662.97	5647.81
2661.75	5599.79
2660.52	5614.98
2659.3	5622.02
2658.07	5620.91
2656.84	5619.79
2655.62	5614.6
2654.39	5548.3
2653.16	5510.54
2651.93	5615.32
2650.7	5608.1
2649.48	5604.95
2648.25	5695.4
2647.02	5635.27
2645.79	5662.62
2644.56	5559.82
2643.33	5465.18
2642.1	5600.29
2640.87	5721.12
2639.64	5589.94
2638.41	5605.08
2637.18	5642.55
2635.95	5537.86
2634.72	5628.12
2633.48	5525.51
2632.25	5654.3
2631.02	5436.05
2629.79	5650.02
2628.56	5413.6
2627.32	5566.65
2626.09	5648.67
2624.86	5497.54
2623.62	5536.98
2622.39	5414.29
2621.16	5536.79
2619.92	5539.74
2618.69	5429.28
2617.45	5480.84
2616.22	5475.7
2614.98	5373.42
2613.75	5518.04
2612.51	5379.37
2611.27	5568.42
2610.04	5443.96
2608.8	5455
2607.57	5421.57
2606.33	5493.25
2605.09	5518.42
2603.85	5531.46
2602.62	5433.4
2601.38	5395.97
2600.14	5374.7
2598.9	5397.85
2597.66	5429.07
2596.42	5399.73
2595.18	5420.85
2593.94	5401.61
2592.71	5325.92
2591.47	5431.72
2590.23	5301.62
2588.98	5375.13
2587.74	5323.68
2586.5	5306.5
2585.26	5398.09
2584.02	5306.39
2582.78	5347.62
2581.54	5376.74
2580.29	5466.24
2579.05	5370.57
2577.81	5369.5
2576.57	5267.85
2575.32	5393.49
2574.08	5396.44
2572.84	5304.9
2571.59	5285.75
2570.35	5385.16
2569.1	5380.07
2567.86	5316.73
2566.61	5393.98
2565.37	5366.8
2564.12	5271.38
2562.88	5286.38
2561.63	5297.36
2560.39	5149.85
2559.14	5251.12
2557.89	5332.29
2556.65	5331.22
2555.4	5280.04
2554.15	5220.86
2552.9	5235.84
2551.66	5190.72
2550.41	5159.64
2549.16	5264.74
2547.91	5279.7
2546.66	5320.68
2545.41	5457.71
2544.16	5288.54
2542.91	5373.5
2541.66	5206.41
2540.41	5277.36
2539.16	5132.35
2537.91	5339.21
2536.66	5372.12
2535.41	5233.17
2534.16	5172.19
2532.91	5237.06
2531.66	5313.89
2530.4	5306.84
2529.15	5231.92
2527.9	5252.82
2526.65	5197.89
2525.39	5174.91
2524.14	5181.85
2522.89	5107.02
2521.63	5225.62
2520.38	5114.94
2519.12	5199.61
2517.87	5124.84
2516.61	5159.67
2515.36	5172.58
2514.1	5151.63
2512.85	5098.83
2511.59	5155.53
2510.33	5146.53
2509.08	5239.02
2507.82	5190.22
2506.56	4940.56
2505.31	5112.57
2504.05	5137.39
2502.79	5096.61
2501.53	5139.3
2500.28	5056.81
2499.02	5041.88
2497.76	5205.72
2496.5	5089.5
2495.24	5146.05
2493.98	5095.4
2492.72	4985.22
2491.46	4986.2
2490.2	5185.56
2488.94	5073.45
2487.68	5122
2486.42	5117.01
2485.16	5052.55
2483.9	5154.58
2482.63	5163.45
2481.37	5037.61
2480.11	5008.87
2478.85	5124.69
2477.59	4888.07
2476.32	5085.02
2475.06	4979.11
2473.8	5069.13
2472.53	5066.13
2471.27	5007.75
2470	4961.26
2468.74	5017.6
2467.47	5014.61
2466.21	4964.2
2464.94	5018.52
2463.68	5060.97
2462.41	5018.47
2461.15	4999.69
2459.88	4947.35
2458.61	5007.54
2457.35	4917.73
2456.08	4879.25
2454.81	4836.85
2453.54	4904.9
2452.28	5014.33
2451.01	4964.03
2449.74	4850.69
2448.47	4924.59
2447.2	5014.23
2445.93	4950.18
2444.66	4949.18
2443.39	4995.44
2442.12	4823.16
2440.85	4956.03
2439.58	4903.87
2438.31	5060.27
2437.04	4988.44
2435.77	4957.93
2434.5	5002.15
2433.23	4906.78
2431.96	4925.45
2430.68	4887.12
2429.41	5037.41
2428.14	4771.22
2426.87	4909.69
2425.59	4940.11
2424.32	4921.45
2423.04	4957.74
2421.77	4891.99
2420.5	4887.07
2419.22	4950.82
2417.95	5004.73
2416.67	4856.66
2415.4	4975.26
2414.12	4817.46
2412.85	4838.04
2411.57	4858.61
2410.29	4845.88
2409.02	4782.23
2407.74	4734.28
2406.46	4840.98
2405.18	4836.09
2403.91	4690.31
2402.63	4877.17
2401.35	4987.68
2400.07	4847.82
2398.79	4878.13
2397.52	4781.35
2396.24	4915.24
2394.96	4838.04
2393.68	4735.47
2392.4	4875.14
2391.12	4846.82
2389.84	4921.98
2388.56	4768.73
2387.27	4845.83
2385.99	4811.67
2384.71	4795.09
2383.43	4788.27
2382.15	4750.25
2380.87	4718.09
2379.58	4746.38
2378.3	4823.37
2377.02	4832.13
2375.73	4842.84
2374.45	4841.86
2373.17	4792.2
2371.88	4709.46
2370.6	4782.47
2369.31	4760.09
2368.03	4844.74
2366.74	4730.93
2365.46	4747.47
2364.17	4816.51
2362.89	4722.22
2361.6	4682.39
2360.31	4751.4
2359.03	4686.32
2357.74	4735.87
2356.45	4651.4
2355.17	4683.47
2353.88	4665.04
2352.59	4730.09
2351.3	4653.45
2350.01	4788.31
2348.72	4742.73
2347.43	4766.98
2346.15	4616.71
2344.86	4675.86
2343.57	4752.44
2342.28	4768.92
2340.99	4841.57
2339.69	4697.25
2338.4	4686.61
2337.11	4726.32
2335.82	4729.23
2334.53	4766.98
2333.24	4593.79
2331.95	4705.07
2330.65	4723.45
2329.36	4604.53
2328.07	4619.06
2326.77	4691.58
2325.48	4731.21
2324.19	4660.68
2322.89	4601.78
2321.6	4697.42
2320.3	4669.43
2319.01	4564.22
2317.71	4590.32
2316.42	4575.87
2315.12	4654.05
2313.83	4658.89
2312.53	4733.17
2311.23	4597.22
2309.94	4611.7
2308.64	4684.01
2307.34	4679.21
2306.05	4647.42
2304.75	4625.29
2303.45	4628.2
2302.15	4573.34
2300.85	4659.04
2299.55	4506.03
2298.25	4537.83
2296.96	4656.2
2295.66	4643.7
2294.36	4567.75
2293.06	4614.89
2291.76	4542.82
2290.45	4630.31
2289.15	4571.72
2287.85	4593.84
2286.55	4712
2285.25	4522.83
2283.95	4539.19
2282.65	4616.97
2281.34	4591.08
2280.04	4570.95
2278.74	4500.95
2277.43	4503.87
2276.13	4481.85
2274.83	4642
2273.52	4650.64
2272.22	4488.69
2270.91	4662.15
2269.61	4553.92
2268.3	4470.62
2267	4511.84
2265.69	4524.32
2264.39	4588.48
2263.08	4505.25
2261.77	4588.52
2260.47	4602.89
2259.16	4479.54
2257.85	4436.55
2256.54	4556.1
2255.24	4472.97
2253.93	4592.46
2252.62	4574.32
2251.31	4537.09
2250	4461.68
2248.69	4453.12
2247.38	4469.4
2246.07	4445.58
2244.76	4522.91
2243.45	4506.72
2242.14	4595.46
2240.83	4493.44
2239.52	4528.75
2238.21	4541.17
2236.9	4427.78
2235.59	4383.05
2234.27	4614.59
2232.96	4413.64
2231.65	4481.29
2230.34	4417.54
2229.02	4437.58
2227.71	4562.29
2226.4	4401.51
2225.08	4444.37
2223.77	4414.92
2222.45	4450.15
2221.14	4384.6
2219.82	4543.38
2218.51	4375.2
2217.19	4391.4
2215.88	4458.9
2214.56	4412.4
2213.24	4402
2211.93	4448.56
2210.61	4419.18
2209.29	4463.82
2207.97	4491.37
2206.66	4435.43
2205.34	4396.59
2204.02	4564.46
2202.7	4373.93
2201.38	4412.84
2200.06	4391.09
2198.74	4384.5
2197.42	4419.6
2196.1	4350.51
2194.78	4368.55
2193.46	4479.35
2192.14	4406.51
2190.82	4388.57
2189.5	4476.6
2188.18	4371.64
2186.86	4510.69
2185.54	4339.59
2184.21	4423.77
2182.89	4483.35
2181.57	4361.48
2180.24	4400.26
2178.92	4488.14
2177.6	4407.9
2176.27	4473.08
2174.95	4398.54
2173.62	4397.63
2172.3	4387.29
2170.97	4401.49
2169.65	4423.22
2168.32	4352.53
2167	4257.36
2165.67	4390.33
2164.34	4283.88
2163.02	4409.25
2161.69	4391.39
2160.36	4467.71
2159.04	4302.96
2157.71	4430.1
2156.38	4374.6
2155.05	4364.29
2153.72	4404.79
2152.39	4439.63
2151.06	4352.2
2149.74	4274.2
2148.41	4399.29
2147.08	4341.99
2145.75	4463.25
2144.41	4375.9
2143.08	4241.63
2141.75	4321.51
2140.42	4264.29
2139.09	4351.65
2137.76	4356.38
2136.43	4306.7
2135.09	4425.88
2133.76	4355.57
2132.43	4388.43
2131.09	4357.52
2129.76	4401.62
2128.43	4286.38
2127.09	4268.63
2125.76	4357.68
2124.42	4381.13
2123.09	4297.83
2121.75	4280.09
2120.42	4245.52
2119.08	4255.87
2117.75	4303.64
2116.41	4246.63
2115.07	4258.85
2113.74	4231.79
2112.4	4245.88
2111.06	4295.47
2109.72	4294.58
2108.38	4243.25
2107.05	4242.37
2105.71	4220.95
2104.37	4320.92
2103.03	4293.89
2101.69	4311.67
2100.35	4308.91
2099.01	4231.52
2097.67	4309
2096.33	4203.67
2094.99	4314.67
2093.65	4293.28
2092.31	4290.53
2090.97	4272.87
2089.62	4251.49
2088.28	4233.85
2086.94	4219.94
2085.6	4179.97
2084.25	4329.89
2082.91	4291.77
2081.57	4242.5
2080.22	4252.79
2078.88	4279.81
2077.53	4150.61
2076.19	4255.73
2074.84	4178.64
2073.5	4200.07
2072.15	4280.96
2070.81	4140.75
2069.46	4152.89
2068.12	4192.89
2066.77	4216.15
2065.42	4241.27
2064.08	4138.32
2062.73	4102.21
2061.38	4210.81
2060.03	4260.01
2058.68	4097.81
2057.34	4239.71
2055.99	4159.13
2054.64	4243.51
2053.29	4099.98
2051.94	4126.91
2050.59	4157.54
2049.24	4197.41
2047.89	4159.52
2046.54	4212.33
2045.19	4220.71
2043.83	4162.49
2042.48	4220.81
2041.13	4249.52
2039.78	4213.51
2038.43	4105.43
2037.07	4154.48
2035.72	4221.98
2034.37	4200.78
2033.01	4135.27
2031.66	4045.78
2030.31	4153.86
2028.95	4156.69
2027.6	4203.81
2026.24	4219.54
2024.89	4143.04
2023.53	4201.2
2022.17	4132.1
2020.82	4232.63
2019.46	4196.74
2018.11	4230.88
2016.75	4220.79
2015.39	4089.13
2014.03	4084.6
2012.68	4118.73
2011.32	4018.48
2009.96	4170.4
2008.6	4178.73
2007.24	4137.39
2005.88	4112.62
2004.52	4205.55
2003.16	4186.29
2001.8	4080.65
2000.44	4079.8
1999.08	4084.46
1997.72	4214.04
1996.36	4163.58
1995	4177.4
1993.64	4112.28
1992.27	4104.08
1990.91	4095.89
1989.55	4126.22
1988.19	4193.24
1986.82	4109.84
1985.46	4198.82
1984.1	4069.63
1982.73	4101.77
1981.37	4135.74
1980	4202.66
1978.64	4027.78
1977.27	4144.14
1975.91	4113.98
1974.54	4151.57
1973.18	4086.65
1971.81	4182.78
1970.44	4148.98
1969.08	4085.93
1967.71	4110.68
1966.34	4107.99
1964.97	4244.22
1963.61	4088.01
1962.24	4065.23
1960.87	4142.93
1959.5	4131.11
1958.13	4230.67
1956.76	4149.47
1955.39	4035.44
1954.02	4153.21
1952.65	4183.36
1951.28	3978.2
1949.91	4035.73
1948.54	4100.52
1947.17	4103.31
1945.8	4180.82
1944.42	4245.55
1943.05	4060.67
1941.68	4041.61
1940.31	4124.53
1938.93	4178.28
1937.56	4108.24
1936.19	4132.86
1934.81	4104.71
1933.44	4020.18
1932.06	4084.81
1930.69	4054.86
1929.31	4054.02
1927.94	4144.05
1926.56	4134.1
1925.18	4100.53
1923.81	4088.78
1922.43	3988.04
1921.05	4097.96
1919.68	4158.83
1918.3	4016.39
1916.92	4115.35
1915.54	4041.93
1914.17	4053.78
1912.79	4009.41
1911.41	4120.98
1910.03	4123.74
1908.65	4023.21
1907.27	4074.91
1905.89	4036.02
1904.51	4094.94
1903.13	4155.65
1901.75	4096.85
1900.37	4199.16
1898.99	4078.85
1897.6	4065.33
1896.22	4107.89
1894.84	4052.78
1893.46	4084.47
1892.07	4031.19
1890.69	4024.93
1889.31	4056.61
1887.92	4041.31
1886.54	3970.02
1885.15	4036
1883.77	4089.32
1882.38	4066.81
1881	4093.02
1879.61	4074.12
1878.23	4156.25
1876.84	4083.24
1875.46	4062.55
1874.07	4137.41
1872.68	4033.81
1871.29	4076.21
1869.91	3945.64
1868.52	4115.93
1867.13	4048.44
1865.74	3988.17
1864.35	4071.94
1862.96	4074.69
1861.57	4030.65
1860.19	4029.8
1858.8	4025.36
1857.4	4033.5
1856.01	4045.24
1854.62	4017.43
1853.23	4063.31
1851.84	4015.75
1850.45	4059.81
1849.06	4067.94
1847.67	4101.2
1846.27	3963.9
1844.88	4002.56
1843.49	4048.37
1842.09	3964.99
1840.7	4007.21
1839.31	4126.52
1837.91	3969.67
1836.52	4106.87
1835.12	3969.79
1833.73	3979.71
1832.33	3953.79
1830.93	4017.44
1829.54	3986.15
1828.14	4080.21
1826.75	4002.38
1825.35	4055.22
1823.95	4057.95
1822.55	4103.61
1821.16	4045.51
1819.76	3982.08
1818.36	4156.44
1816.96	4057.26
1815.56	4045.68
1814.16	3966.22
1812.76	3988.61
1811.36	4055.63
1809.96	3958.36
1808.56	3996.8
1807.16	3994.18
1805.76	3970.14
1804.36	4033.53
1802.96	3991.65
1801.56	4092.46
1800.15	4059.5
1798.75	4060.43
1797.35	3954.43
1795.94	3998.14
1794.54	3974.14
1793.14	4026.73
1791.73	3887
1790.33	3928.91
1788.92	4043.77
1787.52	4001.99
1786.11	4022.49
1784.71	4018.09
1783.3	3997.68
1781.9	3996.84
1780.49	3942.67
1779.08	4039.58
1777.68	3980.09
1776.27	4048.54
1774.86	3996.18
1773.45	4032.62
1772.05	4021.12
1770.64	4080.62
1769.23	3951.99
1767.82	4020.35
1766.41	4017.73
1765	4000.92
1763.59	4023.12
1762.18	3931.86
1760.77	4016.11
1759.36	4018.8
1757.95	4042.76
1756.54	3923.23
1755.12	3982.61
1753.71	4045.51
1752.3	3954.38
1750.89	4082.73
1749.47	3926.17
1748.06	4081.01
1746.65	3959.88
1745.23	4061.6
1743.82	3998.87
1742.4	3952.07
1740.99	3953
1739.58	3978.66
1738.16	4027.28
1736.74	3952.26
1735.33	3974.37
1733.91	4015.9
1732.5	3983.28
1731.08	3857.16
1729.66	4022.17
1728.24	3941.95
1726.83	3946.41
1725.41	3906.79
1723.99	4002.9
1722.57	3947.43
1721.15	3980.07
1719.73	3970.42
1718.31	3974.86
1716.89	3938.8
1715.47	3902.76
1714.05	3963.53
1712.63	3857.12
1711.21	3903.8
1709.79	3953.98
1708.37	3935.56
1706.95	3938.24
1705.52	4051.66
1704.1	3924.27
1702.68	3949.79
1701.26	3929.63
1699.83	3992.03
1698.41	3961.33
1696.98	3946.45
1695.56	4015.81
1694.14	4046.55
1692.71	3905.34
1691.28	3939.59
1689.86	3908.94
1688.43	3939.67
1687.01	3924.81
1685.58	3922.23
1684.15	3910.88
1682.73	3987.13
1681.3	3900.47
1679.87	3992.44
1678.44	3897.06
1677.02	3927.74
1675.59	3974.15
1674.16	3961.06
1672.73	4003.95
1671.3	3878.93
1669.87	3956.79
1668.44	3866.8
1667.01	4007.54
1665.58	3917.57
1664.15	3855.6
1662.72	3914.16
1661.28	3911.58
1659.85	3919.48
1658.42	3861.05
1656.99	3930.03
1655.55	3894.3
1654.12	3867.31
1652.69	3941.48
1651.25	3904.02
1649.82	3824.75
1648.39	3834.39
1646.95	3960.78
1645.52	3956.45
1644.08	3919.03
1642.64	3979.15
1641.21	3952.19
1639.77	3874.76
1638.34	3903.52
1636.9	3989.68
1635.46	3990.57
1634.02	3852.33
1632.59	3910.63
1631.15	4005.41
1629.71	3874.2
1628.27	4022.82
1626.83	3968.1
1625.39	3927.31
1623.95	3888.27
1622.51	3911.74
1621.07	3900.5
1619.63	3833.72
1618.19	3961.3
1616.75	3885.86
1615.31	3996.03
1613.87	3844.32
1612.43	3961.39
1610.98	3925.88
1609.54	3897.31
1608.1	3865.3
1606.66	3802.12
1605.21	3882.7
1603.77	3939.01
1602.32	3898.35
1600.88	3944.25
1599.43	3843.05
1597.99	3963.33
1596.54	3805.09
1595.1	3913.22
1593.65	3865.7
1592.21	3902.9
1590.76	3862.32
1589.31	3932.34
1587.86	3924.59
1586.42	3892.66
1584.97	3972.98
1583.52	3847.84
1582.07	3926.41
1580.62	3808.24
1579.17	3821.23
1577.72	3873.88
1576.28	3871.33
1574.83	3842.91
1573.37	3945.51
1571.92	3851.61
1570.47	3926.6
1569.02	3803.45
1567.57	3911.14
1566.12	3874.15
1564.67	3904.3
1563.21	3917.24
1561.76	3770.14
1560.31	3810.62
1558.85	3835.6
1557.4	3752.24
1555.95	3935.4
1554.49	3721.41
1553.04	3775.61
1551.58	3843.53
1550.13	3816.94
1548.67	3864.21
1547.21	3873.69
1545.76	3747.54
1544.3	3810.24
1542.84	3778.54
1541.39	3796.6
1539.93	3797.5
1538.47	3896.15
1537.01	3878.17
1535.56	3877.34
1534.1	3783.96
1532.64	3774.59
1531.18	3864.57
1529.72	3791.81
1528.26	3876.61
1526.8	3771.35
1525.34	3893.77
1523.88	3747.49
1522.42	3779.19
1520.95	3783.51
1519.49	3777.57
1518.03	3699.82
1516.57	3823.81
1515.1	3787.1
1513.64	3825.59
1512.18	3853.81
1510.71	3760.75
1509.25	3853.86
1507.79	3829.13
1506.32	3782.23
1504.86	3861.62
1503.39	3789.13
1501.92	3820.73
1500.46	3763.63
1498.99	3767.94
1497.53	3792.7
1496.06	3861.76
1494.59	3775.73
1493.12	3745.96
1491.66	3787.74
1490.19	3822.68
1488.72	3752.06
1487.25	3671.26
1485.78	3813.41
1484.31	3833.01
1482.84	3784.56
1481.37	3680.01
1479.9	3743.82
1478.43	3659.73
1476.96	3733.72
1475.49	3829.76
1474.02	3834.03
1472.54	3707.53
1471.07	3828.99
1469.6	3855.33
1468.13	3801.88
1466.65	3795.97
1465.18	3725.6
1463.71	3789.25
1462.23	3781.65
1460.76	3721.5
1459.28	3819.01
1457.81	3838.52
1456.33	3766.53
1454.86	3792.83
1453.38	3664.99
1451.9	3896.18
1450.43	3792.07
1448.95	3806.49
1447.47	3761.67
1445.99	3816.69
1444.52	3814.17
1443.04	3725.42
1441.56	3885.23
1440.08	3811.71
1438.6	3756.81
1437.12	3862.44
1435.64	3750.12
1434.16	3754.38
1432.68	3927.48
1431.2	3887.81
1429.72	3832.96
1428.24	3955.32
1426.75	3866.74
1425.27	3872.65
1423.79	3957.82
1422.31	3859.17
1420.82	3972.96
1419.34	3967.05
1417.86	4107.72
1416.37	3968.71
1414.89	4062.16
1413.4	4007.4
1411.92	3959.4
1410.43	3926.57
1408.95	4110.82
1407.46	3919.82
1405.97	4077.08
1404.49	4116.56
1403	3972.77
1401.51	3946.69
1400.03	4028.19
1398.54	4030.68
1397.05	3923.98
1395.56	3815.65
1394.07	3984.41
1392.58	4008.72
1391.09	3898.77
1389.6	4000.28
1388.11	3895.4
1386.62	3980.1
1385.13	3893.72
1383.64	3939.82
1382.15	3818.28
1380.66	3854.32
1379.17	3881.97
1377.67	3944.78
1376.18	3969.05
1374.69	3906.24
1373.19	3866.89
1371.7	3899.53
1370.21	3883.62
1368.71	3929.62
1367.22	3784.93
1365.72	3767.39
1364.23	3860.2
1362.73	3804.2
1361.23	3841.81
1359.74	3810.91
1358.24	3678.12
1356.74	3871.05
1355.25	3811.77
1353.75	3735.83
1352.25	3748.37
1350.75	3704.17
1349.25	3730.06
1347.76	3832.66
1346.26	3651.74
1344.76	3744.31
1343.26	3725.16
1341.76	3726.02
1340.26	3786.85
1338.75	3726.07
1337.25	3798.53
1335.75	3771.07
1334.25	3726.97
1332.75	3682.89
1331.25	3697.07
1329.74	3634.72
1328.24	3620.62
1326.74	3721.26
1325.23	3655.62
1323.73	3653.17
1322.22	3750.41
1320.72	3674.84
1319.21	3737.15
1317.71	3723.06
1316.2	3647.54
1314.7	3696.54
1313.19	3634.34
1311.68	3704.89
1310.18	3732.28
1308.67	3693.33
1307.16	3646.1
1305.65	3695.04
1304.14	3666.06
1302.63	3670.23
1301.13	3719.13
1299.62	3683.54
1298.11	3699.3
1296.6	3642.21
1295.09	3618.24
1293.58	3637.31
1292.06	3724.21
1290.55	3652.27
1289.04	3704.4
1287.53	3687.06
1286.02	3623.44
1284.5	3535.06
1282.99	3722.65
1281.48	3644.2
1279.96	3721.03
1278.45	3707.01
1276.94	3592.29
1275.42	3626.17
1273.91	3663.33
1272.39	3627.89
1270.87	3656.79
1269.36	3623.01
1267.84	3605.73
1266.33	3665.94
1264.81	3609.1
1263.29	3598.43
1261.77	3505.4
1260.26	3591.92
1258.74	3708.04
1257.22	3610.11
1255.7	3650.47
1254.18	3590.43
1252.66	3676.84
1251.14	3621.76
1249.62	3681.81
1248.1	3519.9
1246.58	3583.23
1245.06	3751.71
1243.54	3453.51
1242.01	3590.74
1240.49	3588.31
1238.97	3543.2
1237.45	3583.46
1235.92	3590.89
1234.4	3581.9
1232.88	3600.8
1231.35	3532.77
1229.83	3520.52
1228.3	3559.1
1226.78	3610.77
1225.25	3500.19
1223.72	3540.38
1222.2	3546.16
1220.67	3474.97
1219.14	3564.25
1217.62	3570.02
1216.09	3660.89
1214.56	3540.65
1213.03	3528.42
1211.5	3553.82
1209.98	3517.07
1208.45	3558.8
1206.92	3520.43
1205.39	3540.9
1203.86	3527.06
1202.33	3560.59
1200.79	3505.92
1199.26	3528.01
1197.73	3475
1196.2	3497.09
1194.67	3388.64
1193.13	3542.86
1191.6	3537.19
1190.07	3472.83
1188.53	3553.57
1187	3529.98
1185.47	3407
1183.93	3543.09
1182.4	3561.86
1180.86	3500.83
1179.33	3477.27
1177.79	3470
1176.25	3537.58
1174.72	3476.61
1173.18	3464.47
1171.64	3501.11
1170.1	3511.72
1168.57	3471.94
1167.03	3438.68
1165.49	3476.92
1163.95	3494.02
1162.41	3541.97
1160.87	3458.39
1159.33	3366.73
1157.79	3435.77
1156.25	3439.89
1154.71	3419.67
1153.17	3384.86
1151.63	3406.81
1150.08	3461.19
1148.54	3496.08
1147	3464.53
1145.46	3463.77
1143.91	3365.82
1142.37	3327.83
1140.82	3365.96
1139.28	3433.2
1137.73	3474.53
1136.19	3483.47
1134.64	3432.56
1133.1	3376.82
1131.55	3401.95
1130.01	3407.66
1128.46	3389.14
1126.91	3399.7
1125.36	3400.57
1123.82	3399.82
1122.27	3349.02
1120.72	3409.63
1119.17	3339.47
1117.62	3369.4
1116.07	3425.12
1114.52	3393.72
1112.97	3373.62
1111.42	3387.39
1109.87	3352.79
1108.32	3263.42
1106.77	3385.15
1105.22	3299.03
1103.66	3357.89
1102.11	3313.68
1100.56	3398.27
1099	3366.94
1097.45	3366.2
1095.9	3305.94
1094.34	3327.72
1092.79	3381.66
1091.23	3403.42
1089.68	3356.06
1088.12	3369.79
1086.56	3373.86
1085.01	3413.27
1083.45	3276.02
1081.89	3233.55
1080.34	3289.02
1078.78	3249.78
1077.22	3314.85
1075.66	3387.91
1074.1	3359.89
1072.54	3373.58
1070.98	3294.29
1069.43	3381.71
1067.86	3304.05
1066.3	3317.74
1064.74	3347.44
1063.18	3378.72
1061.62	3301.13
1060.06	3279.6
1058.5	3389.29
1056.93	3359.74
1055.37	3426.18
1053.81	3326.27
1052.24	3290.36
1050.68	3257.67
1049.12	3309.69
1047.55	3334.52
1045.99	3367.33
1044.42	3251.59
1042.85	3278.02
1041.29	3309.22
1039.72	3263.8
1038.16	3258.29
1036.59	3307.03
1035.02	3342.98
1033.45	3353.4
1031.88	3351.06
1030.32	3243.53
1028.75	3252.38
1027.18	3323.35
1025.61	3257.31
1024.04	3331.43
1022.47	3155.56
1020.9	3364.98
1019.33	3330.81
1017.76	3279.16
1016.18	3364.33
1014.61	3317.47
1013.04	3218.15
1011.47	3287.38
1009.89	3253.28
1008.32	3319.3
1006.75	3199.42
1005.17	3206.65
1003.6	3283.74
1002.02	3286.19
1000.45	3261.65
998.873	3257.76
997.297	3271.31
995.721	3359.41
994.145	3196.92
992.568	3212.06
990.991	3211.35
989.413	3228.07
987.835	3297.06
986.257	3198.12
984.678	3278.18
983.099	3261.62
981.52	3308.39
979.94	3250.68
978.36	3192.99
976.78	3206.52
975.199	3235.86
973.618	3288.9
972.037	3248.65
970.455	3303.25
968.873	3188.74
967.29	3285.98
965.707	3277.35
964.124	3281.36
962.541	3263.27
960.957	3297.27
959.373	3216.05
957.788	3306.85
956.203	3190.96
954.618	3213.91
953.032	3230.54
951.446	3177.8
949.86	3221.22
948.273	3206.32
946.686	3237.12
945.099	3274.19
943.511	3268.74
941.923	3217.64
940.334	3227.94
938.745	3271.28
937.156	3179.31
935.567	3241.51
933.977	3267.52
932.387	3265.22
930.796	3178.05
929.205	3241.77
927.614	3192.35
926.022	3229.33
924.43	3264.73
922.838	3242.02
921.245	3252.29
919.652	3240.58
918.058	3210.05
916.465	3248.55
914.87	3105.11
913.276	3245.53
911.681	3301.24
910.086	3203.34
908.49	3271.56
906.894	3239.5
905.298	3249.74
903.701	3286.6
902.104	3284.3
900.507	3144.27
898.909	3223.37
897.311	3282.1
895.713	3204.73
894.114	3164.92
892.515	3295.54
890.916	3304.18
889.316	3201.87
887.715	3173.03
886.115	3278.54
884.514	3277.81
882.913	3241.17
881.311	3240.44
879.709	3333.35
878.107	3215.59
876.504	3241.39
874.901	3250.02
873.298	3278.92
871.694	3175.31
870.09	3218.23
868.485	3251.79
866.88	3277.55
865.275	3261.24
863.669	3182.66
862.064	3189.73
860.457	3287.07
858.851	3247.43
857.244	3301.16
855.636	3387.52
854.028	3344.77
852.42	3219.65
850.812	3254.68
849.203	3208.89
847.594	3220.6
845.984	3222.98
844.375	3287.49
842.764	3355.06
841.154	3310.85
839.543	3212.34
837.931	3182.14
836.32	3319.48
834.708	3262.91
833.095	3235.82
831.482	3214.94
829.869	3229.72
828.256	3303.37
826.642	3218.98
825.028	3300.34
823.413	3315.08
821.798	3336.01
820.183	3312.05
818.567	3263.34
816.951	3257.97
815.335	3343.85
813.718	3262.69
812.101	3263.51
810.483	3312.23
808.865	3362.48
807.247	3242.77
805.629	3260.58
804.01	3284.55
802.39	3266.83
800.771	3347.91
799.151	3359.5
797.53	3247.66
795.91	3398.1
794.288	3351.07
792.667	3297.9
791.045	3327.98
789.423	3325.7
787.8	3314.16
786.177	3304.18
784.554	3351.18
782.93	3299.61
781.306	3329.66
779.682	3318.14
778.057	3306.62
776.432	3427.4
774.807	3268.22
773.181	3355.13
771.554	3355.92
769.928	3336.72
768.301	3375.92
766.674	3281.45
765.046	3426.62
763.418	3398.21
761.789	3342.18
760.161	3338.35
758.531	3342.21
756.902	3350.66
755.272	3357.57
753.642	3412.02
752.011	3395.92
750.38	3462.6
748.749	3294.79
747.117	3415.08
745.485	3377.55
743.852	3430.39
742.22	3342.34
740.586	3398.23
738.953	3342.37
737.319	3353.86
735.685	3336.27
734.05	3463.99
732.415	3412.75
730.779	3337.07
729.144	3438.72
727.507	3402.8
725.871	3368.43
724.234	3373.77
722.597	3356.22
720.959	3375.31
719.321	3366.91
717.683	3392.09
716.044	3409.64
714.405	3337.18
712.765	3336.43
711.126	3303.66
709.485	3345.59
707.845	3312.83
706.204	3309.04
704.563	3341.8
702.921	3369.98
701.279	3378.35
699.636	3295.4
697.993	3285.52
696.35	3380.63
694.707	3337.27
693.063	3339.56
691.419	3475.64
689.774	3407.98
688.129	3387.45
686.483	3290.96
684.838	3275.03
683.191	3412.49
681.545	3253.81
679.898	3382.1
678.251	3429.9
676.603	3301.67
674.955	3358.57
673.307	3391.18
671.658	3404.06
670.009	3388.13
668.359	3387.36
666.709	3397.2
665.059	3429.76
663.408	3380.52
661.757	3358.55
660.106	3410.78
658.454	3320.71
656.802	3478.84
655.15	3373.66
653.497	3359.29
651.844	3426.57
650.19	3421.26
648.536	3388.75
646.881	3495.27
645.227	3332.82
643.572	3474.05
641.916	3402.29
640.26	3316.97
638.604	3372.06
636.947	3452.79
635.29	3367.52
633.633	3353.18
631.975	3457.98
630.317	3452.67
628.659	3375.01
627	3396.85
625.34	3335.82
623.681	3460.09
622.021	3438.22
620.36	3440.45
618.7	3353.86
617.038	3431.36
615.377	3430.58
613.715	3414.76
612.053	3451.58
610.39	3332.01
608.727	3466.55
607.064	3407.15
605.4	3442.44
603.736	3441.65
602.071	3428.86
600.406	3515.17
598.741	3497.86
597.075	3477.55
595.409	3460.25
593.743	3471.47
592.076	3505.18
590.409	3523.87
588.741	3431.62
587.073	3409.86
585.405	3461.53
583.736	3520.67
582.067	3477.93
580.397	3477.14
578.728	3383.52
577.057	3469.57
575.387	3522.65
573.716	3438.06
572.044	3492.63
570.373	3508.28
568.7	3453.66
567.028	3479.78
565.355	3422.2
563.682	3476.7
562.008	3444.54
560.334	3503.49
558.66	3513.14
556.985	3546.67
555.31	3513.03
553.634	3515.22
551.958	3498.01
550.282	3516.6
548.605	3484.48
546.928	3553.75
545.25	3538.04
543.573	3572.99
541.894	3461.94
540.216	3495.4
538.537	3543.74
536.857	3490.83
535.178	3490.04
533.497	3517.51
531.817	3464.64
530.136	3469.8
528.455	3464.55
526.773	3535.11
525.091	3477.83
523.408	3475.55
521.725	3554.98
520.042	3505.15
518.359	3568.2
516.675	3533.24
514.99	3483.45
513.305	3479.69
511.62	3530.82
509.935	3488.48
508.249	3618.18
506.562	3543.22
504.876	3499.43
503.189	3540.12
501.501	3570.42
499.813	3514.8
498.125	3585.08
496.436	3486.55
494.747	3602.68
493.058	3585.58
491.368	3547.77
489.678	3502.59
487.987	3565.37
486.297	3585.26
484.605	3587.39
482.913	3636.82
481.221	3550.29
479.529	3543.57
477.836	3688.96
476.143	3490.27
474.449	3579.51
472.755	3624.44
471.061	3592.63
469.366	3568.21
467.67	3629.33
465.975	3573.94
464.279	3527.43
462.582	3572.3
460.886	3562.65
459.189	3635.48
457.491	3608.14
455.793	3594.06
454.095	3593.24
452.396	3614.49
450.697	3631.31
448.997	3570.17
447.298	3628.18
445.597	3634.7
443.897	3622.1
442.196	3699.16
440.494	3665.99
438.792	3656.34
437.09	3651.09
435.387	3663.47
433.684	3656.75
431.981	3547.31
430.277	3618.39
428.573	3701.18
426.868	3663.66
425.163	3557.25
423.458	3497.79
421.752	3583.46
420.046	3606.08
418.34	3621.37
416.633	3657.15
414.925	3672.42
413.218	3620.33
411.51	3667.8
409.801	3659.64
408.092	3679.28
406.383	3788.13
404.673	3687.82
402.963	3701.59
401.253	3744.59
399.542	3618.06
397.831	3794
396.119	3712.8
394.407	3703.18
392.694	3744.66
390.982	3631.42
389.268	3669.98
387.555	3689.56
385.841	3693.08
384.126	3719.94
382.411	3736.58
380.696	3689.08
378.981	3673.65
377.265	3690.29
375.548	3669.05
373.832	3733.73
372.114	3753.25
370.397	3718.91
368.679	3790.81
366.96	3760.84
365.242	3722.16
363.523	3798.37
361.803	3768.42
360.083	3821.33
358.363	3795.75
356.642	3825.38
354.921	3746.06
353.199	3871.54
351.477	3729.81
349.755	3789.92
348.032	3713.58
346.309	3847.65
344.586	3833.71
342.862	3950.29
341.137	3805.84
339.413	3768.73
337.688	3770.75
335.962	3804.66
334.236	3828.4
332.51	3839.1
330.783	3829.53
329.056	3689.68
327.328	3868.28
325.601	3868.83
323.872	3941.71
322.144	3836.68
320.414	3874.83
318.685	3894.17
316.955	3932.29
315.225	3890.92
313.494	3794.68
311.763	3871.79
310.031	3895.44
308.299	3884.44
306.567	3938.38
304.834	3832.14
303.101	3914.92
301.368	3950.06
299.634	3924.64
297.9	3925.17
296.165	3924.26
294.43	3921.91
292.694	3935.41
290.958	3917.22
289.222	3887.51
287.485	3984.5
285.748	3934.64
284.011	3900.64
282.273	3899.74
280.534	3910.34
278.795	3923.81
277.056	4013.46
275.317	3907.62
273.577	4027.41
271.836	3858.4
270.096	3976.71
268.355	3984.4
266.613	3862.9
264.871	3943.81
263.129	3911.32
261.386	3934.8
259.643	3946.8
257.899	3945.88
256.155	3957.87
254.411	3994.21
252.666	3976.09
250.921	3884.92
249.175	3971.38
247.429	3858.78
245.683	3893.67
243.936	3978.63
242.189	3906.17
240.441	3916.7
238.693	3995.88
236.944	3922.03
235.196	3966.87
233.446	3967.37
231.697	4087.9
229.947	3988.38
228.196	3920.33
226.445	4049.36
224.694	4017.01
222.942	4064.6
221.19	4003.73
219.437	4029.9
217.685	4006.14
215.931	3979.54
214.177	3957.24
212.423	4038.98
210.669	4073.66
208.914	3990.09
207.158	4057.52
205.403	4002.47
203.646	4054.21
201.89	3943.68
200.133	4018.17
