1000.66	15124.5
999.081	14965.8
997.505	15124.3
995.929	15233.6
994.352	14963.8
992.775	15263.3
991.198	14949.2
989.621	14941.1
988.043	15061.4
986.465	14955.1
984.886	15015.1
983.307	15059.3
981.728	14932.5
980.148	15074.8
978.568	14796.1
976.988	14789.7
975.407	14960.4
973.826	14715.1
972.245	14900
970.663	14673.8
969.081	14833.3
967.499	14728.9
965.916	14728.8
964.333	14872.4
962.749	14720.7
961.165	14651.1
959.581	14797.8
957.997	14671.4
956.412	14819.6
954.827	14691.7
953.241	14797.2
951.655	14773.4
950.069	14611
948.482	14784.2
946.895	14859.7
945.308	14621.7
943.72	14612.1
942.132	14686
940.543	14788.2
938.955	14851
937.365	14540.9
935.776	14649.4
934.186	14773.5
932.596	14664.9
931.005	14586.1
929.414	14707
927.823	14403.7
926.232	14585.8
924.64	14510.3
923.047	14585.6
921.455	14365.7
919.862	14433.2
918.268	14538.2
916.674	14605.6
915.08	14481.5
913.486	14442.2
911.891	14401.4
910.296	14454.6
908.7	14426.3
907.105	14506.1
905.508	14528
903.912	14385.4
902.315	14429.1
900.717	14491.6
899.12	14726.2
897.522	14446.1
895.923	14575.8
894.325	14463.1
892.726	14481.7
891.126	14506.6
889.526	14490.9
887.926	14626.7
886.326	14334.5
884.725	14565.5
883.124	14593.5
881.522	14520
879.92	14526.1
878.318	14298.2
876.715	14557
875.112	14301.1
873.509	14433.6
871.905	14668.9
870.301	14424
868.696	14561
867.092	14598.3
865.486	14375.4
863.881	14481.2
862.275	14504.4
860.669	14554.1
859.062	14457.5
857.455	14594.3
855.848	14595.7
854.24	14687.3
852.632	14500.5
851.024	14388.5
849.415	14607.5
847.806	14610.4
846.196	14633.6
844.587	14552.6
842.976	14715.5
841.366	14586.5
839.755	14806.7
838.144	14524.1
836.532	14744.2
834.92	14540.8
833.308	14723.7
831.695	14802.5
830.082	14543.5
828.468	14563.5
826.854	14628.4
825.24	14594.1
823.626	14878.8
822.011	14702.1
820.396	14636.9
818.78	14633.6
817.164	14803.6
815.548	14764.7
813.931	14660.9
812.314	14670
810.696	14696.1
809.079	14596.9
807.46	14738.9
805.842	14763.4
804.223	14897.5
802.604	14744.4
800.984	14537.4
799.364	14588.1
797.744	14591
796.123	14549.2
794.502	14505.8
792.881	14587.3
791.259	14687.3
789.637	14460.6
788.014	14680.7
786.391	14620.5
784.768	14674.2
783.144	14507.6
781.52	14499.8
779.896	14511.9
778.271	14471.7
776.646	14360.8
775.021	14482.1
773.395	14425
771.769	14305
770.142	14380.1
768.515	14441.4
766.888	14250.8
765.26	14264.4
763.632	14416.3
762.004	14222.7
760.375	14409.8
758.746	14371.3
757.116	14242.3
755.487	14122.5
753.856	14128.5
752.226	14246.4
750.595	14129.8
748.964	14281.4
747.332	14259.8
745.7	14088.1
744.067	14146.2
742.435	14179.7
740.801	14328.1
739.168	14179.5
737.534	14203.8
735.9	14047.6
734.265	14035.3
732.63	13984.7
730.995	14116.1
729.359	13973.8
727.723	14096
726.086	14039.3
724.45	13927.7
722.812	14216.2
721.175	14103.1
719.537	14058.7
717.899	14115.1
716.26	13989.8
714.621	14047.7
712.981	14146.7
711.342	13969.7
709.701	14070.2
708.061	13870.4
706.42	13945
704.779	13914.4
703.137	13832.1
701.495	13927.9
699.853	14096.8
698.21	13866.9
696.567	13894.2
694.923	13796.7
693.279	14018.7
691.635	13822.4
689.99	14032.1
688.345	13901.3
686.7	14036.4
685.054	13920.8
683.408	13850.8
681.762	13979.8
680.115	13941.7
678.468	13730.6
676.82	13908.1
675.172	13927.7
673.524	13777.4
671.875	13810.7
670.226	13662.1
668.576	13915.1
666.927	13943.8
665.276	13899.7
663.626	13825.4
661.975	13661.7
660.324	13805.5
658.672	13909.8
657.02	13775
655.367	13787
653.714	13729.5
652.061	13800.5
650.408	13842.7
648.754	13898.5
647.099	13854.6
645.445	13674.6
643.79	13674.6
642.134	13518.9
640.478	13743.9
638.822	13772.4
637.166	13639.5
635.509	13621.3
633.851	13782.7
632.194	13628.7
630.535	13710.1
628.877	13636.1
627.218	13578.8
625.559	13516.9
623.899	13739.8
622.239	13616.2
620.579	13581.5
618.918	13623.6
617.257	13614.5
615.596	13582.8
613.934	13545.1
612.272	13522.5
610.609	13573.5
608.946	13418.6
607.283	13484.7
605.619	13800.2
603.955	13516.1
602.29	13441
600.625	13516
598.96	13491.9
597.295	13517.4
595.629	13610.3
593.962	13826.3
592.295	13463.2
590.628	13527.6
588.961	13593.5
587.293	13452.5
585.624	13657.7
583.956	13734
582.287	13398.4
580.617	13423.8
578.948	13506
577.277	13435.6
575.607	13317.3
573.936	13472.9
572.265	13413
570.593	13414.4
568.921	13520.5
567.248	13568.2
565.575	13462
563.902	13397.7
562.229	13493.3
560.555	13488.7
558.88	13609.5
557.205	13501.9
555.53	13454.1
553.855	13404.8
552.179	13609.1
550.503	13535.9
548.826	13513.4
547.149	13370.2
545.471	13356.7
543.794	13532.5
542.115	13444.5
540.437	13483.1
538.758	13274.5
537.078	13317.7
535.399	13332.5
533.719	13458.9
532.038	13382.9
530.357	13439.4
528.676	13394.7
526.994	13293.5
525.312	13239.9
523.63	13382.5
521.947	13400.3
520.264	13394.2
518.58	13392.7
516.896	13426.7
515.212	13339
513.527	13189.1
511.842	13269.2
510.157	13469.3
508.471	13260.1
506.785	13174.1
505.098	13280.7
503.411	13337
501.723	13431.7
500.036	13293.9
498.347	13151.6
496.659	13312.9
494.97	13292.1
493.281	13170.7
491.591	13164.7
489.901	13266.7
488.21	13231.2
486.519	13049.3
484.828	13262.1
483.136	13179.2
481.444	13133.4
479.752	13066.8
478.059	13179
476.366	13303
474.672	13295.5
472.978	13108
471.284	13234.8
469.589	13124.1
467.894	13165.4
466.198	13134.3
464.502	13085.6
462.806	13011.9
461.109	13089.9
459.412	13066.3
457.715	12997.1
456.017	13108.9
454.318	13030.8
452.62	13055.8
450.921	13142.6
449.221	13099.8
447.521	13051.2
445.821	12977.7
444.121	13024.7
442.42	13118.7
440.718	13048.1
439.016	12873.2
437.314	13053.8
435.612	13031.8
433.909	13077.2
432.205	13003.8
430.502	12958.2
428.797	12931.8
427.093	12933.2
425.388	13082.7
423.683	13048.9
421.977	12918.4
420.271	12849.5
418.564	13157.2
416.858	12935.9
415.15	13009.1
413.443	12990
411.735	12881.6
410.026	12941.6
408.317	12960.5
406.608	13162.3
404.898	12989.7
403.188	12855.1
401.478	13055.3
399.767	13023.1
398.056	13128.2
396.344	13129.6
394.632	13075.4
392.92	12993.6
391.207	12989.1
389.494	12987.6
387.78	13021.1
386.066	13112.9
384.352	13035.5
382.637	13013.5
380.922	13117
379.207	13176.6
377.491	13106.5
375.774	13172
374.058	13104.9
372.341	13285.3
370.623	13190.5
368.905	13271.9
367.187	13196.1
365.468	13277.4
363.749	13338.3
362.029	13054.7
360.31	13181
358.589	13381.4
356.869	13336.2
355.147	13398.5
353.426	13357.6
351.704	13335.7
349.982	13451.6
348.259	13448.5
346.536	13480.3
344.813	13542.4
343.089	13588.6
341.364	13663.8
339.64	13624.4
337.915	13535.7
336.189	13612.3
334.463	13697.5
332.737	13653.8
331.01	13576.8
329.283	13923.9
327.556	13871.5
325.828	13946.5
324.1	13895.5
322.371	14047
320.642	13860.2
318.913	13968.3
317.183	13963.6
315.453	14031.1
313.722	13948.5
311.991	14317.8
310.259	14161.5
308.528	13990.7
306.795	14219.9
305.063	14122.8
303.33	14335.9
301.596	14286.4
299.862	14127.4
298.128	14493.2
296.393	14286.6
294.658	14351
292.923	14258.4
291.187	14384.7
289.451	14244.6
287.714	14337.7
285.977	14501.3
284.239	14345.5
282.501	14496.1
280.763	14535.9
279.024	14226.2
277.285	14402.6
275.546	14399.3
273.806	14406
272.066	14550.6
270.325	14419.4
268.584	14393.1
266.842	14452.9
265.1	14492.6
263.358	14476.4
261.615	14397
259.872	14580.1
258.129	14436.2
256.385	14718.1
254.64	14657.4
252.896	14482
251.151	14725
249.405	14721.6
247.659	14602.2
245.913	14504.4
244.166	14798.7
242.419	14813.8
240.671	14756
238.923	14915.7
237.175	14909.3
235.426	14873
233.677	15113.9
231.927	15056.1
230.177	15088.3
228.427	15143.4
226.676	15269.8
224.924	15309.1
223.173	15348.3
221.421	15410.4
219.668	15356.9
217.915	15677.1
216.162	15532.2
214.408	15671.2
212.654	15687.5
210.9	15927.5
209.145	15814.1
207.39	16109.5
205.634	16094.4
203.878	16052.2
202.121	16347.3
200.364	16266.7
