4501.29	930.843
4500.4	953.478
4499.52	862.79
4498.64	879.61
4497.75	933.186
4496.87	904.75
4495.98	893.285
4495.1	938.352
4494.22	912.756
4493.33	966.279
4492.45	878.54
4491.56	872.738
4490.68	898.001
4489.79	847.024
4488.9	855.345
4488.02	877.776
4487.13	852.226
4486.25	852.077
4485.36	942.2
4484.47	854.601
4483.59	837.533
4482.7	893.777
4481.81	840.06
4480.93	834.277
4480.04	887.674
4479.15	853.709
4478.26	864.829
4477.38	839.329
4476.49	791.31
4475.6	816.513
4474.71	824.816
4473.83	875.335
4472.94	847.041
4472.05	852.521
4471.16	815.802
4470.27	897.226
4469.38	832.391
4468.49	854.739
4467.6	846.156
4466.71	834.766
4465.82	851.482
4464.93	828.856
4464.04	845.567
4463.15	822.95
4462.26	808.765
4461.37	878.817
4460.48	822.519
4459.59	785.888
4458.7	881.164
4457.81	780.003
4456.92	799.504
4456.03	844.241
4455.14	838.485
4454.24	799.085
4453.35	812.963
4452.46	840.849
4451.57	809.877
4450.68	829.348
4449.78	815.197
4448.89	826.258
4448	831.715
4447.11	806.371
4446.21	811.829
4445.32	850.872
4444.43	803.15
4443.53	839.383
4442.64	783.287
4441.75	802.729
4440.85	822.165
4439.96	774.489
4439.06	861.015
4438.17	860.864
4437.27	835.563
4436.38	818.653
4435.48	784.987
4434.59	865.849
4433.69	868.49
4432.8	865.547
4431.9	845.854
4431.01	759.182
4430.11	812.071
4429.22	806.349
4428.32	828.525
4427.42	873.007
4426.53	847.756
4425.63	811.362
4424.73	853.036
4423.84	861.248
4422.94	802.576
4422.04	847.016
4421.14	844.082
4420.25	888.498
4419.35	879.989
4418.45	846.423
4417.55	888.032
4416.65	862.827
4415.76	859.894
4414.86	856.961
4413.96	803.956
4413.06	848.317
4412.16	884.32
4411.26	889.726
4410.36	892.35
4409.46	786.576
4408.56	875.364
4407.66	825.199
4406.76	888.948
4405.86	883.237
4404.96	949.73
4404.06	916.246
4403.16	943.846
4402.26	904.823
4401.36	863.039
4400.46	854.564
4399.56	843.318
4398.66	923.604
4397.76	917.896
4396.85	873.374
4395.95	923.119
4395.05	922.957
4394.15	897.855
4393.25	953.111
4392.34	897.541
4391.44	955.547
4390.54	899.995
4389.64	988.437
4388.73	946.74
4387.83	885.683
4386.93	1004.52
4386.02	904.74
4385.12	979.272
4384.21	962.505
4383.31	1014.88
4382.41	981.522
4381.5	901.183
4380.6	989.469
4379.69	961.662
4378.79	969.782
4377.88	994.473
4376.98	986.013
4376.07	969.271
4375.17	993.95
4374.26	991.015
4373.36	1035
4372.45	976.87
4371.54	1004.29
4370.64	1070.32
4369.73	1086.68
4368.82	984.457
4367.92	962.227
4367.01	1019.95
4366.1	1025.28
4365.2	1082.97
4364.29	1060.74
4363.38	1019.23
4362.47	1090.66
4361.57	1043.66
4360.66	1024.2
4359.75	1048.8
4358.84	1026.59
4357.93	974.129
4357.02	1092.26
4356.11	1061.81
4355.21	943.362
4354.3	1110.94
4353.39	1072.25
4352.48	1044.57
4351.57	1041.64
4350.66	1044.21
4349.75	1060.51
4348.84	1085.04
4347.93	1142.53
4347.02	1068.19
4346.11	1109.18
4345.2	1108.98
4344.29	1045.67
4343.37	1114.08
4342.46	1133.09
4341.55	1143.86
4340.64	1091.55
4339.73	1074.91
4338.82	1091.17
4337.9	1170.47
4336.99	1109.97
4336.08	1104.3
4335.17	1120.54
4334.26	1125.82
4333.34	1161.23
4332.43	1171.97
4331.52	1169.03
4330.6	1160.61
4329.69	1108.41
4328.78	1206.72
4327.86	1181.89
4326.95	1170.74
4326.03	1137.71
4325.12	1164.86
4324.21	1178.32
4323.29	1142.58
4322.38	1147.84
4321.46	1188.63
4320.55	1133.78
4319.63	1193.67
4318.72	1220.77
4317.8	1168.68
4316.88	1149.36
4315.97	1214.67
4315.05	1203.54
4314.14	1181.5
4313.22	1197.66
4312.3	1145.62
4311.39	1208.14
4310.47	1180.66
4309.55	1218.62
4308.63	1212.95
4307.72	1196.39
4306.8	1239.77
4305.88	1179.62
4304.96	1160.35
4304.05	1220.06
4303.13	1208.95
4302.21	1206.01
4301.29	1222.13
4300.37	1243.69
4299.45	1292.44
4298.54	1216.04
4297.62	1128.79
4296.7	1242.81
4295.78	1177.33
4294.86	1226.06
4293.94	1217.69
4293.02	1282.7
4292.1	1219.98
4291.18	1255.08
4290.26	1284.73
4289.34	1211.18
4288.42	1267.99
4287.5	1213.47
4286.57	1196.97
4285.65	1226.61
4284.73	1161.28
4283.81	1207.19
4282.89	1201.55
4281.97	1252.86
4281.04	1203.84
4280.12	1206.33
4279.2	1284.72
4278.28	1192.36
4277.35	1189.44
4276.43	1216.32
4275.51	1232.35
4274.59	1194.22
4273.66	1275.24
4272.74	1253.36
4271.81	1277.49
4270.89	1252.91
4269.97	1222.93
4269.04	1257.88
4268.12	1222.5
4267.19	1235.8
4266.27	1273.43
4265.34	1216.44
4264.42	1248.66
4263.49	1253.84
4262.57	1188.78
4261.64	1266.91
4260.72	1255.88
4259.79	1285.36
4258.87	1231.13
4257.94	1263.31
4257.01	1192.91
4256.09	1289.85
4255.16	1327.39
4254.23	1248.93
4253.31	1272.98
4252.38	1253.88
4251.45	1304.88
4250.52	1353.17
4249.6	1309.81
4248.67	1258.38
4247.74	1239.3
4246.81	1290.26
4245.88	1246.94
4244.96	1262.87
4244.03	1233.03
4243.1	1251.66
4242.17	1289.11
4241.24	1264.67
4240.31	1245.61
4239.38	1194.28
4238.45	1245.17
4237.52	1309.48
4236.59	1309.25
4235.66	1298.27
4234.73	1273.85
4233.8	1330.05
4232.87	1268.02
4231.94	1267.8
4231.01	1353.51
4230.08	1283.46
4229.15	1328.87
4228.22	1291.06
4227.28	1301.56
4226.35	1298.65
4225.42	1322.56
4224.49	1274.05
4223.56	1297.96
4222.62	1295.05
4221.69	1308.22
4220.76	1324.07
4219.83	1254.16
4218.89	1275.37
4217.96	1334.08
4217.03	1331.16
4216.09	1322.89
4215.16	1255.72
4214.23	1351.87
4213.29	1290.07
4212.36	1319.28
4211.42	1372.56
4210.49	1297.41
4209.55	1380.09
4208.62	1350.43
4207.68	1326.13
4206.75	1291.14
4205.81	1365.75
4204.88	1282.67
4203.94	1335.87
4203.01	1378.38
4202.07	1300.68
4201.13	1329.82
4200.2	1326.91
4199.26	1310.66
4198.32	1427.86
4197.39	1243.48
4196.45	1341.98
4195.51	1355.08
4194.58	1384.17
4193.64	1346.59
4192.7	1319.69
4191.76	1292.8
4190.82	1380.52
4189.89	1329.65
4188.95	1305.43
4188.01	1329.18
4187.07	1315.62
4186.13	1357.99
4185.19	1325.8
4184.25	1330.89
4183.31	1293.4
4182.37	1370.33
4181.43	1332.84
4180.49	1407.08
4179.55	1353.64
4178.61	1345.42
4177.67	1289.36
4176.73	1366.21
4175.79	1381.91
4174.85	1320.55
4173.91	1410.64
4172.97	1362.58
4172.03	1327.81
4171.09	1409.89
4170.14	1377.78
4169.2	1382.84
4168.26	1361.37
4167.32	1353.16
4166.38	1384.76
4165.43	1400.42
4164.49	1402.82
4163.55	1336.29
4162.6	1346.66
4161.66	1362.32
4160.72	1351.48
4159.77	1300.89
4158.83	1308.61
4157.89	1395.78
4156.94	1329.33
4156	1331.74
4155.05	1408.27
4154.11	1328.62
4153.16	1407.76
4152.22	1373.12
4151.27	1436.36
4150.33	1351.47
4149.38	1340.65
4148.44	1390.65
4147.49	1356.03
4146.55	1318.79
4145.6	1315.91
4144.65	1336.81
4143.71	1415.82
4142.76	1378.59
4141.81	1370.42
4140.87	1433.54
4139.92	1430.64
4138.97	1385.52
4138.03	1374.72
4137.08	1421.96
4136.13	1353.13
4135.18	1445.19
4134.23	1405.38
4133.29	1378.77
4132.34	1389.06
4131.39	1370.37
4130.44	1378.03
4129.49	1272.41
4128.54	1301.15
4127.59	1387.82
4126.64	1419.17
4125.69	1384.69
4124.74	1371.29
4123.79	1344.73
4122.84	1397.11
4121.89	1370.55
4120.94	1383.46
4119.99	1364.8
4119.04	1361.93
4118.09	1343.28
4117.14	1482.34
4116.19	1474.19
4115.24	1416.13
4114.28	1402.74
4113.33	1378.85
4112.38	1365.48
4111.43	1457.12
4110.48	1325.61
4109.52	1388.36
4108.57	1369.75
4107.62	1369.5
4106.66	1450.57
4105.71	1424.09
4104.76	1457.92
4103.8	1399.98
4102.85	1394.49
4101.9	1425.69
4100.94	1414.95
4099.99	1401.6
4099.03	1390.87
4098.08	1369.67
4097.12	1387.75
4096.17	1366.56
4095.21	1387.25
4094.26	1379.16
4093.3	1428.62
4092.35	1430.98
4091.39	1433.34
4090.44	1425.24
4089.48	1451.13
4088.52	1482.24
4087.57	1484.59
4086.61	1505.23
4085.65	1410.9
4084.7	1392.36
4083.74	1418.23
4082.78	1436.25
4081.82	1496.05
4080.87	1490.56
4079.91	1443.31
4078.95	1427.39
4077.99	1450.62
4077.03	1437.32
4076.08	1324.91
4075.12	1431.58
4074.16	1400.04
4073.2	1418.04
4072.24	1480.33
4071.28	1422.74
4070.32	1479.8
4069.36	1508.19
4068.4	1416.76
4067.44	1387.87
4066.48	1416.26
4065.52	1444.63
4064.56	1415.75
4063.6	1410.29
4062.64	1485.48
4061.68	1417.59
4060.72	1464.14
4059.75	1453.48
4058.79	1474.01
4057.83	1411.37
4056.87	1405.92
4055.91	1416.06
4054.94	1446.98
4053.98	1475.29
4053.02	1436.07
4052.06	1360.51
4051.09	1461.51
4050.13	1463.84
4049.17	1453.2
4048.2	1593.04
4047.24	1483.81
4046.27	1455.01
4045.31	1516.98
4044.35	1485.6
4043.38	1495.7
4042.42	1479.88
4041.45	1453.7
4040.49	1531.17
4039.52	1427.28
4038.56	1538.38
4037.59	1450.07
4036.63	1511.94
4035.66	1418.48
4034.69	1449.28
4033.73	1495.6
4032.76	1492.74
4031.8	1438.16
4030.83	1450.83
4029.86	1476.42
4028.89	1458.06
4027.93	1522.42
4026.96	1483.38
4025.99	1390.09
4025.02	1482.84
4024.06	1469.66
4023.09	1448.74
4022.12	1461.39
4021.15	1458.54
4020.18	1494.41
4019.21	1450.27
4018.25	1524.84
4017.28	1558.1
4016.31	1557.81
4015.34	1521.43
4014.37	1472.17
4013.4	1474.48
4012.43	1541.23
4011.46	1455.91
4010.49	1478.84
4009.52	1460.54
4008.55	1501.48
4007.58	1506.36
4006.6	1547.28
4005.63	1498.1
4004.66	1500.4
4003.69	1538.73
4002.72	1517.87
4001.75	1463.58
4000.77	1393.88
3999.8	1496.48
3998.83	1447.36
3997.86	1475.37
3996.88	1464.83
3995.91	1546.78
3994.94	1520.82
3993.96	1520.54
3992.99	1530.54
3992.02	1509.72
3991.04	1547.96
3990.07	1542.54
3989.1	1465.28
3988.12	1475.28
3987.15	1559.66
3986.17	1474.74
3985.2	1497.56
3984.22	1474.21
3983.25	1461.13
3982.27	1460.86
3981.3	1568.22
3980.32	1567.94
3979.34	1565.09
3978.37	1528.96
3977.39	1497.95
3976.41	1530.96
3975.44	1548.61
3974.46	1540.65
3973.48	1553.16
3972.51	1581.02
3971.53	1457.96
3970.55	1506.29
3969.57	1523.91
3968.6	1500.63
3967.62	1513.14
3966.64	1502.64
3965.66	1612.24
3964.68	1535.31
3963.7	1486.5
3962.73	1493.89
3961.75	1498.73
3960.77	1508.67
3959.79	1567.1
3958.81	1546.4
3957.83	1558.88
3956.85	1548.39
3955.87	1509.85
3954.89	1580.98
3953.91	1511.86
3952.93	1537.07
3951.94	1524.05
3950.96	1559.45
3949.98	1610.12
3949	1569.07
3948.02	1489.84
3947.04	1571.05
3946.06	1491.85
3945.07	1611.21
3944.09	1514.21
3943.11	1463.05
3942.13	1518.75
3941.14	1538.82
3940.16	1472.42
3939.18	1563.69
3938.19	1504.94
3937.21	1525
3936.23	1547.59
3935.24	1499.04
3934.26	1569.89
3933.27	1539.13
3932.29	1569.32
3931.3	1569.04
3930.32	1512.91
3929.33	1535.48
3928.35	1664.61
3927.36	1504.47
3926.38	1633.57
3925.39	1592.69
3924.41	1551.83
3923.42	1498.31
3922.43	1533.53
3921.45	1568.73
3920.46	1601.38
3919.47	1598.56
3918.49	1565.34
3917.5	1592.91
3916.51	1574.9
3915.52	1526.52
3914.54	1592.05
3913.55	1591.76
3912.56	1497.85
3911.57	1565.88
3910.58	1570.66
3909.6	1550.14
3908.61	1613.07
3907.62	1554.63
3906.63	1627.64
3905.64	1627.35
3904.65	1591.68
3903.66	1563.61
3902.67	1545.64
3901.68	1565.56
3900.69	1545.08
3899.7	1549.85
3898.71	1582.38
3897.72	1604.8
3896.73	1556.57
3895.74	1568.9
3894.74	1606.44
3893.75	1608.67
3892.76	1648.72
3891.77	1603.05
3890.78	1522.11
3889.79	1554.59
3888.79	1569.42
3887.8	1591.81
3886.81	1563.82
3885.81	1631.51
3884.82	1558.21
3883.83	1573.03
3882.83	1570.23
3881.84	1602.65
3880.85	1589.78
3879.85	1566.85
3878.86	1634.46
3877.86	1576.34
3876.87	1631.35
3875.88	1580.79
3874.88	1585.53
3873.89	1610.36
3872.89	1652.77
3871.89	1604.75
3870.9	1591.91
3869.9	1586.6
3868.91	1679.18
3867.91	1593.55
3866.91	1585.73
3865.92	1595.47
3864.92	1570.1
3863.92	1604.92
3862.93	1564.51
3861.93	1546.68
3860.93	1604.04
3859.93	1606.26
3858.94	1518.28
3857.94	1633.23
3856.94	1607.88
3855.94	1602.58
3854.94	1639.84
3853.94	1614.51
3852.95	1611.72
3851.95	1643.95
3850.95	1681.18
3849.95	1583.32
3848.95	1638.05
3847.95	1590.24
3846.95	1637.45
3845.95	1617.16
3844.95	1574.38
3843.95	1666.54
3842.95	1633.76
3841.95	1610.98
3840.94	1600.7
3839.94	1672.81
3838.94	1662.52
3837.94	1609.8
3836.94	1579.56
3835.94	1601.73
3834.93	1618.9
3833.93	1668.48
3832.93	1615.81
3831.93	1630.48
3830.92	1560.39
3829.92	1604.96
3828.92	1642.04
3827.91	1661.67
3826.91	1546.79
3825.91	1608.77
3824.9	1628.39
3823.9	1650.5
3822.89	1565.57
3821.89	1674.78
3820.88	1632.18
3819.88	1654.27
3818.87	1648.99
3817.87	1651.18
3816.86	1593.69
3815.86	1667.97
3814.85	1585.65
3813.84	1664.88
3812.84	1597.49
3811.83	1681.65
3810.83	1636.64
3809.82	1671.11
3808.81	1695.63
3807.8	1663.05
3806.8	1670.19
3805.79	1595.45
3804.78	1669.58
3803.77	1674.23
3802.77	1621.85
3801.76	1686.02
3800.75	1665.88
3799.74	1677.96
3798.73	1640.49
3797.72	1684.78
3796.71	1615.11
3795.7	1694.07
3794.69	1631.85
3793.68	1624.13
3792.67	1604.03
3791.66	1613.63
3790.65	1665.3
3789.64	1697.16
3788.63	1699.32
3787.62	1634.71
3786.61	1688.81
3785.6	1629.16
3784.59	1688.19
3783.58	1648.34
3782.56	1643.09
3781.55	1692.2
3780.54	1758.58
3779.53	1745.91
3778.52	1656.7
3777.5	1656.4
3776.49	1680.77
3775.48	1705.14
3774.46	1702.36
3773.45	1672.45
3772.44	1733.8
3771.42	1743.34
3770.41	1710.97
3769.39	1663.83
3768.38	1712.81
3767.36	1746.99
3766.35	1564.37
3765.34	1726.65
3764.32	1627.82
3763.3	1723.55
3762.29	1691.23
3761.27	1624.46
3760.26	1675.84
3759.24	1665.69
3758.23	1648.17
3757.21	1670
3756.19	1652.48
3755.18	1662.01
3754.16	1723.16
3753.14	1619.62
3752.12	1683.21
3751.11	1717.3
3750.09	1660.48
3749.07	1726.49
3748.05	1652.51
3747.03	1684.12
3746.02	1708.35
3745	1683.5
3743.98	1742.08
3742.96	1677.97
3741.94	1697.29
3740.92	1782.8
3739.9	1730.99
3738.88	1740.47
3737.86	1649.47
3736.84	1739.83
3735.82	1670.91
3734.8	1702.45
3733.78	1697.24
3732.76	1789.97
3731.74	1760.27
3730.71	1662.03
3729.69	1627.46
3728.67	1663.87
3727.65	1692.92
3726.63	1651.02
3725.61	1758.32
3724.58	1689.54
3723.56	1740.56
3722.54	1618.03
3721.51	1698.38
3720.49	1727.38
3719.47	1714.85
3718.44	1682.79
3717.42	1753.29
3716.4	1701.7
3715.37	1694.06
3714.35	1625.41
3713.32	1681.24
3712.3	1685.8
3711.27	1790.38
3710.25	1726.64
3709.22	1794.6
3708.2	1728.44
3707.17	1762.25
3706.15	1701
3705.12	1707.99
3704.09	1697.94
3703.07	1792.61
3702.04	1789.84
3701.01	1723.78
3699.99	1818.4
3698.96	1749.91
3697.93	1754.46
3696.9	1678.71
3695.88	1773.27
3694.85	1724.3
3693.82	1794.5
3692.79	1833.07
3691.76	1752.51
3690.74	1742.47
3689.71	1829.62
3688.68	1719.96
3687.65	1695.36
3686.62	1818.89
3685.59	1850.12
3684.56	1735.68
3683.53	1837.3
3682.5	1701.07
3681.47	1783.25
3680.44	1751.38
3679.41	1758.33
3678.38	1704.66
3677.34	1825.57
3676.31	1689.49
3675.28	1817.62
3674.25	1802.75
3673.22	1860.56
3672.19	1862.64
3671.15	1828.39
3670.12	1803.84
3669.09	1900.33
3668.06	1883.04
3667.02	1839.13
3665.99	1807.34
3664.96	1872.32
3663.92	1891.32
3662.89	1864.37
3661.85	1844.69
3660.82	1885.44
3659.79	1829.5
3658.75	1974.14
3657.72	1910.97
3656.68	1990.32
3655.65	1919.92
3654.61	1955.78
3653.57	1979.56
3652.54	1967.13
3651.5	1928.15
3650.47	1944.68
3649.43	2081.82
3648.39	1960.84
3647.36	1987.01
3646.32	2010.75
3645.28	2065.82
3644.25	2022.05
3643.21	2122.88
3642.17	2095.99
3641.13	2153.41
3640.09	2090.4
3639.06	2176.69
3638.02	2063.14
3636.98	2161.44
3635.94	2144.2
3634.9	2160.64
3633.86	2263.68
3632.82	2268.07
3631.78	2205.13
3630.74	2238.38
3629.7	2290.85
3628.66	2263.99
3627.62	2309.22
3626.58	2299.18
3625.54	2327.58
3624.5	2432.82
3623.46	2333.92
3622.42	2278.27
3621.38	2376.26
3620.33	2366.22
3619.29	2404.17
3618.25	2418.12
3617.21	2343.32
3616.17	2520.33
3615.12	2368.82
3614.08	2476.25
3613.04	2430.25
3611.99	2386.67
3610.95	2359.87
3609.91	2378.6
3608.86	2337.44
3607.82	2396.87
3606.77	2451.49
3605.73	2419.91
3604.69	2378.78
3603.64	2421.41
3602.6	2382.68
3601.55	2327.23
3600.5	2420.06
3599.46	2402.87
3598.41	2359.4
3597.37	2330.28
3596.32	2337.01
3595.27	2346.13
3594.23	2309.87
3593.18	2297.5
3592.13	2313.78
3591.09	2392.14
3590.04	2274.73
3588.99	2221.81
3587.94	2233.32
3586.9	2285.39
3585.85	2263.5
3584.8	2286.93
3583.75	2243.58
3582.7	2259.85
3581.65	2321.4
3580.6	2192.29
3579.56	2237.15
3578.51	2243.88
3577.46	2269.66
3576.41	2204.94
3575.36	2156.92
3574.31	2258.87
3573.26	2246.55
3572.2	2281.82
3571.15	2195.75
3570.1	2209.62
3569.05	2256.77
3568	2223.06
3566.95	2225.02
3565.9	2222.23
3564.84	2259.84
3563.79	2211.9
3562.74	2199.61
3561.69	2187.32
3560.63	2203.54
3559.58	2124.78
3558.53	2167.11
3557.47	2197.56
3556.42	2154.44
3555.37	2175.39
3554.31	2177.36
3553.26	2207.78
3552.2	2171.8
3551.15	2218.81
3550.09	2130.7
3549.04	2165.85
3547.98	2224.67
3546.93	2165.04
3545.87	2219.11
3544.82	2197.38
3543.76	2166.19
3542.71	2094.78
3541.65	2255.31
3540.59	2179.18
3539.54	2100.7
3538.48	2176
3537.42	2109.38
3536.36	2142.09
3535.31	2162.96
3534.25	2127.11
3533.19	2183.42
3532.13	2159.39
3531.07	2180.24
3530.02	2253.05
3528.96	2269.15
3527.9	2060.98
3526.84	2197.5
3525.78	2154.61
3524.72	2177.8
3523.66	2182.11
3522.6	2127.45
3521.54	2103.47
3520.48	2121.94
3519.42	2229.98
3518.36	2135.29
3517.3	2087.76
3516.24	2136.85
3515.17	2185.91
3514.11	2159.6
3513.05	2187.45
3511.99	2163.5
3510.93	2148.97
3509.87	2160.34
3508.8	2141.11
3507.74	2152.47
3506.68	2185
3505.61	2132.85
3504.55	2217.09
3503.49	2113.25
3502.42	2157.51
3501.36	2138.31
3500.3	2253.02
3499.23	2151.6
3498.17	2123.01
3497.1	2101.48
3496.04	2239.6
3494.97	2110.09
3493.91	2182.44
3492.84	2123.37
3491.77	2137.05
3490.71	2141.34
3489.64	2208.94
3488.58	2201.5
3487.51	2189.36
3486.44	2149.11
3485.38	2188.54
3484.31	2195.16
3483.24	2082.32
3482.17	2156.87
3481.11	2198.61
3480.04	2116.26
3478.97	2167.36
3477.9	2110.79
3476.83	2129.11
3475.77	2105.32
3474.7	2093.23
3473.63	2195.72
3472.56	2101.79
3471.49	2180.87
3470.42	2115.03
3469.35	2180.06
3468.28	2135.26
3467.21	2214.27
3466.14	2148.47
3465.07	2113.04
3464	2157
3462.92	2228.95
3461.85	2128.19
3460.78	2102.12
3459.71	2136.72
3458.64	2157.31
3457.57	2170.89
3456.49	2156.5
3455.42	2195.72
3454.35	2148.7
3453.28	2178.58
3452.2	2208.46
3451.13	2168.45
3450.06	2051.6
3448.98	2193.24
3447.91	2213.78
3446.83	2099.32
3445.76	2138.49
3444.68	2114.82
3443.61	2093.49
3442.53	2086.12
3441.46	2199.66
3440.38	2178.32
3439.31	2156.99
3438.23	2193.77
3437.16	2239.83
3436.08	2113.96
3435	2132.15
3433.93	2122.46
3432.85	2131.34
3431.77	2165.76
3430.7	2223.38
3429.62	2218.32
3428.54	2157.58
3427.46	2173.41
3426.39	2168.36
3425.31	2079.85
3424.23	2111.91
3423.15	2092.97
3422.07	2097.21
3420.99	2140.84
3419.91	2110.32
3418.83	2142.35
3417.75	2192.89
3416.68	2104.5
3415.6	2199
3414.51	2140.73
3413.43	2124.13
3412.35	2181.57
3411.27	2185.78
3410.19	2113.68
3409.11	2171.09
3408.03	2071.27
3406.95	2223.43
3405.87	2202.21
3404.78	2134.79
3403.7	2180.59
3402.62	2087.8
3401.54	2133.59
3400.45	2080.08
3399.37	2142.01
3398.29	2090.84
3397.2	2129.67
3396.12	2191.55
3395.04	2085.04
3393.95	2197.64
3392.87	2181.09
3391.78	2095.39
3390.7	2120.35
3389.61	2159.12
3388.53	2048.13
3387.44	2073.08
3386.36	2127.96
3385.27	2178.21
3384.19	2131.76
3383.1	2145.16
3382.01	2147.06
3380.93	2105.24
3379.84	2061.14
3378.75	2125.14
3377.67	2092.55
3376.58	2053.07
3375.49	2089.46
3374.4	2132.73
3373.31	2088.67
3372.23	2074.49
3371.14	2191.24
3370.05	2149.49
3368.96	2149.09
3367.87	2160.16
3366.78	2051.88
3365.69	2131.8
3364.6	2057.98
3363.51	2059.89
3362.42	2146.65
3361.33	2153.12
3360.24	2132.08
3359.15	2099.59
3358.06	2080.86
3356.97	2091.92
3355.88	2144.21
3354.79	2120.9
3353.69	2136.53
3352.6	2122.39
3351.51	2138.01
3350.42	2149.05
3349.33	2139.49
3348.23	2166.54
3347.14	2120.38
3346.05	2156.57
3344.95	2144.73
3343.86	2155.76
3342.77	2127.92
3341.67	2138.94
3340.58	2035.72
3339.48	2106.15
3338.39	2066.93
3337.29	2148.74
3336.2	2191.71
3335.1	2079.45
3334.01	2092.75
3332.91	2144.83
3331.82	2096.52
3330.72	2107.52
3329.62	2141.33
3328.53	2054.28
3327.43	2167.87
3326.33	2105.92
3325.24	2096.41
3324.14	2034.5
3323.04	2040.95
3321.94	2045.12
3320.85	2167.68
3319.75	2142.23
3318.65	2119.06
3317.55	2098.18
3316.45	2175.14
3315.35	2140.61
3314.25	2117.46
3313.16	2126.15
3312.06	2157.58
3310.96	2136.71
3309.86	2118.12
3308.76	2081.36
3307.66	2112.77
3306.55	2105.56
3305.45	2130.14
3304.35	2068.43
3303.25	2054.42
3302.15	1997.29
3301.05	2148.94
3299.95	2116.77
3298.84	2021.1
3297.74	2115.97
3296.64	2129.17
3295.54	2022.21
3294.43	2146.49
3293.33	2114.36
3292.23	2093.57
3291.12	2086.37
3290.02	2049.74
3288.92	2053.88
3287.81	2114.62
3286.71	2078
3285.6	2043.65
3284.5	2131.51
3283.39	2088.12
3282.29	2112.61
3281.18	2071.5
3280.08	2105.02
3278.97	2050.36
3277.86	2029.63
3276.76	2088
3275.65	2053.71
3274.54	2107.53
3273.44	2134.23
3272.33	2165.44
3271.22	2090.53
3270.12	2144.3
3269.01	2076.19
3267.9	1953.96
3266.79	2147.59
3265.68	2034.41
3264.57	2038.53
3263.47	2017.85
3262.36	2053.53
3261.25	1990.04
3260.14	2075.28
3259.03	2104.18
3257.92	1995.66
3256.81	2110.13
3255.7	2010.66
3254.59	2005.77
3253.48	2135.93
3252.37	2092.77
3251.25	2112.62
3250.14	1999.74
3249.03	2015.11
3247.92	1998.98
3246.81	2061.55
3245.69	2067.9
3244.58	2074.25
3243.47	2098.57
3242.36	2026.28
3241.24	2046.11
3240.13	2115.33
3239.02	2016.14
3237.9	2047.18
3236.79	2028.84
3235.68	2077.81
3234.56	2111.07
3233.45	1933.47
3232.33	1980.19
3231.22	2017.93
3230.1	2039.96
3228.99	1938.72
3227.87	1960.76
3226.75	2036.56
3225.64	2067.53
3224.52	1950.67
3223.41	2044.35
3222.29	2093.21
3221.17	2059.23
3220.05	2036.46
3218.94	2020.41
3217.82	2017.79
3216.7	2021.87
3215.58	1992.42
3214.47	1942.85
3213.35	2029.66
3212.23	2044.91
3211.11	2060.16
3209.99	2057.53
3208.87	1978.96
3207.75	2047.81
3206.63	2009.47
3205.51	2033.64
3204.39	2046.64
3203.27	1983.77
3202.15	2043.63
3201.03	1983.01
3199.91	2080.76
3198.79	2075.9
3197.67	1997.48
3196.55	1992.64
3195.42	1992.25
3194.3	1929.49
3193.18	2007.08
3192.06	1995.56
3190.93	1986.28
3189.81	2103.89
3188.69	1994.42
3187.56	1996.26
3186.44	1991.43
3185.32	1973.25
3184.19	1983.99
3183.07	1945.81
3181.94	2001.02
3180.82	2107.34
3179.7	2062.48
3178.57	1957.65
3177.44	1988.38
3176.32	1983.56
3175.19	2007.6
3174.07	1978.35
3172.94	2044.57
3171.82	1988.69
3170.69	1979.44
3169.56	1952.43
3168.43	2025.26
3167.31	1973.86
3166.18	1942.44
3165.05	1964.24
3163.92	1999.33
3162.8	1959.05
3161.67	2067.24
3160.54	1978.24
3159.41	1918.06
3158.28	1970.83
3157.15	1968.24
3156.02	1950.16
3154.89	2106.92
3153.76	2097.66
3152.63	1937.97
3151.5	1959.72
3150.37	2056.65
3149.24	1954.54
3148.11	1947.54
3146.98	1964.84
3145.85	2052.86
3144.72	2021.53
3143.59	2094.04
3142.45	2018.55
3141.32	1987.25
3140.19	1982.45
3139.06	1993.1
3137.92	2014.79
3136.79	1979.1
3135.66	1934.6
3134.52	1925.41
3133.39	1988.98
3132.26	1997.42
3131.12	2083
3129.99	2038.53
3128.85	2022.71
3127.72	1945.22
3126.58	1980.08
3125.45	1951.07
3124.31	1955.1
3123.18	1967.93
3122.04	1982.96
3120.9	1936.37
3119.77	1977.8
3118.63	1975.22
3117.49	2001.23
3116.36	1941.48
3115.22	1903.73
3114.08	1945.13
3112.95	1953.54
3111.81	1970.74
3110.67	1948.4
3109.53	1976.57
3108.39	1831.27
3107.25	1978
3106.11	1918.36
3104.98	1911.41
3103.84	1919.82
3102.7	1895.32
3101.56	1912.5
3100.42	1945.02
3099.28	2006.03
3098.14	1935.5
3096.99	1908.83
3095.85	2026.78
3094.71	1960.67
3093.57	1916.49
3092.43	1959.92
3091.29	1928.89
3090.15	1956.97
3089	1998.18
3087.86	1908.08
3086.72	1953.65
3085.57	1892.03
3084.43	1968.21
3083.29	1935.03
3082.14	1901.87
3081	1927.73
3079.86	1925.17
3078.71	1972.86
3077.57	1935.35
3076.42	1934.97
3075.28	1934.6
3074.13	1975.71
3072.99	1940.4
3071.84	1953.12
3070.7	1922.2
3069.55	1900.01
3068.4	1997.79
3067.26	1892.74
3066.11	1920.71
3064.96	1830.97
3063.82	1928.69
3062.67	1889.1
3061.52	1956.26
3060.37	1890.54
3059.23	1885.82
3058.08	1946.42
3056.93	1882.92
3055.78	1954.37
3054.63	1940.94
3053.48	1903.58
3052.33	1887.99
3051.18	1928.94
3050.03	1913.35
3048.88	1845.59
3047.73	1886.53
3046.58	1860.09
3045.43	1924.9
3044.28	1931.05
3043.13	1874.21
3041.98	1941.16
3040.83	1914.73
3039.68	1860.1
3038.52	1898.8
3037.37	1954.84
3036.22	1876.37
3035.07	1884.68
3033.91	1958.04
3032.76	1927.31
3031.61	1922.61
3030.45	1896.23
3029.3	1895.86
3028.14	1856.5
3026.99	1890.79
3025.84	1892.59
3024.68	1935.53
3023.53	1891.86
3022.37	1856.87
3021.22	1819.72
3020.06	1802.06
3018.9	1972.59
3017.75	1892.19
3016.59	1881.01
3015.44	1856.87
3014.28	1899.73
3013.12	1845.35
3011.96	1866.59
3010.81	1877.03
3009.65	1924.18
3008.49	1867.67
3007.33	1845.72
3006.18	1895
3005.02	1903.26
3003.86	1866.22
3002.7	1868.01
3001.54	1979.79
3000.38	1929.82
2999.22	1903.57
2998.06	1890.27
2996.9	1892.06
2995.74	1814.13
2994.58	1805.16
2993.42	1815.58
2992.26	1888.44
2991.1	1946.2
2989.94	1864.03
2988.77	1820.62
2987.61	1815.97
2986.45	1927.48
2985.29	1856.13
2984.12	1817.06
2982.96	1855.41
2981.8	1878.69
2980.64	1856.83
2979.47	1843.58
2978.31	1862.56
2977.14	1849.31
2975.98	1958.47
2974.82	1852.88
2973.65	1833.2
2972.49	1856.45
2971.32	1963.38
2970.16	1827.84
2968.99	1874.68
2967.82	1829.28
2966.66	1921.12
2965.49	1892.88
2964.33	1828.21
2963.16	1868.57
2961.99	1885.34
2960.83	1829.28
2959.66	1809.65
2958.49	1937.77
2957.32	1888.16
2956.15	1804.32
2954.99	1821.08
2953.82	1782.22
2952.65	1794.71
2951.48	1847.82
2950.31	1905.2
2949.14	1838.55
2947.97	1823.23
2946.8	1831.43
2945.63	1873.8
2944.46	1813.62
2943.29	1868.8
2942.12	1864.16
2940.95	1808.29
2939.78	1861.3
2938.61	1856.67
2937.44	1839.24
2936.26	1809.02
2935.09	1802.27
2933.92	1850.96
2932.75	1833.54
2931.57	1835.32
2930.4	1832.83
2929.23	1796.25
2928.05	1774.59
2926.88	1855.19
2925.71	1827.14
2924.53	1837.43
2923.36	1856.23
2922.18	1813.3
2921.01	1842.74
2919.83	1867.91
2918.66	1827.13
2917.48	1758.72
2916.31	1843.42
2915.13	1783.54
2913.95	1838.45
2912.78	1831.72
2911.6	1837.74
2910.42	1758.78
2909.25	2319.1
2908.07	4656.41
2906.89	4154.5
2905.71	2984.2
2904.54	1818.61
2903.36	1780.06
2902.18	1830.62
2901	1747.55
2899.82	1827.79
2898.64	1854.99
2897.46	1837.67
2896.28	1801.29
2895.1	1839.07
2893.92	1787.87
2892.74	1823.53
2891.56	1789.29
2890.38	1736.01
2889.2	1797.06
2888.02	1657.03
2886.84	1777.31
2885.65	1819.27
2884.47	1755.47
2883.29	1850.28
2882.11	1813.98
2880.92	1832.65
2879.74	1794.25
2878.56	1796.01
2877.38	1816.78
2876.19	1814.31
2875.01	1813.96
2873.82	1737.6
2872.64	1834.36
2871.45	1783.35
2870.27	1808.32
2869.08	1767.88
2867.9	1813.94
2866.71	1838.89
2865.53	1775.28
2864.34	1793.9
2863.16	1759.83
2861.97	1736.3
2860.78	1782.31
2859.6	1741.94
2858.41	1785.83
2857.22	1798.11
2856.03	1686.19
2854.85	1761.62
2853.66	1786.53
2852.47	1786.18
2851.28	1832.1
2850.09	1783.38
2848.9	1816.67
2847.71	1709.1
2846.52	1759.21
2845.34	1790.38
2844.15	1850.96
2842.96	1800.18
2841.76	1703.22
2840.57	1721.79
2839.38	1734.04
2838.19	1817.66
2837	1800.52
2835.81	1754
2834.62	1766.25
2833.43	1784.77
2832.23	1780.23
2831.04	1744.24
2829.85	1777.43
2828.65	1829.48
2827.46	1757.88
2826.27	1761.72
2825.07	1734.15
2823.88	1867.82
2822.69	1706.25
2821.49	1699.64
2820.3	1711.86
2819.1	1778.48
2817.91	1702.82
2816.71	1708.76
2815.52	1741.88
2814.32	1728.99
2813.13	1768.37
2811.93	1690.7
2810.73	1761.41
2809.54	1717.19
2808.34	1746.09
2807.14	1724.87
2805.94	1726.62
2804.75	1742.98
2803.55	1755.15
2802.35	1671.35
2801.15	1741.95
2799.95	1741.6
2798.75	1691.21
2797.56	1711.73
2796.36	1630.1
2795.16	1713.14
2793.96	1694.05
2792.76	1735.38
2791.56	1774.61
2790.36	1713.87
2789.16	1721.86
2787.95	1752.75
2786.75	1712.86
2785.55	1762.46
2784.35	1712.19
2783.15	1755.53
2781.95	1786.38
2780.74	1750.68
2779.54	1766.96
2778.34	1685.56
2777.13	1766.27
2775.93	1693.2
2774.73	1701.18
2773.52	1671.77
2772.32	1729.58
2771.12	1733.39
2769.91	1735.12
2768.71	1689.13
2767.5	1734.44
2766.3	1686.39
2765.09	1673.61
2763.89	1716.82
2762.68	1718.56
2761.47	1784.54
2760.27	1713.73
2759.06	1624.31
2757.85	1675.77
2756.65	1692.01
2755.44	1739.3
2754.23	1654.08
2753.02	1695.15
2751.81	1701.02
2750.61	1640.69
2749.4	1704.49
2748.19	1600.74
2746.98	1679
2745.77	1672.47
2744.56	1645.27
2743.35	1715.2
2742.14	1681.81
2740.93	1673.21
2739.72	1736.9
2738.51	1705.59
2737.3	1694.93
2736.09	1678.08
2734.88	1686
2733.66	1669.16
2732.45	1648.21
2731.24	1685
2730.03	1637.24
2728.82	1663.72
2727.6	1716.98
2726.39	1706.34
2725.18	1745.15
2723.96	1643.86
2722.75	1705.33
2721.53	1597.91
2720.32	1684.06
2719.11	1646.68
2717.89	1652.53
2716.68	1656.32
2715.46	1662.16
2714.25	1688.57
2713.03	1682.07
2711.81	1720.79
2710.6	1689.62
2709.38	1660.51
2708.16	1682.79
2706.95	1626.99
2705.73	1673.91
2704.51	1624.29
2703.29	1714.3
2702.08	1629.81
2700.86	1602.8
2699.64	1653.78
2698.42	1606.27
2697.2	1687.99
2695.98	1663.05
2694.76	1672.97
2693.54	1650.09
2692.32	1580.09
2691.1	1618.7
2689.88	1667.55
2688.66	1632.4
2687.44	1642.31
2686.22	1619.47
2685	1739.92
2683.78	1651.57
2682.56	1596
2681.33	1640.69
2680.11	1595.36
2678.89	1642.08
2677.67	1594.73
2676.44	1631.21
2675.22	1634.97
2674	1608.08
2672.77	1667.01
2671.55	1621.74
2670.33	1566.28
2669.1	1588.43
2667.88	1590.16
2666.65	1638.82
2665.43	1673.18
2664.2	1570.85
2662.97	1590.93
2661.75	1651.79
2660.52	1596.42
2659.3	1645.02
2658.07	1663.04
2656.84	1595.47
2655.62	1666.45
2654.39	1662.05
2653.16	1649.5
2651.93	1577.91
2650.7	1636.63
2649.48	1644.44
2648.25	1583.07
2647.02	1651.93
2645.79	1574.31
2644.56	1630.93
2643.33	1557.41
2642.1	1583.53
2640.87	1617.77
2639.64	1635.73
2638.41	1627.28
2637.18	1633.05
2635.95	1586.02
2634.72	1603.97
2633.48	1646.28
2632.25	1566.8
2631.02	1619.25
2629.79	1580.38
2628.56	1606.43
2627.32	1612.2
2626.09	1500.36
2624.86	1540.61
2623.62	1586.91
2622.39	1584.57
2621.16	1547.79
2619.92	1642.68
2618.69	1524.9
2617.45	1552.94
2616.22	1621.46
2614.98	1677.8
2613.75	1604.62
2612.51	1582.05
2611.27	1608.03
2610.04	1528.84
2608.8	1619.52
2607.57	1538.34
2606.33	1604.72
2605.09	1632.69
2603.85	1527.31
2602.62	1553.27
2601.38	1577.19
2600.14	1599.08
2598.9	1584.64
2597.66	1598.45
2596.42	1584
2595.18	1571.58
2593.94	1504.71
2592.71	1518.52
2591.47	1574.67
2590.23	1576.37
2588.98	1535.75
2587.74	1607.99
2586.5	1569.39
2585.26	1552.96
2584.02	1506.33
2582.78	1552.34
2581.54	1552.03
2580.29	1549.71
2579.05	1547.38
2577.81	1524.95
2576.57	1526.65
2575.32	1516.29
2574.08	1497.89
2572.84	1565.94
2571.59	1591.75
2570.35	1559.29
2569.1	1490.67
2567.86	1586.78
2566.61	1528.23
2565.37	1501.82
2564.12	1591.85
2562.88	1422.95
2561.63	1533.02
2560.39	1536.73
2559.14	1486.28
2557.89	1536.12
2556.65	1511.75
2555.4	1559.56
2554.15	1511.14
2552.9	1540.9
2551.66	1530.57
2550.41	1484.2
2549.16	1499.92
2547.91	1545.67
2546.66	1501.32
2545.41	1458.99
2544.16	1520.73
2542.91	1578.44
2541.66	1534.12
2540.41	1541.81
2539.16	1533.51
2537.91	1557.19
2536.66	1498.92
2535.41	1528.59
2534.16	1490.32
2532.91	1583.9
2531.66	1453.78
2530.4	1487.43
2529.15	1525.06
2527.9	1486.84
2526.65	1484.54
2525.39	1464.29
2524.14	1477.96
2522.89	1457.72
2521.63	1525.22
2520.38	1469.1
2519.12	1486.74
2517.87	1462.53
2516.61	1500.09
2515.36	1531.66
2514.1	1523.38
2512.85	1435.48
2511.59	1530.73
2510.33	1458.78
2509.08	1474.41
2507.82	1418.41
2506.56	1505.64
2505.31	1493.4
2504.05	1411.59
2502.79	1441.12
2501.53	1532.25
2500.28	1492.2
2499.02	1509.78
2497.76	1471.74
2496.5	1465.49
2495.24	1498.95
2493.98	1458.95
2492.72	1456.67
2491.46	1450.42
2490.2	1473.94
2488.94	1394.31
2487.68	1397.99
2486.42	1439.34
2485.16	1472.75
2483.9	1393.18
2482.63	1357.24
2481.37	1463.94
2480.11	1424.03
2478.85	1467.31
2477.59	1476.91
2476.32	1417.24
2475.06	1436.74
2473.8	1434.47
2472.53	1390.66
2471.27	1471.47
2470	1427.67
2468.74	1425.41
2467.47	1438.96
2466.21	1407.05
2464.94	1422.57
2463.68	1445.99
2462.41	1427.92
2461.15	1475.03
2459.88	1445.12
2458.61	1427.06
2457.35	1407.04
2456.08	1450.16
2454.81	1461.71
2453.54	1429.86
2452.28	1411.82
2451.01	1433.22
2449.74	1432.93
2448.47	1361.7
2447.2	1457.97
2445.93	1372.97
2444.66	1370.73
2443.39	1368.48
2442.12	1395.76
2440.85	1472.24
2439.58	1371.59
2438.31	1379.18
2437.04	1373
2435.77	1465.16
2434.5	1409.81
2433.23	1401.66
2431.96	1424.96
2430.68	1397.16
2429.41	1412.6
2428.14	1357.31
2426.87	1412.03
2425.59	1449.05
2424.32	1452.68
2423.04	1444.54
2421.77	1322.58
2420.5	1343.9
2419.22	1427.97
2417.95	1388.46
2416.67	1433.27
2415.4	1368.29
2414.12	1417.02
2412.85	1444.16
2411.57	1414.48
2410.29	1353.48
2409.02	1353.2
2407.74	1347.06
2406.46	1372.23
2405.18	1346.51
2403.91	1383.42
2402.63	1355.75
2401.35	1380.9
2400.07	1333.69
2398.79	1395.98
2397.52	1346.83
2396.24	1350.47
2394.96	1303.3
2393.68	1330.39
2392.4	1363.32
2391.12	1398.2
2389.84	1329.58
2388.56	1366.4
2387.27	1303.67
2385.99	1336.58
2384.71	1367.52
2383.43	1353.59
2382.15	1281.16
2380.87	1339.39
2379.58	1370.31
2378.3	1340.8
2377.02	1360.01
2375.73	1338.31
2374.45	1386.73
2373.17	1361.13
2371.88	1343.33
2370.6	1309.97
2369.31	1340.84
2368.03	1381.43
2366.74	1363.64
2365.46	1406.16
2364.17	1289.2
2362.89	1331.71
2361.6	1376.14
2360.31	1358.38
2359.03	1336.73
2357.74	1317.03
2356.45	1312.88
2355.17	1345.62
2353.88	1378.35
2352.59	1411.07
2351.3	1296.29
2350.01	1329.01
2348.72	1328.74
2347.43	1361.44
2346.15	1320.44
2344.86	1244.57
2343.57	1341.23
2342.28	1325.45
2340.99	1346.5
2339.69	1317.17
2338.4	1320.77
2337.11	1295.33
2335.82	1331.85
2334.53	1236.74
2333.24	1362.27
2331.95	1321.37
2330.65	1270.81
2329.36	1280.22
2328.07	1293.49
2326.77	1275.83
2325.48	1337.42
2324.19	1360.33
2322.89	1309.83
2321.6	1278.66
2320.3	1289.98
2319.01	1241.45
2317.71	1299.11
2316.42	1231.3
2315.12	1271.57
2313.83	1286.74
2312.53	1278.76
2311.23	1274.65
2309.94	1328.37
2308.64	1293.4
2307.34	1289.29
2306.05	1273.61
2304.75	1263.72
2303.45	1267.31
2302.15	1353.71
2300.85	1264.87
2299.55	1256.92
2298.25	1233.57
2296.96	1264.1
2295.66	1300.39
2294.36	1230.89
2293.06	1317.17
2291.76	1228.46
2290.45	1266.66
2289.15	1252.95
2287.85	1262.3
2286.55	1250.51
2285.25	1300.19
2283.95	1265.37
2282.65	1249.75
2281.34	1287.88
2280.04	1312.57
2278.74	1212.53
2277.43	1292.85
2276.13	1281.08
2274.83	1250.14
2273.52	1244.13
2272.22	1228.55
2270.91	1209.13
2269.61	1214.63
2268.3	1294.83
2267	1239.03
2265.69	1261.76
2264.39	1253.84
2263.08	1226.79
2261.77	1251.42
2260.47	1232.03
2259.16	1296.81
2257.85	1281.25
2256.54	1214.07
2255.24	1223.38
2253.93	1291.93
2252.62	1230.52
2251.31	1243.64
2250	1224.29
2248.69	1231.67
2247.38	1223.79
2246.07	1217.81
2244.76	1234.74
2243.45	1259.29
2242.14	1205.62
2240.83	1275.94
2239.52	1245.17
2238.21	1220.13
2236.9	1187.48
2235.59	1173.89
2234.27	1186.99
2232.96	1207.7
2231.65	1201.74
2230.34	1218.63
2229.02	1205.06
2227.71	1223.84
2226.4	1225.5
2225.08	1189.1
2223.77	1196.46
2222.45	1276.09
2221.14	1178.86
2219.82	1165.31
2218.51	1199.28
2217.19	1263.64
2215.88	1212.09
2214.56	1238.43
2213.24	1219.19
2211.93	1184.76
2210.61	1203.5
2209.29	1189.97
2207.97	1233.37
2206.66	1221.74
2205.34	1230.97
2204.02	1177.62
2202.7	1211.5
2201.38	1175.24
2200.06	1192.06
2198.74	1205.08
2197.42	1144.21
2196.1	1162.91
2194.78	1215.7
2193.46	1160.54
2192.14	1198.16
2190.82	1228.19
2189.5	1173.07
2188.18	1225.8
2186.86	1165.03
2185.54	1178.02
2184.21	1149.42
2182.89	1134.07
2181.57	1205.64
2180.24	1205.4
2178.92	1188.15
2177.6	1140.69
2176.27	1149.9
2174.95	1185.53
2173.62	1143.76
2172.3	1162.4
2170.97	1175.36
2169.65	1139.28
2168.32	1131.51
2167	1135.05
2165.67	1129.16
2164.34	1164.73
2163.02	1117.39
2161.69	1145.42
2160.36	1124.46
2159.04	1133.65
2157.71	1176.72
2156.38	1184
2155.05	1142.36
2153.72	1132.71
2152.39	1153.17
2151.06	1186.79
2149.74	1158.34
2148.41	1096.06
2147.08	1150.35
2145.75	1120.04
2144.41	1112.29
2143.08	1136.49
2141.75	1126.86
2140.42	1147.28
2139.09	1156.43
2137.76	1107.4
2136.43	1088.4
2135.09	1181.99
2133.76	1080.45
2132.43	1145.87
2131.09	1132.51
2129.76	1128.52
2128.43	1145.16
2127.09	1135.55
2125.76	1109.09
2124.42	1097.62
2123.09	1110.51
2121.75	1110.28
2120.42	1085.71
2119.08	1165.97
2117.75	1100.24
2116.41	1128.07
2115.07	1099.78
2113.74	1056.55
2112.4	1052.59
2111.06	1074.8
2109.72	1115.69
2108.38	1094.91
2107.05	1102.16
2105.71	1072.05
2104.37	1073.69
2103.03	1058.54
2101.69	1132.98
2100.35	1089.82
2099.01	1018.7
2097.67	1072.59
2096.33	1126.45
2094.99	1075.87
2093.65	1057.01
2092.31	1099.66
2090.97	1077.07
2089.62	1052.63
2088.28	1104.56
2086.94	1122.96
2085.6	1124.59
2084.25	1070.37
2082.91	1112.96
2081.57	1153.66
2080.22	1082.73
2078.88	1114.13
2077.53	1033.93
2076.19	1102.51
2074.84	1020.49
2073.5	1072.32
2072.15	1059.09
2070.81	1057.01
2069.46	1079.08
2068.12	1021.3
2066.77	1021.08
2065.42	1072.85
2064.08	1029.94
2062.73	1066.84
2061.38	1075.89
2060.03	1007.05
2058.68	997.567
2057.34	1054.83
2055.99	1058.32
2054.64	1048.83
2053.29	1024.53
2051.94	1061.36
2050.59	1072.26
2049.24	1055.37
2047.89	1062.56
2046.54	1041.98
2045.19	1063.97
2043.83	1060.05
2042.48	1069.07
2041.13	991.185
2039.78	1077.88
2038.43	1048.08
2037.07	1066.34
2035.72	1032.86
2034.37	997.548
2033.01	1028.74
2031.66	1048.84
2030.31	1043.08
2028.95	1011.49
2027.6	1022.35
2026.24	1051.66
2024.89	979.499
2023.53	1018.02
2022.17	1039.94
2020.82	1026.82
2019.46	1035.82
2018.11	1013.49
2016.75	1053.82
2015.39	1075.7
2014.03	1051.54
2012.68	1014.49
2011.32	997.716
2009.96	1025.12
2008.6	999.142
2007.24	1011.81
2005.88	1022.64
2004.52	969.097
2003.16	1031.4
2001.8	1020.16
2000.44	1001.57
1999.08	1043.62
1997.72	999.319
1996.36	1048.7
1995	1026.45
1993.64	1031.74
1992.27	998.488
1990.91	1007.46
1989.55	961.379
1988.19	974.019
1986.82	995.824
1985.46	1012.12
1984.1	1022.91
1982.73	1024.53
1981.37	956.515
1980	956.316
1978.64	1038.54
1977.27	963.243
1975.91	1034.45
1974.54	986.638
1973.18	973.622
1971.81	914.868
1970.44	945.776
1969.08	994.962
1967.71	1011.21
1966.34	979.921
1964.97	987.029
1963.61	957.584
1962.24	982.963
1960.87	962.665
1959.5	993.511
1958.13	978.697
1956.76	945.633
1955.39	954.562
1954.02	923.342
1952.65	952.34
1951.28	926.605
1949.91	973.826
1948.54	948.097
1947.17	986.18
1945.8	905.784
1944.42	967.548
1943.05	978.276
1941.68	958.037
1940.31	976.047
1938.93	946.714
1937.56	992.022
1936.19	919.021
1934.81	969.774
1933.44	944.105
1932.06	969.369
1930.69	947.347
1929.31	983.508
1927.94	939.681
1926.56	952.205
1925.18	904.769
1923.81	931.827
1922.43	940.712
1921.05	933.253
1919.68	951.211
1918.3	912.899
1916.92	927.225
1915.54	979.641
1914.17	955.857
1912.79	917.576
1911.41	888.376
1910.03	962.509
1908.65	918.813
1907.27	943.987
1905.89	923.863
1904.51	943.593
1903.13	934.341
1901.75	912.422
1900.37	904.991
1898.99	913.85
1897.6	942.606
1896.22	935.173
1894.84	898.808
1893.46	905.852
1892.07	905.663
1890.69	975.959
1889.31	950.458
1887.92	917.74
1886.54	933.804
1885.15	915.55
1883.77	967.716
1882.38	904.336
1881	904.147
1879.61	914.783
1878.23	912.788
1876.84	946.864
1875.46	934.043
1874.07	910.411
1872.68	892.196
1871.29	863.176
1869.91	926.054
1868.52	898.84
1867.13	904.055
1865.74	912.868
1864.35	918.077
1862.96	899.886
1861.57	908.695
1860.19	856.332
1858.8	883.132
1857.4	926.105
1856.01	837.815
1854.62	866.399
1853.23	882.391
1851.84	873.222
1850.45	853.279
1849.06	871.06
1847.67	861.899
1846.27	841.97
1844.88	883.075
1843.49	890.068
1842.09	862.969
1840.7	889.694
1839.31	889.507
1837.91	889.32
1836.52	838.941
1835.12	831.595
1833.73	878.009
1832.33	861.701
1830.93	854.356
1829.54	877.455
1828.14	871.9
1826.75	882.456
1825.35	844.689
1823.95	867.772
1822.55	899.788
1821.16	878.138
1819.76	849.343
1818.36	870.617
1816.96	872.221
1815.56	916.712
1814.16	832.55
1812.76	877.03
1811.36	844.7
1809.96	853.45
1808.56	858.625
1807.16	872.722
1805.76	822.577
1804.36	833.108
1802.96	831.149
1801.56	857.722
1800.15	886.066
1798.75	855.578
1797.35	871.437
1795.94	817.802
1794.54	835.443
1793.14	828.143
1791.73	867.141
1790.33	804.651
1788.92	845.418
1787.52	798.974
1786.11	866.41
1784.71	811.088
1783.3	873.159
1781.9	803.634
1780.49	812.353
1779.08	838.839
1777.68	842.216
1776.27	847.368
1774.86	804.563
1773.45	827.478
1772.05	871.686
1770.64	827.129
1769.23	835.827
1767.82	835.651
1766.41	826.605
1765	831.751
1763.59	842.214
1762.18	843.809
1760.77	845.403
1759.36	806.241
1757.95	825.558
1756.54	844.867
1755.12	816.356
1753.71	826.806
1752.3	847.872
1750.89	853.002
1749.47	810.358
1748.06	819.031
1746.65	813.553
1745.23	857.586
1743.82	791.995
1742.4	788.292
1740.99	853.508
1739.58	763.225
1738.16	865.512
1736.74	807.051
1735.33	824.537
1733.91	783.762
1732.5	794.185
1731.08	838.13
1729.66	809.726
1728.24	795.445
1726.83	812.911
1725.41	828.605
1723.99	819.617
1722.57	800.059
1721.15	794.604
1719.73	824.381
1718.31	811.879
1716.89	790.578
1715.47	790.41
1714.05	802.563
1712.63	812.951
1711.21	811.019
1709.79	786.223
1708.37	784.298
1706.95	777.099
1705.52	798.028
1704.1	792.586
1702.68	809.989
1701.26	792.251
1699.83	806.133
1698.41	776.111
1696.98	793.502
1695.56	782.803
1694.14	800.185
1692.71	821.068
1691.28	833.172
1689.86	769.863
1688.43	773.207
1687.01	801.09
1685.58	804.425
1684.15	749.936
1682.73	788.317
1681.3	803.913
1679.87	735.45
1678.44	756.303
1677.02	803.401
1675.59	738.482
1674.16	818.806
1672.73	816.883
1671.3	792.226
1669.87	783.315
1668.44	739.446
1667.01	800.46
1665.58	795.047
1664.15	772.168
1662.72	770.257
1661.28	780.571
1659.85	780.405
1658.42	794.203
1656.99	774.838
1655.55	772.928
1654.12	716.943
1652.69	805.736
1651.25	800.334
1649.82	740.892
1648.39	779.078
1646.95	794.595
1645.52	796.169
1644.08	754.196
1642.64	797.571
1641.21	773.027
1639.77	776.344
1638.34	777.919
1636.9	767.313
1635.46	786.285
1634.02	773.944
1632.59	765.085
1631.15	768.399
1629.71	693.497
1628.27	757.645
1626.83	719.262
1625.39	703.476
1623.95	743.268
1622.51	696.231
1621.07	744.687
1619.63	746.264
1618.19	749.575
1616.75	740.742
1615.31	757.928
1613.87	780.308
1612.43	757.605
1610.98	740.11
1609.54	741.685
1608.1	748.457
1606.66	736.173
1605.21	732.552
1603.77	763.562
1602.32	727.046
1600.88	742.467
1599.43	749.23
1597.99	740.421
1596.54	702.212
1595.1	745.292
1593.65	745.133
1592.21	719.047
1590.76	736.175
1589.31	741.201
1587.86	701.313
1586.42	718.433
1584.97	713.1
1583.52	714.674
1582.07	728.328
1580.62	733.349
1579.17	717.666
1577.72	748.559
1576.28	675.973
1574.83	748.239
1573.37	701.54
1571.92	699.666
1570.47	690.902
1569.02	714.87
1567.57	723.329
1566.12	699.068
1564.67	705.805
1563.21	729.749
1561.76	669.367
1560.31	725.996
1558.85	696.601
1557.4	727.405
1555.95	746.161
1554.49	682.403
1553.04	720.064
1551.58	666.647
1550.13	644.173
1548.67	695.558
1547.21	654.2
1545.76	698.693
1544.3	698.544
1542.84	677.803
1541.39	727.41
1539.93	667.221
1538.47	672.223
1537.01	668.65
1535.56	673.649
1534.1	688.928
1532.64	716.195
1531.18	702.337
1529.72	650.807
1528.26	628.408
1526.8	672.783
1525.34	667.504
1523.88	693.029
1522.42	653.531
1520.95	691.021
1519.49	648.121
1518.03	675.337
1516.57	664.936
1515.1	681.883
1513.64	702.24
1512.18	664.508
1510.71	666.074
1509.25	689.836
1507.79	698.223
1506.32	679.299
1504.86	691.098
1503.39	670.477
1501.92	639.631
1500.46	644.609
1498.99	644.471
1497.53	652.856
1496.06	662.941
1494.59	674.725
1493.12	664.359
1491.66	693.17
1490.19	623.208
1488.72	646.907
1487.25	725.061
1485.78	661.944
1484.31	661.802
1482.84	670.164
1481.37	627.506
1479.9	644.373
1478.43	690.13
1476.96	625.402
1475.49	626.966
1474.02	650.614
1472.54	613.11
1471.07	621.468
1469.6	604.358
1468.13	621.2
1466.65	632.945
1465.18	636.202
1463.71	639.457
1462.23	635.928
1460.76	629.009
1459.28	637.349
1457.81	645.686
1456.33	670.962
1454.86	643.713
1453.38	650.349
1451.9	634.97
1450.43	651.762
1448.95	651.622
1447.47	663.326
1445.99	632.731
1444.52	634.286
1443.04	657.824
1441.56	635.703
1440.08	644.018
1438.6	574.59
1437.12	611.638
1435.64	657.115
1434.16	638.396
1432.68	606.177
1431.2	656.69
1429.72	594.101
1428.24	599.035
1426.75	627.585
1425.27	622.39
1423.79	613.824
1422.31	615.377
1420.82	621.987
1419.34	625.223
1417.86	604.87
1416.37	589.579
1414.89	586.083
1413.4	597.743
1411.92	611.081
1410.43	631.146
1408.95	615.865
1407.46	577.039
1405.97	639.147
1404.49	613.784
1403	617.014
1401.51	605.115
1400.03	606.665
1398.54	586.372
1397.05	589.604
1395.56	606.271
1394.07	596.066
1392.58	599.294
1391.09	602.521
1389.6	585.611
1388.11	583.807
1386.62	583.681
1385.13	568.463
1383.64	570.016
1382.15	598.387
1380.66	601.609
1379.17	586.4
1377.67	596.324
1376.18	601.219
1374.69	592.717
1373.19	605.98
1371.7	585.766
1370.21	599.025
1368.71	602.241
1367.22	548.59
1365.72	556.832
1364.23	616.896
1362.73	605.062
1361.23	603.26
1359.74	563.032
1358.24	636.406
1356.74	594.518
1355.25	611.085
1353.75	592.591
1352.25	559.084
1350.75	575.649
1349.25	603.883
1347.76	540.375
1346.26	585.279
1344.76	596.822
1343.26	575.025
1341.76	614.893
1340.26	611.427
1338.75	581.313
1337.25	616.158
1335.75	577.731
1334.25	559.295
1332.75	604.107
1331.25	552.397
1329.74	605.509
1328.24	583.757
1326.74	565.339
1325.23	590.153
1323.73	576.728
1322.22	569.956
1320.72	583.123
1319.21	543.133
1317.71	584.53
1316.2	581.083
1314.7	537.8
1313.19	552.618
1311.68	542.543
1310.18	550.719
1308.67	568.842
1307.16	543.848
1305.65	558.649
1304.14	590.017
1302.63	603.144
1301.13	584.79
1299.62	568.1
1298.11	561.353
1296.6	562.887
1295.09	572.695
1293.58	574.225
1292.06	598.917
1290.55	573.976
1289.04	554.006
1287.53	553.885
1286.02	548.805
1284.5	563.56
1282.99	530.391
1281.48	551.751
1279.96	583.011
1278.45	516.835
1276.94	582.757
1275.42	544.668
1273.91	574.252
1272.39	565.878
1270.87	549.26
1269.36	534.299
1267.84	524.29
1266.33	553.846
1264.81	524.062
1263.29	540.424
1261.77	596.313
1260.26	531.954
1258.74	564.769
1257.22	566.292
1255.7	528.314
1254.18	574.272
1252.66	542.889
1251.14	547.705
1249.62	549.23
1248.1	545.822
1246.58	535.841
1245.06	540.654
1243.54	524.106
1242.01	491.14
1240.49	520.593
1238.97	538.54
1237.45	528.573
1235.92	559.64
1234.4	534.906
1232.88	554.474
1231.35	560.913
1229.83	518.158
1228.3	555.75
1226.78	516.292
1225.25	506.347
1223.72	516.066
1222.2	509.402
1220.67	515.841
1219.14	515.728
1217.62	545.079
1216.09	544.96
1214.56	521.934
1213.03	510.37
1211.5	539.696
1209.98	518.322
1208.45	511.669
1206.92	521.364
1205.39	550.662
1203.86	529.304
1202.33	524.288
1200.79	527.439
1199.26	538.752
1197.73	535.369
1196.2	525.461
1194.67	523.714
1193.13	520.337
1191.6	513.7
1190.07	520.109
1188.53	516.735
1187	501.955
1185.47	500.215
1183.93	513.138
1182.4	485.338
1180.86	534.081
1179.33	485.125
1177.79	512.688
1176.25	501.185
1174.72	514.09
1173.18	525.363
1171.64	521.995
1170.1	495.868
1168.57	533.144
1167.03	494.025
1165.49	541.034
1163.95	521.423
1162.41	475.836
1160.87	462.742
1159.33	483.744
1157.79	456.048
1156.25	457.57
1154.71	489.914
1153.17	486.563
1151.63	489.699
1150.08	543.09
1148.54	473.276
1147	515.304
1145.46	518.431
1143.91	497.26
1142.37	464.763
1140.82	490.566
1139.28	477.508
1137.73	438.564
1136.19	453.029
1134.64	475.576
1133.1	486.792
1131.55	491.536
1130.01	493.044
1128.46	465.461
1126.91	486.364
1125.36	476.564
1123.82	473.229
1122.27	502.191
1120.72	498.852
1119.17	482.601
1117.62	495.405
1116.07	488.842
1114.52	432.28
1112.97	488.627
1111.42	441.763
1109.87	465.845
1108.32	475.412
1106.77	464.029
1105.22	460.705
1103.66	504.087
1102.11	500.755
1100.56	466.84
1099	473.174
1097.45	463.416
1095.9	501.923
1094.34	480.904
1092.79	512.958
1091.23	495.161
1089.68	483.8
1088.12	480.48
1086.56	473.947
1085.01	451.355
1083.45	509.068
1081.89	467.212
1080.34	505.633
1078.78	460.586
1077.22	460.485
1075.66	486.049
1074.1	505.187
1072.54	492.248
1070.98	448.857
1069.43	471.196
1067.86	463.08
1066.3	491.814
1064.74	501.315
1063.18	481.989
1061.62	493.089
1060.06	436.959
1058.5	515.274
1056.93	500.761
1055.37	478.258
1053.81	474.954
1052.24	506.825
1050.68	463.554
1049.12	506.601
1047.55	461.752
1045.99	484.013
1044.42	442.383
1042.85	456.655
1041.29	477.307
1039.72	442.09
1038.16	470.713
1036.59	454.656
1035.02	489.644
1033.45	454.455
1031.88	462.326
1030.32	451.066
1028.75	468.495
1027.18	455.646
1025.61	473.066
1024.04	452.26
1022.47	463.304
1020.9	483.895
1019.33	451.959
1017.76	462.997
1016.18	470.847
1014.61	465.972
1013.04	448.379
1011.47	481.662
1009.89	472.02
1008.32	487.804
1006.75	443.216
1005.17	470.118
1003.6	476.365
1002.02	436.571
1000.45	460.282
998.873	447.485
997.297	469.597
995.721	434.598
994.145	461.46
992.568	420.136
990.991	488.201
989.413	462.737
987.835	434.116
986.257	449.86
984.678	470.348
983.099	487.66
981.52	433.731
979.94	435.217
978.36	465.184
976.78	501.464
975.199	453.906
973.618	474.361
972.037	453.704
970.455	455.184
968.873	432.961
967.29	466.041
965.707	465.937
964.124	467.413
962.541	467.309
960.957	468.783
959.373	468.679
957.788	471.73
956.203	477.935
954.618	452.597
953.032	449.343
951.446	449.243
949.86	461.75
948.273	455.345
946.686	472.572
945.099	433.094
943.511	442.445
941.923	432.902
940.334	464.282
938.745	489.355
937.156	438.905
935.567	443.526
933.977	459.152
932.387	437.04
930.796	466.806
929.205	460.416
927.614	428.893
926.022	469.635
924.43	445.976
922.838	463.146
921.245	478.739
919.652	455.093
918.058	461.268
916.465	478.419
914.87	437.539
913.276	459.391
911.681	462.424
910.086	452.918
908.49	466.918
906.894	458.982
905.298	487.07
903.701	452.514
902.104	441.455
900.507	463.268
898.909	455.341
897.311	464.625
895.713	444.189
894.114	484.746
892.515	470.568
890.916	461.085
889.316	435.979
887.715	451.505
886.115	457.652
884.514	431.003
882.913	443.396
881.311	458.907
879.709	491.576
878.107	485.225
876.504	474.198
874.901	450.699
873.298	481.782
871.694	486.35
870.09	481.566
868.485	464.319
866.88	436.176
865.275	457.882
863.669	448.437
862.064	449.894
860.457	459.131
858.851	443.468
857.244	490.04
855.636	449.491
854.028	458.721
852.42	466.391
850.812	455.407
849.203	473.952
847.594	456.756
845.984	484.613
844.375	467.422
842.764	473.528
841.154	495.153
839.543	453.142
837.931	487.173
836.32	505.678
834.708	462.142
833.095	477.543
831.482	444.884
829.869	511.424
828.256	492.717
826.642	458.526
825.028	495.593
823.413	478.45
821.798	479.891
820.183	495.26
818.567	492.054
816.951	442.44
815.335	456.261
813.718	443.788
812.101	473.062
810.483	479.138
808.865	489.847
807.247	454.204
805.629	529.786
804.01	460.177
802.39	466.249
800.771	461.514
799.151	506.163
797.53	495.249
795.91	499.766
794.288	476.521
792.667	456.371
791.045	513.302
789.423	514.728
787.8	465.308
786.177	483.688
784.554	452.778
782.93	441.899
781.306	504.913
779.682	455.551
778.057	496.993
776.432	489.19
774.807	492.156
773.181	484.357
771.554	445.816
769.928	490.287
768.301	482.494
766.674	488.53
765.046	443.879
763.418	508.273
761.789	495.876
760.161	480.416
758.531	443.479
756.902	466.392
755.272	444.813
753.642	487.651
752.011	486.008
750.38	507.358
748.749	473.53
747.117	451.973
745.485	497.825
743.852	496.181
742.22	480.759
740.586	463.812
738.953	468.299
737.319	465.133
735.685	513.979
734.05	478.688
732.415	486.225
730.779	493.759
729.144	470.722
727.507	507.288
725.871	507.173
724.234	482.622
722.597	470.298
720.959	451.873
719.321	492.98
717.683	468.454
716.044	468.348
714.405	474.343
712.765	501.684
711.126	518.341
709.485	489.264
707.845	504.392
706.204	490.567
704.563	507.211
702.921	482.731
701.279	470.442
699.636	487.079
697.993	491.535
696.35	495.988
694.707	500.439
693.063	489.681
691.419	515.417
689.774	487.939
688.129	495.428
686.483	534.819
684.838	505.837
683.191	499.648
681.545	504.09
679.898	493.35
678.251	496.274
676.603	523.473
674.955	527.905
673.307	505.037
671.658	521.601
670.009	509.356
668.359	500.147
666.709	513.671
665.059	528.704
663.408	481.633
661.757	507.265
660.106	538.942
658.454	502.495
656.802	472.117
655.15	465.959
653.497	491.566
651.844	495.991
650.19	482.272
648.536	504.835
646.881	507.743
645.227	546.909
643.572	509.024
641.916	507.398
640.26	490.676
638.604	508.677
636.947	490.453
635.29	485.816
633.633	484.197
631.975	485.595
630.317	523.178
628.659	497.434
627	486.772
625.34	452.007
623.681	492.576
622.021	468.368
620.36	498.375
618.7	463.64
617.038	496.644
615.377	467.943
613.715	490.401
612.053	451.187
610.39	503.711
608.727	466.015
607.064	474.927
605.4	477.824
603.736	462.693
602.071	450.573
600.406	486.508
598.741	486.397
597.075	484.786
595.409	487.677
593.743	508.569
592.076	491.954
590.409	509.837
588.741	493.23
587.073	461.642
585.405	507.99
583.736	506.377
582.067	467.318
580.397	477.694
578.728	477.586
577.057	468.496
575.387	495.326
573.716	489.228
572.044	514.545
570.373	493.492
568.7	491.885
567.028	484.299
565.355	470.739
563.682	488.56
562.008	491.437
560.334	492.818
558.66	479.268
556.985	479.159
555.31	495.466
553.634	507.289
551.958	475.848
550.282	480.214
548.605	490.541
546.928	514.28
545.25	485.847
543.573	485.736
541.894	513.928
540.216	470.621
538.537	494.337
536.857	477.85
535.178	480.717
533.497	508.878
531.817	492.399
530.136	496.748
528.455	505.556
526.773	480.169
525.091	512.757
523.408	500.752
521.725	496.181
520.042	463.393
518.359	479.621
516.675	503.264
514.99	467.528
513.305	510.454
511.62	510.337
509.935	493.905
508.249	505.655
506.562	499.609
504.876	493.566
503.189	506.79
501.501	478.526
499.813	484.341
498.125	487.192
496.436	513.729
494.747	519.532
493.058	507.575
491.368	488.226
489.678	486.635
487.987	516.099
486.297	529.287
484.605	506.995
482.913	493.578
481.221	489.033
479.529	494.83
477.836	488.809
476.143	487.221
474.449	493.014
472.755	485.522
471.061	483.935
469.366	479.399
467.67	507.309
465.975	524.886
464.279	462.855
462.582	512.856
460.886	474.43
459.189	478.74
457.491	494.83
455.793	499.134
454.095	503.436
452.396	466.528
450.697	478.192
448.997	519.271
447.298	494.15
445.597	480.803
443.897	529.203
442.196	504.098
440.494	505.451
438.792	496.521
437.09	496.407
435.387	518.318
433.684	516.731
431.981	501.936
430.277	466.605
428.573	482.635
426.868	498.657
425.163	504.408
423.458	524.815
421.752	488.054
420.046	511.386
418.34	499.549
416.633	511.151
414.925	480.284
413.218	528.484
411.51	493.236
409.801	488.733
408.092	503.249
406.383	488.508
404.673	500.093
402.963	502.902
401.253	495.479
399.542	483.675
397.831	483.563
396.119	506.821
394.407	516.926
392.694	473.01
390.982	509.391
389.268	534.08
387.555	504.779
385.841	504.663
384.126	533.712
382.411	498.599
380.696	505.772
378.981	536.257
377.265	488.057
375.548	514.162
373.832	479.094
372.114	489.175
370.397	505.073
368.679	502.046
366.96	513.57
365.242	551.269
363.523	492.974
361.803	533.569
360.083	518.91
358.363	511.525
356.642	541.917
354.921	509.836
353.199	535.858
351.477	557.512
349.755	537.062
348.032	519.524
346.309	538.265
344.586	519.284
342.862	542.367
341.137	533.543
339.413	518.925
337.688	527.5
335.962	540.418
334.236	541.741
332.51	548.857
330.783	537.148
329.056	541.366
327.328	568.737
325.601	542.563
323.872	554.009
322.144	522.065
320.414	545.078
318.685	569.525
316.955	595.407
315.225	576.486
313.494	553.241
311.763	544.448
310.031	573.199
308.299	574.51
306.567	559.945
304.834	536.73
303.101	545.261
301.368	563.883
299.634	542.125
297.9	562.18
296.165	567.815
294.43	574.887
292.694	583.397
290.958	593.343
289.222	586.007
287.485	549.884
285.748	523.852
284.011	562.578
282.273	535.117
280.534	586.766
278.795	565.063
277.056	599.432
275.317	580.61
273.577	535.934
271.836	544.429
270.096	557.228
268.355	582.943
266.613	575.631
264.871	601.33
263.129	563.885
261.386	599.616
259.643	595.175
257.899	590.735
256.155	581.997
254.411	591.894
252.666	617.548
250.921	580.16
249.175	555.678
247.429	585.617
245.683	591.207
243.936	626.849
242.189	608.103
240.441	589.365
238.693	612.111
236.944	564.784
235.196	624.692
233.446	584.53
231.697	587.252
229.947	589.972
228.196	599.832
226.445	593.982
224.694	608.119
222.942	625.103
221.19	604.982
219.437	629.092
217.685	628.946
215.931	615.967
214.177	602.994
212.423	634.208
210.669	639.759
208.914	648.158
207.158	699.278
205.403	630.77
203.646	656.246
201.89	651.824
200.133	636.021
