4501.29	990.259
4500.4	936.502
4499.52	913.708
4498.64	919.206
4497.75	899.252
4496.87	873.649
4495.98	927.207
4495.1	893.13
4494.22	884.497
4493.33	915.422
4492.45	920.913
4491.56	898.158
4490.68	875.41
4489.79	917.609
4488.9	906.158
4488.02	849.552
4487.13	857.87
4486.25	835.149
4485.36	891.423
4484.47	851.781
4483.59	840.353
4482.7	899.416
4481.81	862.612
4480.93	887.829
4480.04	935.58
4479.15	808.629
4478.26	878.914
4477.38	878.761
4476.49	875.792
4475.6	836.222
4474.71	858.597
4473.83	807.785
4472.94	877.996
4472.05	880.657
4471.16	877.69
4470.27	807.222
4469.38	871.76
4468.49	888.478
4467.6	840.534
4466.71	823.524
4465.82	806.519
4464.93	817.617
4464.04	820.284
4463.15	848.228
4462.26	881.779
4461.37	873.202
4460.48	819.712
4459.59	816.762
4458.7	839.07
4457.81	836.118
4456.92	799.504
4456.03	785.34
4455.14	816.051
4454.24	843.946
4453.35	826.979
4452.46	829.638
4451.57	781.853
4450.68	882.584
4449.78	882.43
4448.89	831.86
4448	798.11
4447.11	848.369
4446.21	834.224
4445.32	800.491
4444.43	741.584
4443.53	749.849
4442.64	830.844
4441.75	771.963
4440.85	805.386
4439.96	836.001
4439.06	838.651
4438.17	827.324
4437.27	788.056
4436.38	776.742
4435.48	838.065
4434.59	843.505
4433.69	807.054
4432.8	834.834
4431.9	862.604
4431.01	831.751
4430.11	848.349
4429.22	781.238
4428.32	825.736
4427.42	923.212
4426.53	861.7
4425.63	842.032
4424.73	797.282
4423.84	852.886
4422.94	922.405
4422.04	874.878
4421.14	821.796
4420.25	860.646
4419.35	893.913
4418.45	896.541
4417.55	915.87
4416.65	837.777
4415.76	882.156
4414.86	884.784
4413.96	970.867
4413.06	837.191
4412.16	906.567
4411.26	817.436
4410.36	917.369
4409.46	897.753
4408.56	850.354
4407.66	930.78
4406.76	916.727
4405.86	866.572
4404.96	935.845
4404.06	924.575
4403.16	943.846
4402.26	927.027
4401.36	924.09
4400.46	932.252
4399.56	907.122
4398.66	887.548
4397.76	909.577
4396.85	906.645
4395.95	917.575
4395.05	931.272
4394.15	911.711
4393.25	1002.98
4392.34	925.242
4391.44	894.614
4390.54	971.995
4389.64	982.899
4388.73	974.422
4387.83	938.271
4386.93	993.452
4386.02	896.44
4385.12	993.103
4384.21	976.334
4383.31	879.376
4382.41	928.99
4381.5	967.528
4380.6	975.65
4379.69	942.318
4378.79	958.73
4377.88	1085.63
4376.98	1066.11
4376.07	980.317
4375.17	993.95
4374.26	1029.66
4373.36	1076.4
4372.45	1037.58
4371.54	1045.67
4370.64	1028.94
4369.73	1045.31
4368.82	976.184
4367.92	1025.64
4367.01	1039.24
4366.1	1028.04
4365.2	1069.19
4364.29	1052.47
4363.38	1057.8
4362.47	1030.07
4361.57	1040.9
4360.66	1032.46
4359.75	1004.75
4358.84	1131.18
4357.93	1100.71
4357.02	1075.76
4356.11	1053.56
4355.21	1089.13
4354.3	1042.19
4353.39	1014.51
4352.48	1143.53
4351.57	1025.15
4350.66	1049.7
4349.75	1101.72
4348.84	1079.55
4347.93	1109.57
4347.02	1081.92
4346.11	1089.96
4345.2	1070.55
4344.29	1070.37
4343.37	1114.08
4342.46	1133.09
4341.55	1127.41
4340.64	1066.87
4339.73	1113.3
4338.82	1135.04
4337.9	1093.72
4336.99	1074.34
4336.08	1137.18
4335.17	1219.17
4334.26	1166.91
4333.34	1144.79
4332.43	1130.9
4331.52	1138.91
4330.6	1144.19
4329.69	1152.2
4328.78	1160.2
4327.86	1187.36
4326.95	1250.06
4326.03	1181.47
4325.12	1142.98
4324.21	1085.37
4323.29	1153.51
4322.38	1177.9
4321.46	1131.25
4320.55	1147.44
4319.63	1174.55
4318.72	1231.7
4317.8	1239.67
4316.88	1176.66
4315.97	1255.61
4315.05	1187.16
4314.14	1200.6
4313.22	1186.74
4312.3	1181.08
4311.39	1180.87
4310.47	1205.2
4309.55	1185.91
4308.63	1242.94
4307.72	1231.82
4306.8	1196.18
4305.88	1111.51
4304.96	1242.06
4304.05	1179.21
4303.13	1219.84
4302.21	1192.4
4301.29	1238.46
4300.37	1232.8
4299.45	1194.49
4298.54	1243.25
4297.62	1264.79
4296.7	1182.98
4295.78	1212.68
4294.86	1242.37
4293.94	1204.1
4293.02	1241.93
4292.1	1222.69
4291.18	1260.51
4290.26	1249.42
4289.34	1284.51
4288.42	1191.96
4287.5	1183.61
4286.57	1215.97
4285.65	1289.03
4284.73	1315.93
4283.81	1291.28
4282.89	1258.51
4281.97	1293.54
4281.04	1274.33
4280.12	1214.47
4279.2	1279.3
4278.28	1241.14
4277.35	1300.52
4276.43	1259.66
4275.51	1245.9
4274.59	1272.75
4273.66	1310.44
4272.74	1323.74
4271.81	1301.85
4270.89	1285.39
4269.97	1285.16
4269.04	1274.11
4268.12	1311.75
4267.19	1254.73
4266.27	1240.99
4265.34	1251.58
4264.42	1281.09
4263.49	1275.46
4262.57	1304.95
4261.64	1288.52
4260.72	1296.39
4259.79	1269.16
4258.87	1231.13
4257.94	1341.59
4257.01	1284.68
4256.09	1292.54
4255.16	1316.6
4254.23	1332.55
4253.31	1283.77
4252.38	1286.24
4251.45	1299.49
4250.52	1250.74
4249.6	1309.81
4248.67	1298.8
4247.74	1285.1
4246.81	1298.34
4245.88	1362.74
4244.96	1292.49
4244.03	1300.34
4243.1	1335.1
4242.17	1297.19
4241.24	1313.1
4240.31	1302.11
4239.38	1253.46
4238.45	1261.31
4237.52	1312.17
4236.59	1314.63
4235.66	1330.52
4234.73	1273.85
4233.8	1287.06
4232.87	1353.99
4231.94	1324.21
4231.01	1361.57
4230.08	1296.89
4229.15	1323.5
4228.22	1355.48
4227.28	1352.55
4226.35	1261.08
4225.42	1341.34
4224.49	1343.79
4223.56	1308.68
4222.62	1305.77
4221.69	1281.41
4220.76	1345.51
4219.83	1291.68
4218.89	1318.24
4217.96	1387.66
4217.03	1320.45
4216.09	1293.44
4215.16	1352.11
4214.23	1365.26
4213.29	1354.31
4212.36	1303.22
4211.42	1278.91
4210.49	1305.43
4209.55	1307.88
4208.62	1321.02
4207.68	1267.31
4206.75	1347.28
4205.81	1301.6
4204.88	1392.23
4203.94	1263.74
4203.01	1311.59
4202.07	1308.69
4201.13	1308.46
4200.2	1329.58
4199.26	1374.73
4198.32	1363.81
4197.39	1347.55
4196.45	1371.33
4195.51	1349.74
4194.58	1322.83
4193.64	1325.26
4192.7	1333.02
4191.76	1295.47
4190.82	1257.93
4189.89	1316.33
4188.95	1369.37
4188.01	1329.18
4187.07	1318.29
4186.13	1413.91
4185.19	1347.1
4184.25	1365.49
4183.31	1290.73
4182.37	1383.63
4181.43	1404.67
4180.49	1409.74
4179.55	1374.92
4178.61	1372.01
4177.67	1286.7
4176.73	1289.13
4175.79	1363.31
4174.85	1363.06
4173.91	1349.54
4172.97	1402.42
4172.03	1418.1
4171.09	1338.2
4170.14	1460.07
4169.2	1329.76
4168.26	1329.52
4167.32	1385
4166.38	1366.19
4165.43	1355.33
4164.49	1317.97
4163.55	1349.55
4162.6	1362.56
4161.66	1484.24
4160.72	1383.27
4159.77	1388.33
4158.83	1372.19
4157.89	1393.13
4156.94	1339.92
4156	1307.91
4155.05	1336.79
4154.11	1355.08
4153.16	1370.72
4152.22	1341.37
4151.27	1396.68
4150.33	1322.38
4149.38	1327.43
4148.44	1372.14
4147.49	1390.4
4146.55	1390.15
4145.6	1471.81
4144.65	1445.13
4143.71	1336.58
4142.76	1418.21
4141.81	1431.16
4140.87	1386.02
4139.92	1449.12
4138.97	1348.58
4138.03	1464.44
4137.08	1387.67
4136.13	1342.58
4135.18	1392.45
4134.23	1408.02
4133.29	1410.4
4132.34	1373.25
4131.39	1391.45
4130.44	1420.19
4129.49	1491.06
4128.54	1364.37
4127.59	1443.13
4126.64	1390.21
4125.69	1361
4124.74	1381.82
4123.79	1421.04
4122.84	1433.94
4121.89	1399.49
4120.94	1443.95
4119.99	1491.03
4119.04	1404
4118.09	1364.31
4117.14	1416.63
4116.19	1463.68
4115.24	1505.46
4114.28	1376.47
4113.33	1365.72
4112.38	1349.72
4111.43	1341.6
4110.48	1427.99
4109.52	1404.11
4108.57	1458.96
4107.62	1364.25
4106.66	1405.98
4105.71	1426.71
4104.76	1413.34
4103.8	1358.03
4102.85	1402.35
4101.9	1417.82
4100.94	1404.47
4099.99	1391.12
4099.03	1375.15
4098.08	1322.53
4097.12	1458.45
4096.17	1340.38
4095.21	1473.63
4094.26	1452.43
4093.3	1420.77
4092.35	1349.88
4091.39	1430.73
4090.44	1448.77
4089.48	1440.67
4088.52	1463.94
4087.57	1406.18
4086.61	1395.47
4085.65	1379.54
4084.7	1413.26
4083.74	1405.17
4082.78	1514.59
4081.82	1415.11
4080.87	1446.18
4079.91	1430.26
4078.95	1552.65
4077.99	1411.48
4077.03	1445.14
4076.08	1481.39
4075.12	1483.74
4074.16	1465.22
4073.2	1384.15
4072.24	1451.66
4071.28	1427.95
4070.32	1487.62
4069.36	1463.91
4068.4	1554.79
4067.44	1523.27
4066.48	1418.86
4065.52	1442.03
4064.56	1394.93
4063.6	1399.88
4062.64	1529.71
4061.68	1503.42
4060.72	1490.15
4059.75	1430.08
4058.79	1523.41
4057.83	1481.55
4056.87	1478.68
4055.91	1499.2
4054.94	1485.94
4053.98	1485.68
4053.02	1467.23
4052.06	1415.04
4051.09	1492.66
4050.13	1507.97
4049.17	1486.94
4048.2	1481.48
4047.24	1429.33
4046.27	1449.82
4045.31	1527.36
4044.35	1534.86
4043.38	1485.33
4042.42	1521.35
4041.45	1451.11
4040.49	1489.71
4039.52	1476.49
4038.56	1486.59
4037.59	1395.69
4036.63	1429.09
4035.66	1478.02
4034.69	1475.16
4033.73	1534.41
4032.76	1523.79
4031.8	1544.21
4030.83	1453.41
4029.86	1489.35
4028.89	1509.76
4027.93	1481.06
4026.96	1478.21
4025.99	1516.7
4025.02	1529.34
4024.06	1526.49
4023.09	1500.39
4022.12	1559.5
4021.15	1530.82
4020.18	1522.8
4019.21	1494.14
4018.25	1530
4017.28	1547.78
4016.31	1519.13
4015.34	1464.7
4014.37	1487.64
4013.4	1505.42
4012.43	1533.5
4011.46	1391.49
4010.49	1509.76
4009.52	1532.67
4008.55	1496.33
4007.58	1503.79
4006.6	1526.69
4005.63	1508.39
4004.66	1523.56
4003.69	1484.69
4002.72	1595.05
4001.75	1502.16
4000.77	1517.32
3999.8	1465.62
3998.83	1534.77
3997.86	1542.2
3996.88	1531.64
3995.91	1503.1
3994.94	1531.09
3993.96	1548.79
3992.99	1522.83
3992.02	1594.45
3991.04	1494.05
3990.07	1514.31
3989.1	1524.3
3988.12	1490.67
3987.15	1469.88
3986.17	1605.55
3985.2	1533.46
3984.22	1561.38
3983.25	1622.62
3982.27	1591.57
3981.3	1527.22
3980.32	1526.95
3979.34	1511.3
3978.37	1580.18
3977.39	1533.8
3976.41	1533.52
3975.44	1548.61
3974.46	1584.15
3973.48	1542.93
3972.51	1509.39
3971.53	1590.97
3970.55	1450.03
3969.57	1587.84
3968.6	1572.21
3967.62	1559.15
3966.64	1612.53
3965.66	1512.59
3964.68	1545.53
3963.7	1568.23
3962.73	1547.52
3961.75	1621.28
3960.77	1511.22
3959.79	1518.61
3958.81	1689.3
3957.83	1512.95
3956.85	1530.54
3955.87	1594.02
3954.89	1555.48
3953.91	1514.41
3952.93	1577.86
3951.94	1549.54
3950.96	1498.3
3949.98	1589.74
3949	1569.07
3948.02	1556.06
3947.04	1581.24
3946.06	1560.58
3945.07	1506.85
3944.09	1588.01
3943.11	1564.82
3942.13	1493.31
3941.14	1622.76
3940.16	1533.46
3939.18	1571.32
3938.19	1550.7
3937.21	1613.96
3936.23	1705.15
3935.24	1544.77
3934.26	1618.16
3933.27	1549.29
3932.29	1584.56
3931.3	1528.42
3930.32	1568.75
3929.33	1601.46
3928.35	1644.31
3927.36	1583.12
3926.38	1633.57
3925.39	1562.26
3924.41	1602.55
3923.42	1632.68
3922.43	1601.97
3921.45	1624.48
3920.46	1598.85
3919.47	1687.23
3918.49	1631.2
3917.5	1559.99
3916.51	1648.33
3915.52	1696.13
3914.54	1581.92
3913.55	1609.47
3912.56	1604.12
3911.57	1608.89
3910.58	1555.48
3909.6	1598.19
3908.61	1597.9
3907.62	1640.58
3906.63	1635.23
3905.64	1619.77
3904.65	1574
3903.66	1604.02
3902.67	1613.83
3901.68	1626.17
3900.69	1615.77
3899.7	1572.57
3898.71	1519.28
3897.72	1647.69
3896.73	1601.98
3895.74	1649.62
3894.74	1563.57
3893.75	1633.89
3892.76	1608.38
3891.77	1648.42
3890.78	1567.47
3889.79	1640.26
3888.79	1697.9
3887.8	1687.52
3886.81	1601.59
3885.81	1661.72
3884.82	1603.52
3883.83	1623.37
3882.83	1582.81
3881.84	1660.51
3880.85	1640.09
3879.85	1629.73
3878.86	1712.41
3877.86	1702.04
3876.87	1643.92
3875.88	1608.44
3874.88	1620.71
3873.89	1627.95
3872.89	1562.34
3871.89	1589.68
3870.9	1659.7
3869.9	1659.4
3868.91	1669.14
3867.91	1581
3866.91	1686.09
3865.92	1695.82
3864.92	1655.38
3863.92	1635.01
3862.93	1644.75
3861.93	1737.2
3860.93	1674.22
3859.93	1586.21
3858.94	1641.04
3857.94	1640.74
3856.94	1652.96
3855.94	1617.61
3854.94	1657.37
3853.94	1744.68
3852.95	1629.23
3851.95	1596.41
3850.95	1638.65
3849.95	1680.87
3848.95	1700.57
3847.95	1667.75
3846.95	1669.95
3845.95	1709.64
3844.95	1701.83
3843.95	1691.52
3842.95	1623.76
3841.95	1665.93
3840.94	1650.64
3839.94	1635.36
3838.94	1635.06
3837.94	1734.59
3836.94	1634.46
3835.94	1656.62
3834.93	1611.42
3833.93	1725.85
3832.93	1655.71
3831.93	1722.72
3830.92	1682.52
3829.92	1719.6
3828.92	1699.35
3827.91	1666.65
3826.91	1643.93
3825.91	1623.71
3824.9	1708.07
3823.9	1690.33
3822.89	1672.6
3821.89	1677.27
3820.88	1657.06
3819.88	1679.14
3818.87	1743.5
3817.87	1755.62
3816.86	1720.49
3815.86	1782.32
3814.85	1739.74
3813.84	1672.33
3812.84	1781.34
3811.83	1718.91
3810.83	1805.52
3809.82	1683.52
3808.81	1742.8
3807.8	1782.19
3806.8	1642.89
3805.79	1692.21
3804.78	1704.31
3803.77	1766.01
3802.77	1728.48
3801.76	1733.13
3800.75	1817.09
3799.74	1806.85
3798.73	1699.96
3797.72	1692.21
3796.71	1736.49
3795.7	1716.36
3794.69	1636.81
3793.68	1747.92
3792.67	1789.68
3791.66	1658.18
3790.65	1692.52
3789.64	1744.16
3788.63	1731.48
3787.62	1664.38
3786.61	1664.08
3785.6	1718.16
3784.59	1799.41
3783.58	1670.58
3782.56	1724.63
3781.55	1699.61
3780.54	1775.86
3779.53	1745.91
3778.52	1713.49
3777.5	1797.1
3776.49	1712.86
3775.48	1798.91
3774.46	1803.52
3773.45	1697.12
3772.44	1701.74
3771.42	1689.1
3770.41	1723.3
3769.39	1772.28
3768.38	1754.71
3767.36	1880.05
3766.35	1830.43
3765.34	1827.63
3764.32	1741.1
3763.3	1750.63
3762.29	1713.39
3761.27	1703.23
3760.26	1749.67
3759.24	1776.41
3758.23	1726.89
3757.21	1741.33
3756.19	1765.6
3755.18	1809.53
3754.16	1772.32
3753.14	1730.22
3752.12	1815.9
3751.11	1759.06
3750.09	1697.33
3749.07	1844.37
3748.05	1755.64
3747.03	1718.49
3746.02	1821.26
3745	1727.67
3743.98	1766.61
3742.96	1778.55
3741.94	1878.79
3740.92	1753.38
3739.9	1789.83
3738.88	1794.4
3737.86	1764.66
3736.84	1798.64
3735.82	1710.11
3734.8	1680.4
3733.78	1876.02
3732.76	1834.05
3731.74	1748.03
3730.71	1728.12
3729.69	1784.09
3728.67	1744.61
3727.65	1746.74
3726.63	1788
3725.61	1807.23
3724.58	1806.9
3723.56	1801.68
3722.54	1820.9
3721.51	1818.12
3720.49	1827.56
3719.47	1802.79
3718.44	1785.36
3717.42	1814.34
3716.4	1848.18
3715.37	1755.09
3714.35	1815.78
3713.32	1817.88
3712.3	1878.54
3711.27	1817.21
3710.25	1777.86
3709.22	1904.32
3708.2	1760.14
3707.17	1815.87
3706.15	1837.47
3705.12	1824.95
3704.09	1749.09
3703.07	1824.27
3702.04	1862.9
3701.01	1857.69
3699.99	1867.08
3698.96	1786.42
3697.93	1817.72
3696.9	1829.55
3695.88	1860.84
3694.85	1845.9
3693.82	1855.29
3692.79	1886.55
3691.76	1852.17
3690.74	1885.85
3689.71	1805.32
3688.68	1892.44
3687.65	1872.66
3686.62	1787.32
3685.59	1823.41
3684.56	1815.79
3683.53	1837.3
3682.5	1904.91
3681.47	1894.85
3680.44	1862.97
3679.41	1886.88
3678.38	1847.73
3677.34	1864.36
3676.31	1963.4
3675.28	1875.79
3674.25	1916.63
3673.22	1865.4
3672.19	1915.92
3671.15	1876.82
3670.12	1874.05
3669.09	1822.87
3668.06	1890.3
3667.02	1887.53
3665.99	1918.64
3664.96	1925.54
3663.92	1915.51
3662.89	1917.57
3661.85	1955.9
3660.82	1982.13
3659.79	1853.67
3658.75	1819.5
3657.72	1927.88
3656.68	1932.35
3655.65	2050.33
3654.61	1967.85
3653.57	2018.19
3652.54	1926.09
3651.5	1954.69
3650.47	2005
3649.43	1980.51
3648.39	2006.67
3647.36	1972.54
3646.32	1943.24
3645.28	2005.55
3644.25	2036.51
3643.21	2016.86
3642.17	2127.31
3641.13	1984.8
3640.09	2104.85
3639.06	2061.11
3638.02	2147.4
3636.98	2057.94
3635.94	2158.63
3634.9	2090.86
3633.86	2078.45
3632.82	2181.49
3631.78	2142.61
3630.74	2156.63
3629.7	2180.27
3628.66	2165.45
3627.62	2302.01
3626.58	2234.32
3625.54	2207.48
3624.5	2226.28
3623.46	2233.07
3622.42	2393.51
3621.38	2313.85
3620.33	2179.03
3619.29	2231.42
3618.25	2288.58
3617.21	2249.77
3616.17	2199
3615.12	2263.32
3614.08	2229.34
3613.04	2384.72
3611.99	2242.89
3610.95	2321.54
3609.91	2313.92
3608.86	2256.01
3607.82	2267.57
3606.77	2283.9
3605.73	2266.72
3604.69	2254.34
3603.64	2218.03
3602.6	2258.28
3601.55	2267.43
3600.5	2295.71
3599.46	2352.66
3598.41	2311.59
3597.37	2196.44
3596.32	2227.09
3595.27	2169.34
3594.23	2312.26
3593.18	2323.77
3592.13	2268.42
3591.09	2191.6
3590.04	2203.13
3588.99	2212.26
3587.94	2166.52
3586.9	2275.85
3585.85	2251.57
3584.8	2236.85
3583.75	2148.21
3582.7	2202.64
3581.65	2240.36
3580.6	2192.29
3579.56	2311.01
3578.51	2134.3
3577.46	2193.45
3576.41	2252.57
3575.36	2261.67
3574.31	2185.08
3573.26	2215.61
3572.2	2205.68
3571.15	2176.72
3570.1	2307.13
3569.05	2206.83
3568	2137.47
3566.95	2244.04
3565.9	2181.83
3564.84	2150.53
3563.79	2166.76
3562.74	2156.85
3561.69	2291.82
3560.63	2222.53
3559.58	2255.36
3558.53	2228.83
3557.47	2185.69
3556.42	2133.09
3555.37	2215.72
3554.31	2177.36
3553.26	2259.95
3552.2	2247.67
3551.15	2187.99
3550.09	2237.35
3549.04	2142.15
3547.98	2288.64
3546.93	2155.56
3545.87	2150.43
3544.82	2173.7
3543.76	2239.58
3542.71	2224.96
3541.65	2257.68
3540.59	2205.21
3539.54	2204.79
3538.48	2131.06
3537.42	2130.66
3536.36	2227.2
3535.31	2205.51
3534.25	2188.55
3533.19	2216.5
3532.13	2180.65
3531.07	2206.23
3530.02	2156.22
3528.96	2257.35
3527.9	2214.43
3526.84	2228.18
3525.78	2190.01
3524.72	2189.6
3523.66	2236.37
3522.6	2219.44
3521.54	2195.44
3520.48	2228.04
3519.42	2274.77
3518.36	2295.56
3517.3	2217.37
3516.24	2275.85
3515.17	2185.91
3514.11	2169.02
3513.05	2192.16
3511.99	2092.87
3510.93	2179.57
3509.87	2176.81
3508.8	2178.76
3507.74	2255.98
3506.68	2234.39
3505.61	2161.07
3504.55	2247.66
3503.49	2237.83
3502.42	2228.01
3501.36	2279.29
3500.3	2161.4
3499.23	2165.69
3498.17	2162.94
3497.1	2235.32
3496.04	2279.51
3494.97	2133.56
3493.91	2234.07
3492.84	2261.8
3491.77	2151.12
3490.71	2272.68
3489.64	2211.29
3488.58	2178.05
3487.51	2264.37
3486.44	2240.51
3485.38	2265.87
3484.31	2277.16
3483.24	2260.33
3482.17	2166.23
3481.11	2226.71
3480.04	2266.08
3478.97	2167.36
3477.9	2166.95
3476.83	2211
3475.77	2276.08
3474.7	2207.83
3473.63	2286.92
3472.56	2216.35
3471.49	2192.56
3470.42	2269.27
3469.35	2259.5
3468.28	2228.71
3467.21	2340.4
3466.14	2237.21
3465.07	2264.81
3464	2185.01
3462.92	2228.95
3461.85	2193.53
3460.78	2433.42
3459.71	2323.33
3458.64	2196.96
3457.57	2210.53
3456.49	2198.46
3455.42	2251.66
3454.35	2248.91
3453.28	2187.9
3452.2	2243.4
3451.13	2208.04
3450.06	2275.16
3448.98	2253.78
3447.91	2185.85
3446.83	2266.9
3445.76	2208.3
3444.68	2303.27
3443.61	2181.88
3442.53	2258.22
3441.46	2250.82
3440.38	2294.56
3439.31	2252.29
3438.23	2330.88
3437.16	2198.01
3436.08	2206.88
3435	2310.99
3433.93	2250.18
3432.85	2270.65
3431.77	2302.72
3430.7	2241.94
3429.62	2271.69
3428.54	2208.62
3427.46	2215.16
3426.39	2254.17
3425.31	2297.8
3424.23	2264.91
3423.15	2185.68
3422.07	2236.25
3420.99	2245.1
3419.91	2147.38
3418.83	2211.83
3417.75	2273.93
3416.68	2210.99
3415.6	2215.21
3414.51	2268.02
3413.43	2299.99
3412.35	2202.39
3411.27	2234.36
3410.19	2252.43
3409.11	2265.88
3408.03	2159.12
3406.95	2290.45
3405.87	2269.22
3404.78	2319.62
3403.7	2261.44
3402.62	2284.11
3401.54	2341.4
3400.45	2234.76
3399.37	2213.57
3398.29	2275.46
3397.2	2311.95
3396.12	2281.52
3395.04	2338.75
3393.95	2287.58
3392.87	2268.7
3391.78	2236
3390.7	2281.68
3389.61	2299.68
3388.53	2237.04
3387.44	2317.24
3386.36	2176.32
3385.27	2210.45
3384.19	2237.65
3383.1	2237.23
3382.01	2282.83
3380.93	2245.59
3379.84	2183.06
3378.75	2226.34
3377.67	2356.99
3376.58	2241.59
3375.49	2190.6
3374.4	2339.57
3373.31	2217.35
3372.23	2226.12
3371.14	2283.12
3370.05	2211.5
3368.96	2289.14
3367.87	2348.4
3366.78	2256.15
3365.69	2271.78
3364.6	2262.18
3363.51	2335.15
3362.42	2252.15
3361.33	2283.82
3360.24	2242.12
3359.15	2255.45
3358.06	2298.57
3356.97	2309.59
3355.88	2279.37
3354.79	2223.97
3353.69	2143.4
3352.6	2227.71
3351.51	2284.51
3350.42	2242.89
3349.33	2347.72
3348.23	2242.04
3347.14	2273.64
3346.05	2250.34
3344.95	2297.93
3343.86	2256.34
3342.77	2246.77
3341.67	2296.62
3340.58	2266.48
3339.48	2316.31
3338.39	2313.59
3337.29	2214.96
3336.2	2292.16
3335.1	2257.49
3334.01	2259.34
3332.91	2304.55
3331.82	2221.99
3330.72	2312.8
3329.62	2230.27
3328.53	2286.84
3327.43	2231.7
3326.33	2258.63
3325.24	2258.2
3324.14	2264.61
3323.04	2159.4
3321.94	2254.64
3320.85	2279.26
3319.75	2221.91
3318.65	2344.4
3317.55	2223.34
3316.45	2191.07
3315.35	2336.24
3314.25	2247.1
3313.16	2333.08
3312.06	2196.23
3310.96	2298.1
3309.86	2327.21
3308.76	2258.6
3307.66	2244.54
3306.55	2203.23
3305.45	2186.91
3304.35	2272.78
3303.25	2247.37
3302.15	2219.71
3301.05	2253.33
3299.95	2214.33
3298.84	2288.76
3297.74	2322.35
3296.64	2224.41
3295.54	2226.25
3294.43	2259.83
3293.33	2293.39
3292.23	2261.23
3291.12	2267.6
3290.02	2294.35
3288.92	2230.51
3287.81	2257.25
3286.71	2209.28
3285.6	2297.13
3284.5	2255.96
3283.39	2228.39
3282.29	2246.06
3281.18	2272.77
3280.08	2195.46
3278.97	2269.64
3277.86	2226.27
3276.76	2280.08
3275.65	2263.83
3274.54	2276.95
3273.44	2231.35
3272.33	2255.76
3271.22	2153.74
3270.12	2277.47
3269.01	2222.88
3267.9	2235.99
3266.79	2255.87
3265.68	2226.12
3264.57	2216.68
3263.47	2232.04
3262.36	2215.83
3261.25	2188.36
3260.14	2208.23
3259.03	2228.08
3257.92	2263.7
3256.81	2324.07
3255.7	2298.86
3254.59	2215.13
3253.48	2198.95
3252.37	2286.29
3251.25	2234.11
3250.14	2249.43
3249.03	2246.75
3247.92	2302.54
3246.81	2209.93
3245.69	2283.68
3244.58	2195.6
3243.47	2244.61
3242.36	2190.27
3241.24	2254.99
3240.13	2277.01
3239.02	2150.85
3237.9	2211.05
3236.79	2179.2
3235.68	2225.91
3234.56	2259.14
3233.45	2234.03
3232.33	2211.18
3231.22	2239.9
3230.1	2264.14
3228.99	2230.08
3227.87	2205.01
3226.75	2278.52
3225.64	2192.97
3224.52	2288.85
3223.41	2297.37
3222.29	2142.46
3221.17	2215.91
3220.05	2161.78
3218.94	2194.93
3217.82	2205.7
3216.7	2258.95
3215.58	2193.67
3214.47	2215.61
3213.35	2186.13
3212.23	2237.11
3211.11	2109.32
3209.99	2180.41
3208.87	2215.73
3207.75	2208.6
3206.63	2141.2
3205.51	2203.29
3204.39	2269.83
3203.27	2173.44
3202.15	2309.12
3201.03	2230.61
3199.91	2123.13
3198.79	2158.4
3197.67	2296.21
3196.55	2175.41
3195.42	2197.27
3194.3	2277.06
3193.18	2258.81
3192.06	2155.92
3190.93	2217.86
3189.81	2268.64
3188.69	2221.46
3187.56	2212.13
3186.44	2144.96
3185.32	2197.94
3184.19	2224.21
3183.07	2154.85
3181.94	2207.79
3180.82	2194.03
3179.7	2180.28
3178.57	2137.64
3177.44	2252.76
3176.32	2267.87
3175.19	2196.37
3174.07	2229.26
3172.94	2233.27
3171.82	2192.89
3170.69	2172.5
3169.56	2134.36
3168.43	2218.25
3167.31	2211.17
3166.18	2199.66
3165.05	2148.25
3163.92	2141.18
3162.8	2189.53
3161.67	2266.66
3160.54	2153.24
3159.41	2170.55
3158.28	2125.84
3157.15	2189.64
3156.02	2147.16
3154.89	2166.67
3153.76	2104.3
3152.63	2117.17
3151.5	2196.39
3150.37	2149.53
3149.24	2146.9
3148.11	2153.12
3146.98	2203.54
3145.85	2150.09
3144.72	2165.14
3143.59	2204.48
3142.45	2095.84
3141.32	2124.15
3140.19	2092.83
3139.06	2174.09
3137.92	2156.02
3136.79	2100.45
3135.66	2144.16
3134.52	2048.92
3133.39	2136.72
3132.26	2103.24
3131.12	2096.23
3129.99	2166.35
3128.85	2143.9
3127.72	2101.63
3126.58	2145.27
3125.45	2120.64
3124.31	2203.89
3123.18	2113.22
3122.04	2117.21
3120.9	2136.61
3119.77	2184.6
3118.63	2245.77
3117.49	2135.38
3116.36	2108.58
3115.22	2116.97
3114.08	2109.97
3112.95	2120.55
3111.81	2122.34
3110.67	2141.7
3109.53	2110.54
3108.39	2145.26
3107.25	2160.22
3106.11	2109.32
3104.98	2095.75
3103.84	2128.25
3102.7	2123.46
3101.56	2087.96
3100.42	2096.32
3099.28	2089.34
3098.14	2064.83
3096.99	2191.54
3095.85	2230.56
3094.71	2100.88
3093.57	2199.03
3092.43	2143.86
3091.29	2158.78
3090.15	2145.23
3089	2144.81
3087.86	2098.45
3086.72	2078.35
3085.57	2077.95
3084.43	2099.42
3083.29	2059.66
3082.14	2085.49
3081	2056.68
3079.86	2237.65
3078.71	2121.43
3077.57	2044.57
3076.42	2105.32
3075.28	2111.47
3074.13	2135.07
3072.99	2069.18
3071.84	2153.89
3070.7	2022.56
3069.55	2081.07
3068.4	2159.18
3067.26	1982.14
3066.11	2138.73
3064.96	2151.39
3063.82	2118.29
3062.67	2069.94
3061.52	2106.58
3060.37	2088.75
3059.23	2099.23
3058.08	2079.23
3056.93	2067.94
3055.78	2002.25
3054.63	2112.84
3053.48	2058.04
3052.33	2048.94
3051.18	2022.45
3050.03	2085.11
3048.88	2117.32
3047.73	2106.04
3046.58	1968.74
3045.43	2103.05
3044.28	2039.66
3043.13	2117.44
3041.98	2106.18
3040.83	2010.25
3039.68	2031.57
3038.52	2048.53
3037.37	2143.6
3036.22	2099.8
3035.07	2064.69
3033.91	2146.69
3032.76	2076.9
3031.61	1994.13
3030.45	2073.93
3029.3	2090.86
3028.14	2068.8
3026.99	2105.21
3025.84	2072.32
3024.68	2108.73
3023.53	2028.23
3022.37	2045.15
3021.22	2036.1
3020.06	2061.66
3018.9	2039.64
3017.75	2054.38
3016.59	2075.6
3015.44	2053.58
3014.28	2094.25
3013.12	2119.77
3011.96	2019.98
3010.81	2006.63
3009.65	2014.88
3008.49	2046.88
3007.33	1996.83
3006.18	2145.36
3005.02	2009
3003.86	2051.76
3002.7	2036.26
3001.54	2053.12
3000.38	1996.66
2999.22	2043.7
2998.06	2064.86
2996.9	1976.1
2995.74	2010.19
2994.58	1960.26
2993.42	2080.48
2992.26	2013.33
2991.1	2032.31
2989.94	1991.02
2988.77	2020.76
2987.61	2003.16
2986.45	2037.19
2985.29	2094.86
2984.12	1939.63
2982.96	2111.25
2981.8	2042.05
2980.64	2002.97
2979.47	2099.28
2978.31	1997.9
2977.14	2006.1
2975.98	2044.37
2974.82	2059
2973.65	1994.2
2972.49	2049.61
2971.32	2008.44
2970.16	2057.4
2968.99	1977.63
2967.82	2020.14
2966.66	2036.9
2965.49	2162.98
2964.33	2006.1
2963.16	2001.42
2961.99	2018.17
2960.83	1972.8
2959.66	1993.83
2958.49	2057.68
2957.32	1982.35
2956.15	2001.23
2954.99	2028.66
2953.82	2060.36
2952.65	2034.29
2951.48	2027.47
2950.31	1984.31
2949.14	1998.89
2947.97	1966.44
2946.8	2017.35
2945.63	2031.91
2944.46	1993.06
2943.29	2016.17
2942.12	2030.72
2940.95	2077.29
2939.78	2034.2
2938.61	2016.73
2937.44	1999.27
2936.26	2003.14
2935.09	1979.29
2933.92	1953.32
2932.75	1929.48
2931.57	2007.98
2930.4	1945.78
2929.23	2049.81
2928.05	1955.67
2926.88	2046.88
2925.71	1942.13
2924.53	2033.31
2923.36	1915.83
2922.18	1966.54
2921.01	1978.92
2919.83	1984.92
2918.66	1969.64
2917.48	1937.36
2916.31	2002.89
2915.13	1945.1
2913.95	2012.74
2912.78	1984.72
2911.6	1956.71
2910.42	1941.46
2909.25	2011.16
2908.07	1964.06
2906.89	2016.75
2905.71	1916.6
2904.54	1950.17
2903.36	1879.78
2902.18	1943.05
2901	2021.14
2899.82	1935.93
2898.64	1950.39
2897.46	1983.92
2896.28	1888.17
2895.1	1923.82
2893.92	1978.52
2892.74	1954.84
2891.56	1977.75
2890.38	1890.56
2889.2	1947.34
2888.02	1917.33
2886.84	1914.84
2885.65	1933.51
2884.47	1966.97
2883.29	1966.58
2882.11	1915.46
2880.92	1934.11
2879.74	1997.13
2878.56	1924.9
2877.38	1909.73
2876.19	1938.93
2875.01	1858.3
2873.82	1946.62
2872.64	1948.35
2871.45	1945.85
2870.27	1953.91
2869.08	1959.86
2867.9	1862.45
2866.71	1948.55
2865.53	1969.25
2864.34	1892.98
2863.16	1974.8
2861.97	1968.09
2860.78	1974.03
2859.6	1916.77
2858.41	1950.09
2857.22	1951.81
2856.03	1930.38
2854.85	1921.58
2853.66	1879.12
2852.47	1965.01
2851.28	1914.14
2850.09	1859.08
2848.9	1930.21
2847.71	1929.83
2846.52	1998.81
2845.34	1929.07
2844.15	1829.95
2842.96	1949.32
2841.76	2009.84
2840.57	1858.27
2839.38	1855.8
2838.19	1876.43
2837	1951.61
2835.81	1968.01
2834.62	1982.31
2833.43	1925.29
2832.23	1864.1
2831.04	1937.11
2829.85	1922.06
2828.65	1898.63
2827.46	1944.35
2826.27	1962.82
2825.07	1897.51
2823.88	1943.21
2822.69	1873.74
2821.49	1881.74
2820.3	1919.04
2819.1	1864.26
2817.91	1928.75
2816.71	1863.53
2815.52	1990.72
2814.32	1927.61
2813.13	1887.52
2811.93	1899.68
2810.73	1922.29
2809.54	1869.69
2808.34	1931.98
2807.14	1860.6
2805.94	1818.48
2804.75	1901.62
2803.55	1863.68
2802.35	1946.77
2801.15	1956.82
2799.95	1912.64
2798.75	1901.83
2797.56	1897.29
2796.36	1828.13
2795.16	1965.32
2793.96	1827.41
2792.76	1837.46
2791.56	1924.58
2790.36	1890.88
2789.16	1871.77
2787.95	1875.57
2786.75	1800.27
2785.55	1851.94
2784.35	1849.49
2783.15	1942.73
2781.95	1900.75
2780.74	1889.98
2779.54	1860.51
2778.34	1860.14
2777.13	1868.09
2775.93	1915.5
2774.73	1832.04
2773.52	1881.52
2772.32	1924.75
2771.12	1882.85
2769.91	1834.75
2768.71	1900.79
2767.5	1848.54
2766.3	1808.77
2765.09	1878.92
2763.89	1886.85
2762.68	1849.16
2761.47	1933.77
2760.27	1796.62
2759.06	1904
2757.85	1855.99
2756.65	1923.96
2755.44	1830.41
2754.23	1871.45
2753.02	1837.96
2751.81	1835.53
2750.61	1841.37
2749.4	1886.52
2748.19	1898.55
2746.98	1889.91
2745.77	1796.51
2744.56	1905.7
2743.35	1828.86
2742.14	1820.23
2740.93	1797.15
2739.72	1842.23
2738.51	1835.67
2737.3	1824.99
2736.09	1806.05
2734.88	1824.27
2733.66	1850.73
2732.45	1850.36
2731.24	1872.68
2730.03	1732.1
2728.82	1851.33
2727.6	1846.84
2726.39	1871.2
2725.18	1792.54
2723.96	1790.12
2722.75	1777.41
2721.53	1783.24
2720.32	1865.23
2719.11	1799
2717.89	1749.25
2716.68	1860.01
2715.46	1855.53
2714.25	1818.14
2713.03	1760.2
2711.81	1800.97
2710.6	1854.06
2709.38	1839.31
2708.16	1888.26
2706.95	1822.15
2705.73	1823.84
2704.51	1819.37
2703.29	1790.27
2702.08	1812.49
2700.86	1842.92
2699.64	1832.29
2698.42	1819.62
2697.2	1813.11
2695.98	1775.84
2694.76	1832.89
2693.54	1795.63
2692.32	1750.19
2691.1	1801.06
2689.88	1792.51
2688.66	1796.25
2687.44	1793.85
2686.22	1793.49
2685	1746.06
2683.78	1825.53
2682.56	1771.96
2681.33	1828.89
2680.11	1787.62
2678.89	1738.19
2677.67	1690.82
2676.44	1739.55
2675.22	1745.33
2674	1781.76
2672.77	1816.14
2671.55	1785.14
2670.33	1766.41
2669.1	1782.39
2667.88	1771.83
2666.65	1763.31
2665.43	1750.72
2664.2	1774.85
2662.97	1703.11
2661.75	1816.97
2660.52	1773.8
2659.3	1761.21
2658.07	1769.02
2656.84	1760.51
2655.62	1756.09
2654.39	1743.52
2653.16	1728.92
2651.93	1785.58
2650.7	1722.12
2649.48	1766.56
2648.25	1764.17
2647.02	1712.96
2645.79	1676.01
2644.56	1759.05
2643.33	1787.16
2642.1	1746.15
2640.87	1735.64
2639.64	1814.54
2638.41	1741.05
2637.18	1748.83
2635.95	1703.8
2634.72	1677.07
2633.48	1735.6
2632.25	1680.46
2631.02	1745.06
2629.79	1665.59
2628.56	1760.59
2627.32	1766.32
2626.09	1751.78
2624.86	1714.94
2623.62	1757.16
2622.39	1738.57
2621.16	1667.32
2619.92	1733.83
2618.69	1727.41
2617.45	1729.09
2616.22	1694.33
2614.98	1687.92
2613.75	1709.84
2612.51	1772.22
2611.27	1705.12
2610.04	1761.4
2608.8	1676.13
2607.57	1665.69
2606.33	1707.8
2605.09	1780.2
2603.85	1666.71
2602.62	1779.49
2601.38	1704.42
2600.14	1698.02
2598.9	1750.16
2597.66	1658.99
2596.42	1676.82
2595.18	1656.31
2593.94	1728.6
2592.71	1698
2591.47	1629.11
2590.23	1689.26
2588.98	1650.63
2587.74	1706.72
2586.5	1686.23
2585.26	1675.83
2584.02	1665.42
2582.78	1711.4
2581.54	1711.06
2580.29	1696.63
2579.05	1674.15
2577.81	1706.01
2576.57	1751.93
2575.32	1640.97
2574.08	1676.84
2572.84	1706.65
2571.59	1637.98
2570.35	1653.73
2569.1	1681.52
2567.86	1645.03
2566.61	1763.19
2565.37	1680.51
2564.12	1712.3
2562.88	1663.79
2561.63	1697.56
2560.39	1671.14
2559.14	1636.71
2557.89	1646.41
2556.65	1768.38
2555.4	1623.7
2554.15	1625.38
2552.9	1659.12
2551.66	1658.79
2550.41	1664.46
2549.16	1620.07
2547.91	1685.82
2546.66	1705.5
2545.41	1657.13
2544.16	1666.8
2542.91	1684.47
2541.66	1556.12
2540.41	1641.8
2539.16	1611.48
2537.91	1697.11
2536.66	1580.86
2535.41	1668.46
2534.16	1604.2
2532.91	1637.83
2531.66	1649.48
2530.4	1683.09
2529.15	1664.79
2527.9	1656.47
2526.65	1755.91
2525.39	1629.88
2524.14	1609.6
2522.89	1615.26
2521.63	1642.85
2520.38	1606.64
2519.12	1684.04
2517.87	1613.97
2516.61	1587.74
2515.36	1694.98
2514.1	1636.89
2512.85	1610.68
2511.59	1546.66
2510.33	1592.12
2509.08	1603.74
2507.82	1541.75
2506.56	1577.24
2505.31	1600.79
2504.05	1630.29
2502.79	1598.16
2501.53	1643.54
2500.28	1623.34
2499.02	1609.11
2497.76	1557.15
2496.5	1672.01
2495.24	1556.52
2493.98	1568.12
2492.72	1619.4
2491.46	1611.14
2490.2	1598.91
2488.94	1642.23
2487.68	1572.49
2486.42	1542.44
2485.16	1633.31
2483.9	1625.05
2482.63	1579.15
2481.37	1555.06
2480.11	1633.97
2478.85	1609.88
2477.59	1591.74
2476.32	1583.5
2475.06	1504.03
2473.8	1553.19
2472.53	1622.11
2471.27	1621.78
2470	1613.55
2468.74	1524.26
2467.47	1569.41
2466.21	1604.67
2464.94	1608.3
2463.68	1501.3
2462.41	1512.85
2461.15	1591.53
2459.88	1583.31
2458.61	1598.78
2457.35	1541.23
2456.08	1613.92
2454.81	1603.73
2453.54	1573.83
2452.28	1565.62
2451.01	1551.51
2449.74	1610.33
2448.47	1472.06
2447.2	1530.87
2445.93	1552.23
2444.66	1457.38
2443.39	1508.28
2442.12	1543.41
2440.85	1535.23
2439.58	1530.98
2438.31	1511
2437.04	1498.89
2435.77	1522.19
2434.5	1592.67
2433.23	1529.44
2431.96	1564.51
2430.68	1556.33
2429.41	1546.19
2428.14	1524.28
2426.87	1537.71
2425.59	1523.66
2424.32	1564.58
2423.04	1572.11
2421.77	1552.17
2420.5	1496.92
2419.22	1431.89
2417.95	1533.58
2416.67	1517.58
2415.4	1474.15
2414.12	1538.53
2412.85	1489.23
2411.57	1530.07
2410.29	1492.55
2409.02	1466.79
2407.74	1458.66
2406.46	1564.07
2405.18	1467.85
2403.91	1557.57
2402.63	1455.52
2401.35	1427.84
2400.07	1494.04
2398.79	1491.79
2397.52	1509.08
2396.24	1491.18
2394.96	1500.65
2393.68	1537.47
2392.4	1480.51
2391.12	1427.49
2389.84	1511.15
2388.56	1514.75
2387.27	1465.65
2385.99	1504.38
2384.71	1445.55
2383.43	1523.27
2382.15	1454.72
2380.87	1503.16
2379.58	1430.74
2378.3	1446.04
2377.02	1511.99
2375.73	1476.62
2374.45	1470.48
2373.17	1526.65
2371.88	1489.35
2370.6	1529.92
2369.31	1480.96
2368.03	1463.15
2366.74	1515.38
2365.46	1448.94
2364.17	1493.37
2362.89	1467.8
2361.6	1488.88
2360.31	1401.13
2359.03	1474.67
2357.74	1447.18
2356.45	1444.94
2355.17	1483.49
2353.88	1444.36
2352.59	1418.83
2351.3	1432.13
2350.01	1480.34
2348.72	1412.15
2347.43	1516.59
2346.15	1487.2
2344.86	1457.82
2343.57	1385.81
2342.28	1482.41
2340.99	1453.05
2339.69	1472.13
2338.4	1448.59
2337.11	1417.31
2335.82	1453.81
2334.53	1412.87
2333.24	1460.96
2331.95	1396.82
2330.65	1479.71
2329.36	1462
2328.07	1519.71
2326.77	1409.21
2325.48	1451.45
2324.19	1445.35
2322.89	1460.51
2321.6	1423.52
2320.3	1353.71
2319.01	1390.12
2317.71	1387.9
2316.42	1391.48
2315.12	1449.08
2313.83	1444.93
2312.53	1423.42
2311.23	1401.92
2309.94	1365
2308.64	1420.62
2307.34	1399.14
2306.05	1389.22
2304.75	1425.54
2303.45	1400.21
2302.15	1357.56
2300.85	1411.19
2299.55	1364.71
2298.25	1377.9
2296.96	1443.04
2295.66	1350.41
2294.36	1417.45
2293.06	1421
2291.76	1432.25
2290.45	1414.66
2289.15	1350.95
2287.85	1490.93
2286.55	1333.11
2285.25	1373.17
2283.95	1407.45
2282.65	1332.3
2281.34	1420.32
2280.04	1375.89
2278.74	1339.16
2277.43	1394.51
2276.13	1373.13
2274.83	1349.84
2273.52	1307.39
2272.22	1401.04
2270.91	1400.75
2269.61	1364.07
2268.3	1336.97
2267	1342.44
2265.69	1311.54
2264.39	1336.15
2263.08	1376.07
2261.77	1343.26
2260.47	1365.95
2259.16	1388.62
2257.85	1279.33
2256.54	1345.99
2255.24	1292.19
2253.93	1326.33
2252.62	1297.4
2251.31	1360.17
2250	1327.42
2248.69	1294.69
2247.38	1344.06
2246.07	1299.89
2244.76	1320.61
2243.45	1312.71
2242.14	1360.13
2240.83	1304.55
2239.52	1327.16
2238.21	1309.73
2236.9	1336.15
2235.59	1356.84
2234.27	1326.08
2232.96	1299.14
2231.65	1291.25
2230.34	1382.39
2229.02	1294.53
2227.71	1288.56
2226.4	1326.35
2225.08	1373.64
2223.77	1327.71
2222.45	1255.17
2221.14	1292.94
2219.82	1296.48
2218.51	1303.82
2217.19	1307.35
2215.88	1299.48
2214.56	1413.18
2213.24	1308.45
2211.93	1306.28
2210.61	1262.35
2209.29	1263.99
2207.97	1282.71
2206.66	1322.28
2205.34	1312.53
2204.02	1298.98
2202.7	1270.28
2201.38	1254.85
2200.06	1292.5
2198.74	1212.65
2197.42	1288.18
2196.1	1265.19
2194.78	1270.61
2193.46	1274.14
2192.14	1283.34
2190.82	1239.55
2189.5	1224.16
2188.18	1284.44
2186.86	1217.98
2185.54	1265
2184.21	1217.48
2182.89	1247.47
2181.57	1311.47
2180.24	1292.31
2178.92	1248.59
2177.6	1269.11
2176.27	1285.85
2174.95	1228.95
2173.62	1266.44
2172.3	1247.31
2170.97	1248.94
2169.65	1273.21
2168.32	1237.11
2167	1272.68
2165.67	1270.54
2164.34	1181.7
2163.02	1219.14
2161.69	1262.22
2160.36	1228.06
2159.04	1214.62
2157.71	1214.37
2156.38	1163.3
2155.05	1255.28
2153.72	1198.57
2152.39	1213.37
2151.06	1231.93
2149.74	1214.75
2148.41	1261.5
2147.08	1244.33
2145.75	1236.55
2144.41	1273.88
2143.08	1172.18
2141.75	1170.06
2140.42	1218.64
2139.09	1237.16
2137.76	1235.03
2136.43	1159.71
2135.09	1219.51
2133.76	1230.51
2132.43	1205.88
2131.09	1222.51
2129.76	1186.64
2128.43	1210.76
2127.09	1279.84
2125.76	1180.28
2124.42	1163.18
2123.09	1200.4
2121.75	1157.09
2120.42	1134.38
2119.08	1115.43
2117.75	1203.15
2116.41	1201.03
2115.07	1236.32
2113.74	1155.65
2112.4	1192.81
2111.06	1164.52
2109.72	1214.74
2108.38	1130.41
2107.05	1169.41
2105.71	1081.39
2104.37	1157.72
2103.03	1168.68
2101.69	1177.78
2100.35	1179.4
2099.01	1186.62
2097.67	1169.58
2096.33	1167.48
2094.99	1124.35
2093.65	1092.43
2092.31	1148.12
2090.97	1140.43
2089.62	1166.27
2088.28	1134.37
2086.94	1128.55
2085.6	1117.14
2084.25	1146.69
2082.91	1168.79
2081.57	1116.45
2080.22	1114.36
2078.88	1102.97
2077.53	1130.63
2076.19	1102.51
2074.84	1104.14
2073.5	1133.65
2072.15	1148.28
2070.81	1114.6
2069.46	1069.8
2068.12	1086.29
2066.77	1132.48
2065.42	1134.1
2064.08	1074.48
2062.73	1113.22
2061.38	1101.86
2060.03	1127.6
2058.68	1114.38
2057.34	1108.59
2055.99	1160.26
2054.64	1143.34
2053.29	1109.75
2051.94	1074.33
2050.59	1105.59
2049.24	1094.25
2047.89	1136.6
2046.54	1104.9
2045.19	1136.13
2043.83	1100.75
2042.48	1122.71
2041.13	1128.03
2039.78	1101.91
2038.43	1120.17
2037.07	1101.45
2035.72	1104.92
2034.37	1130.55
2033.01	1141.4
2031.66	1041.45
2030.31	1068.93
2028.95	1100.08
2027.6	1123.85
2026.24	1049.81
2024.89	1095.71
2023.53	1060.44
2022.17	1082.35
2020.82	1093.18
2019.46	1039.51
2018.11	1074.3
2016.75	1103.56
2015.39	1073.86
2014.03	1055.22
2012.68	1023.7
2011.32	1049.26
2009.96	1063.76
2008.6	1083.78
2007.24	1054.12
2005.88	1053.9
2004.52	1044.49
2003.16	1022.21
2001.8	1069.79
2000.44	1080.6
1999.08	1025.25
1997.72	1030.55
1996.36	1072.58
1995	1066.84
1993.64	1051.94
1992.27	1022.35
1990.91	1049.66
1989.55	1104.49
1988.19	1010.71
1986.82	1056.34
1985.46	1054.29
1984.1	1048.57
1982.73	1053.85
1981.37	1049.97
1980	1031.43
1978.64	1027.55
1977.27	985.218
1975.91	1017.97
1974.54	1039.72
1973.18	1059.64
1971.81	1039.29
1970.44	1017.12
1969.08	1024.23
1967.71	1013.04
1966.34	1049.39
1964.97	1034.55
1963.61	1021.54
1962.24	997.58
1960.87	1008.33
1959.5	991.685
1958.13	989.653
1956.76	974.842
1955.39	970.988
1954.02	1020.06
1952.65	996.125
1951.28	1015.98
1949.91	1024.89
1948.54	969.977
1947.17	1013.52
1945.8	998.732
1944.42	1067.76
1943.05	960.059
1941.68	1023.61
1940.31	974.226
1938.93	959.458
1937.56	999.303
1936.19	999.094
1934.81	989.788
1933.44	953.2
1932.06	1007.56
1930.69	998.26
1929.31	1003.51
1927.94	965.127
1926.56	1013.99
1925.18	950.189
1923.81	957.257
1922.43	977.033
1921.05	940.516
1919.68	985.701
1918.3	974.606
1916.92	967.144
1915.54	1023.18
1914.17	1012.08
1912.79	957.471
1911.41	933.702
1910.03	971.572
1908.65	927.875
1907.27	929.492
1905.89	990.889
1904.51	979.815
1903.13	907.18
1901.75	926.905
1900.37	952.05
1898.99	937.374
1897.6	919.086
1896.22	958.688
1894.84	944.02
1893.46	929.358
1892.07	952.663
1890.69	916.317
1889.31	970.334
1887.92	944.839
1886.54	933.804
1885.15	917.356
1883.77	938.829
1882.38	933.217
1881	938.436
1879.61	894.936
1878.23	932.631
1876.84	939.65
1875.46	957.484
1874.07	924.833
1872.68	893.999
1871.29	933.456
1869.91	895.425
1868.52	925.86
1867.13	947.276
1865.74	900.264
1864.35	959.48
1862.96	880.089
1861.57	906.895
1860.19	935.489
1858.8	906.515
1857.4	913.518
1856.01	942.092
1854.62	923.919
1853.23	920.131
1851.84	907.361
1850.45	917.949
1849.06	941.104
1847.67	879.855
1846.27	895.828
1844.88	971.024
1843.49	893.657
1842.09	884.499
1840.7	884.313
1839.31	911.028
1837.91	916.215
1836.52	908.852
1835.12	910.454
1833.73	899.511
1832.33	895.739
1830.93	899.133
1829.54	929.386
1828.14	888.013
1826.75	918.256
1825.35	882.271
1823.95	917.87
1822.55	896.211
1821.16	865.618
1819.76	908.35
1818.36	870.617
1816.96	875.796
1815.56	905.99
1814.16	882.574
1812.76	898.464
1811.36	866.13
1809.96	864.162
1808.56	851.485
1807.16	897.708
1805.76	870.754
1804.36	842.027
1802.96	906.059
1801.56	857.722
1800.15	914.592
1798.75	855.578
1797.35	885.693
1795.94	856.999
1794.54	867.507
1793.14	876.229
1791.73	820.846
1790.33	859.838
1788.92	905.932
1787.52	848.799
1786.11	862.852
1784.71	884.015
1783.3	896.277
1781.9	803.634
1780.49	895.899
1779.08	908.15
1777.68	867.092
1776.27	891.779
1774.86	838.309
1773.45	841.683
1772.05	834.404
1770.64	843.103
1769.23	869.544
1767.82	881.78
1766.41	805.319
1765	837.071
1763.59	808.525
1762.18	826.082
1760.77	852.492
1759.36	845.224
1757.95	894.65
1756.54	843.096
1755.12	862.397
1753.71	821.494
1752.3	808.93
1750.89	847.693
1749.47	835.129
1748.06	804.88
1746.65	840.081
1745.23	848.745
1743.82	834.423
1742.4	816.572
1740.99	811.098
1739.58	816.227
1738.16	872.577
1736.74	844.137
1735.33	783.928
1733.91	766.11
1732.5	764.183
1731.08	785.195
1729.66	850.301
1728.24	818.374
1726.83	812.911
1725.41	839.183
1723.99	800.228
1722.57	780.674
1721.15	822.794
1719.73	792.674
1718.31	788.984
1716.89	794.099
1715.47	779.848
1714.05	781.443
1712.63	846.384
1711.21	814.538
1709.79	796.776
1708.37	782.539
1706.95	831.602
1705.52	815.605
1704.1	833.007
1702.68	817.017
1701.26	776.441
1699.83	767.495
1698.41	772.6
1696.98	777.702
1695.56	777.538
1694.14	782.637
1692.71	754.4
1691.28	810.37
1689.86	810.198
1688.43	750.414
1687.01	769.537
1685.58	772.879
1684.15	781.476
1682.73	798.828
1681.3	791.653
1679.87	800.24
1678.44	805.322
1677.02	810.402
1675.59	762.981
1674.16	762.819
1672.73	816.883
1671.3	811.463
1669.87	767.579
1668.44	795.385
1667.01	762.009
1665.58	765.342
1664.15	756.445
1662.72	792.963
1661.28	747.392
1659.85	759.454
1658.42	757.547
1656.99	785.308
1655.55	741.523
1654.12	755.32
1652.69	756.903
1651.25	728.844
1649.82	732.176
1648.39	733.763
1646.95	751.032
1645.52	738.677
1644.08	766.389
1642.64	738.363
1641.21	755.616
1639.77	786.788
1638.34	732.671
1636.9	767.313
1635.46	681.911
1634.02	761.769
1632.59	723.353
1631.15	738.845
1629.71	768.235
1628.27	768.071
1626.83	727.949
1625.39	722.583
1623.95	713.746
1622.51	753.527
1621.07	734.272
1619.63	739.322
1618.19	706.197
1616.75	714.72
1615.31	747.521
1613.87	745.628
1612.43	724.665
1610.98	698.512
1609.54	767.679
1608.1	727.667
1606.66	744.833
1605.21	722.161
1603.77	730.664
1602.32	713.198
1600.88	714.776
1599.43	723.275
1597.99	719.661
1596.54	769.666
1595.1	693.416
1593.65	675.979
1592.21	693.12
1590.76	727.534
1589.31	725.651
1587.86	761.771
1586.42	730.522
1584.97	709.646
1583.52	678.422
1582.07	705.891
1580.62	662.602
1579.17	731.467
1577.72	712.338
1576.28	720.808
1574.83	717.206
1573.37	694.645
1571.92	696.22
1570.47	746.036
1569.02	714.87
1567.57	666.496
1566.12	697.346
1564.67	723.019
1563.21	652.299
1561.76	695.178
1560.31	682.987
1558.85	670.801
1557.4	689.573
1555.95	747.881
1554.49	668.651
1553.04	685.694
1551.58	692.419
1550.13	675.093
1548.67	721.319
1547.21	669.653
1545.76	652.343
1544.3	653.919
1542.84	660.643
1541.39	641.63
1539.93	684.373
1538.47	708.235
1537.01	678.937
1535.56	692.504
1534.1	663.222
1532.64	695.634
1531.18	695.485
1529.72	628.543
1528.26	654.092
1526.8	660.8
1525.34	664.081
1523.88	641.693
1522.42	672.35
1520.95	714.967
1519.49	651.541
1518.03	680.466
1516.57	682.03
1515.1	685.301
1513.64	680.028
1512.18	635.468
1510.71	650.703
1509.25	679.591
1507.79	681.152
1506.32	655.404
1504.86	612.603
1503.39	660.241
1501.92	648.159
1500.46	639.494
1498.99	663.225
1497.53	596.604
1496.06	649.307
1494.59	633.833
1493.12	660.952
1491.66	638.67
1490.19	614.694
1488.72	657.121
1487.25	655.278
1485.78	646.629
1484.31	644.789
1482.84	617.435
1481.37	619.003
1479.9	647.773
1478.43	618.737
1476.96	671.287
1475.49	642.258
1474.02	633.626
1472.54	675.949
1471.07	663.918
1469.6	629.822
1468.13	583.86
1466.65	609.188
1465.18	620.933
1463.71	686.95
1462.23	610.491
1460.76	612.055
1459.28	639.044
1457.81	616.875
1456.33	594.716
1454.86	592.894
1453.38	655.43
1451.9	629.89
1450.43	628.062
1448.95	605.923
1447.47	629.483
1445.99	607.354
1444.52	639.36
1443.04	624.003
1441.56	635.703
1440.08	598.379
1438.6	621.91
1437.12	599.811
1435.64	576.032
1434.16	607.996
1432.68	606.177
1431.2	589.164
1429.72	585.662
1428.24	585.535
1426.75	625.898
1425.27	598.776
1423.79	593.588
1422.31	596.832
1420.82	608.502
1419.34	589.833
1417.86	589.706
1416.37	604.739
1414.89	572.61
1413.4	582.589
1411.92	543.744
1410.43	614.315
1408.95	567.067
1407.46	571.992
1405.97	580.278
1404.49	590.242
1403	571.621
1401.51	573.178
1400.03	571.374
1398.54	549.408
1397.05	594.644
1395.56	576.042
1394.07	564.164
1392.58	575.793
1391.09	545.458
1389.6	572.188
1388.11	578.774
1386.62	571.94
1385.13	576.847
1383.64	563.31
1382.15	579.95
1380.66	551.336
1379.17	571.321
1377.67	606.374
1376.18	576.098
1374.69	555.881
1373.19	559.109
1371.7	577.398
1370.21	558.867
1368.71	543.69
1367.22	536.882
1365.72	595.292
1364.23	600.178
1362.73	548.233
1361.23	584.878
1359.74	579.739
1358.24	577.943
1356.74	561.118
1355.25	544.3
1353.75	565.883
1352.25	544.064
1350.75	557.295
1349.25	552.169
1347.76	595.413
1346.26	565.269
1344.76	538.473
1343.26	561.691
1341.76	573.234
1340.26	556.449
1338.75	536.34
1337.25	559.538
1335.75	519.458
1334.25	565.954
1332.75	524.225
1331.25	554.061
1329.74	578.893
1328.24	557.147
1326.74	560.351
1325.23	541.943
1323.73	556.784
1322.22	576.603
1320.72	558.203
1319.21	514.897
1317.71	552.979
1316.2	549.538
1314.7	521.201
1313.19	514.449
1311.68	577.385
1310.18	555.696
1308.67	557.233
1307.16	547.164
1305.65	545.387
1304.14	541.954
1302.63	560.063
1301.13	550.001
1299.62	515.1
1298.11	556.385
1296.6	531.431
1295.09	541.247
1293.58	517.961
1292.06	532.739
1290.55	585.554
1289.04	534.161
1287.53	527.431
1286.02	510.786
1284.5	532.159
1282.99	560.132
1281.48	545.143
1279.96	523.554
1278.45	508.578
1276.94	511.769
1275.42	529.814
1273.91	547.85
1272.39	527.933
1270.87	508.025
1269.36	549.141
1267.84	511.101
1266.33	524.176
1264.81	515.822
1263.29	525.595
1261.77	489.24
1260.26	500.662
1258.74	503.846
1257.22	556.414
1255.7	501.98
1254.18	526.553
1252.66	528.083
1251.14	495.073
1249.62	536.075
1248.1	501.433
1246.58	524.335
1245.06	534.081
1243.54	497.819
1242.01	491.14
1240.49	492.675
1238.97	495.851
1237.45	472.761
1235.92	518.611
1234.4	459.428
1232.88	490.496
1231.35	495.309
1229.83	505.04
1228.3	513.126
1226.78	516.292
1225.25	498.154
1223.72	511.152
1222.2	493.022
1220.67	504.378
1219.14	494.444
1217.62	482.878
1216.09	522.049
1214.56	484.303
1213.03	498.919
1211.5	487.362
1209.98	483.985
1208.45	495.322
1206.92	493.579
1205.39	503.275
1203.86	509.7
1202.33	452.423
1200.79	488.249
1199.26	481.611
1197.73	479.874
1196.2	489.56
1194.67	484.558
1193.13	512.182
1191.6	484.346
1190.07	471.196
1188.53	519.995
1187	472.62
1185.47	526.285
1183.93	462.638
1182.4	462.537
1180.86	472.205
1179.33	462.334
1177.79	491.529
1176.25	478.404
1174.72	481.553
1173.18	491.206
1171.64	473.211
1170.1	486.113
1168.57	499.01
1167.03	516.777
1165.49	433.802
1163.95	458.072
1162.41	464.468
1160.87	480.603
1159.33	483.744
1157.79	482.015
1156.25	451.08
1154.71	433.136
1153.17	467.1
1151.63	462.133
1150.08	437.714
1148.54	440.86
1147	440.763
1145.46	466.588
1143.91	440.569
1142.37	487.435
1140.82	456.566
1139.28	437.042
1137.73	432.091
1136.19	431.996
1134.64	452.929
1133.1	446.361
1131.55	439.795
1130.01	420.3
1128.46	439.602
1126.91	412.036
1125.36	418.407
1123.82	445.772
1122.27	435.986
1120.72	416.517
1119.17	416.425
1117.62	443.766
1116.07	417.855
1114.52	430.667
1112.97	425.734
1111.42	462.723
1109.87	448.114
1108.32	417.395
1106.77	438.249
1105.22	449.429
1103.66	462.214
1102.11	429.909
1100.56	453.961
1099	432.939
1097.45	423.189
1095.9	434.356
1094.34	442.303
1092.79	438.989
1091.23	443.715
1089.68	450.047
1088.12	408.167
1086.56	451.455
1085.01	436.899
1083.45	361.326
1081.89	419.045
1080.34	455.872
1078.78	452.562
1077.22	393.097
1075.66	407.447
1074.1	431.414
1072.54	466.593
1070.98	399.162
1069.43	451.963
1067.86	432.635
1066.3	426.132
1064.74	459.672
1063.18	440.355
1061.62	445.061
1060.06	419.353
1058.5	419.26
1056.93	414.368
1055.37	414.277
1053.81	418.983
1052.24	426.884
1050.68	434.782
1049.12	434.686
1047.55	420.21
1045.99	447.273
1044.42	407.248
1042.85	447.075
1041.29	434.206
1039.72	413.362
1038.16	406.888
1036.59	441.894
1035.02	437.011
1033.45	409.807
1031.88	411.31
1030.32	411.219
1028.75	420.69
1027.18	417.41
1025.61	444.396
1024.04	409.263
1022.47	439.423
1020.9	421.816
1019.33	423.314
1017.76	412.083
1016.18	429.489
1014.61	395.997
1013.04	414.989
1011.47	426.025
1009.89	437.055
1008.32	421.069
1006.75	413.033
1005.17	405
1003.6	417.613
1002.02	403.233
1000.45	403.144
998.873	450.659
997.297	417.243
995.721	410.806
994.145	390.1
992.568	401.111
990.991	404.193
989.413	412.026
987.835	385.001
986.257	430.852
984.678	397.499
983.099	383.161
981.52	376.744
979.94	398.817
978.36	365.501
976.78	416.041
975.199	366.921
973.618	387.395
972.037	373.081
970.455	391.964
968.873	383.976
967.29	391.79
965.707	405.918
964.124	364.771
962.541	383.635
960.957	404.069
959.373	385.043
957.788	424.399
956.203	411.686
954.618	395.825
953.032	411.503
951.446	386.191
949.86	405.017
948.273	374.99
946.686	387.509
945.099	390.572
943.511	403.082
941.923	414.011
940.334	374.573
938.745	399.666
937.156	383.845
935.567	374.323
933.977	385.247
932.387	382.017
930.796	372.502
929.205	389.704
927.614	408.47
926.022	362.829
924.43	395.725
922.838	387.787
921.245	404.966
919.652	403.307
918.058	359.287
916.465	390.578
914.87	398.333
913.276	396.676
911.681	398.155
910.086	352.618
908.49	393.277
906.894	386.923
905.298	377.44
903.701	413.369
902.104	375.706
900.507	406.924
898.909	397.445
897.311	386.406
895.713	395.704
894.114	414.38
892.515	381.457
890.916	371.994
889.316	395.351
887.715	401.512
886.115	395.174
884.514	387.278
882.913	380.946
881.311	357.448
879.709	372.973
878.107	372.89
876.504	410.243
874.901	377.402
873.298	403.823
871.694	375.674
870.09	411.435
868.485	378.623
866.88	434.618
865.275	359.764
863.669	398.611
862.064	398.522
860.457	373.531
858.851	431.02
857.244	396.699
855.636	368.614
854.028	404.296
852.42	396.432
850.812	427.43
849.203	380.716
847.594	397.72
845.984	403.844
844.375	386.672
842.764	412.978
841.154	392.707
839.543	414.345
837.931	380.119
836.32	383.137
834.708	418.719
833.095	421.727
831.482	418.532
829.869	354.897
828.256	410.597
826.642	415.152
825.028	396.475
823.413	431.998
821.798	393.201
820.183	397.756
818.567	451.823
816.951	372.825
815.335	380.475
813.718	440.695
812.101	380.304
810.483	375.582
808.865	407.948
807.247	427.941
805.629	406.221
804.01	387.599
802.39	413.758
800.771	393.599
799.151	381.165
797.53	387.251
795.91	405.674
794.288	382.451
792.667	416.284
791.045	411.566
789.423	396.063
787.8	405.219
786.177	403.587
784.554	381.936
782.93	403.406
781.306	403.315
779.682	380.139
778.057	395.44
776.432	373.815
774.807	406.028
773.181	395.174
771.554	385.861
769.928	393.459
768.301	376.468
766.674	411.717
765.046	420.84
763.418	391.57
761.789	388.411
760.161	405.207
758.531	402.047
756.902	391.217
755.272	371.189
753.642	355.771
752.011	354.157
750.38	372.471
748.749	399.972
747.117	353.918
745.485	396.728
743.852	384.387
742.22	396.549
740.586	371.968
738.953	365.763
737.319	382.511
735.685	406.9
734.05	394.573
732.415	405.187
730.779	392.867
729.144	354.57
727.507	388.106
725.871	403.294
724.234	395.567
722.597	410.747
720.959	380.123
719.321	343.407
717.683	384.529
716.044	404.274
714.405	378.254
712.765	396.468
711.126	373.51
709.485	376.474
707.845	376.389
706.204	371.734
704.563	379.266
702.921	392.885
701.279	383.662
699.636	345.522
697.993	386.532
696.35	371.23
694.707	378.752
693.063	407.56
691.419	367.938
689.774	393.696
688.129	392.087
686.483	404.153
684.838	373.681
683.191	366.003
681.545	399.324
679.898	397.716
678.251	359.684
676.603	388.432
674.955	394.412
673.307	397.356
671.658	373.006
670.009	398.692
668.359	389.508
666.709	383.359
665.059	389.332
663.408	368.04
661.757	389.156
660.106	364.846
658.454	387.466
656.802	402.51
655.15	405.445
653.497	358.465
651.844	373.506
650.19	393.075
648.536	355.199
646.881	373.252
645.227	365.613
643.572	382.145
641.916	388.099
640.26	395.56
638.604	363.772
636.947	368.217
635.29	339.467
633.633	390.676
631.975	354.394
630.317	343.76
628.659	352.726
627	367.716
625.34	403.793
623.681	399.183
622.021	370.478
620.36	362.865
618.7	368.804
617.038	361.196
615.377	344.563
613.715	376.075
612.053	363.958
610.39	362.371
608.727	369.805
607.064	348.68
605.4	365.13
603.736	359.038
602.071	369.469
600.406	369.386
598.741	373.805
597.075	346.704
595.409	364.632
593.743	372.05
592.076	401.963
590.409	380.878
588.741	388.287
587.073	353.726
585.405	365.633
583.736	349.07
582.067	368.463
580.397	348.912
578.728	354.821
577.057	374.198
575.387	383.092
573.716	388.989
572.044	360.481
570.373	393.298
568.7	363.307
567.028	355.75
565.355	388.546
563.682	376.505
562.008	371.938
560.334	352.44
558.66	382.22
556.985	411.987
555.31	396.97
553.634	355.102
551.958	352.038
550.282	402.664
548.605	366.788
546.928	366.704
545.25	351.717
543.573	348.657
541.894	354.536
540.216	393.177
538.537	384.154
536.857	354.293
535.178	361.654
533.497	389.843
531.817	373.39
530.136	343.559
528.455	376.193
526.773	386.514
525.091	362.645
523.408	395.253
521.725	375.85
520.042	390.616
518.359	359.344
516.675	399.345
514.99	384.412
513.305	356.13
511.62	378.302
509.935	390.081
508.249	370.715
506.562	392.868
504.876	389.814
503.189	394.17
501.501	385.191
499.813	371.772
498.125	339.109
496.436	346.434
494.747	367.077
493.058	364.033
491.368	378.745
489.678	386.054
487.987	393.359
486.297	363.7
484.605	369.53
482.913	372.4
481.221	363.451
479.529	369.276
477.836	385.436
476.143	366.154
474.449	348.357
472.755	401.404
471.061	380.656
469.366	365.818
467.67	383.431
465.975	387.767
464.279	374.411
462.582	352.22
460.886	362.453
459.189	374.154
457.491	378.486
455.793	369.565
454.095	363.592
452.396	381.169
450.697	364.897
448.997	372.168
447.298	366.2
445.597	358.765
443.897	348.392
442.196	385.054
440.494	411.414
438.792	355.497
437.09	387.726
435.387	358.271
433.684	381.676
431.981	383.056
430.277	375.632
428.573	375.546
426.868	397.459
425.163	362.176
423.458	370.889
421.752	388.391
420.046	363.392
418.34	375.028
416.633	404.234
414.925	386.57
413.218	390.873
411.51	396.638
409.801	359.965
408.092	374.511
406.383	370.037
404.673	374.339
402.963	366.943
401.253	372.705
399.542	395.999
397.831	382.76
396.119	389.975
394.407	375.283
392.694	360.597
390.982	361.974
389.268	363.35
387.555	390.985
385.841	386.519
384.126	384.972
382.411	406.752
380.696	377.507
378.981	397.821
377.265	384.618
375.548	396.181
373.832	387.353
372.114	381.44
370.397	387.174
368.679	387.085
366.96	369.537
365.242	385.452
363.523	360.642
361.803	379.459
360.083	379.371
358.363	377.831
356.642	337.063
354.921	376.204
353.199	383.378
351.477	364.415
349.755	391.91
348.032	383.113
346.309	385.926
344.586	395.991
342.862	382.847
341.137	366.811
339.413	384.12
337.688	370.989
335.962	396.982
334.236	401.236
332.51	369.284
330.783	412.634
329.056	400.958
327.328	366.133
325.601	364.602
323.872	373.197
322.144	394.803
320.414	393.266
318.685	393.175
316.955	395.974
315.225	410.331
313.494	365.457
311.763	405.809
310.031	376.838
308.299	395.517
306.567	379.55
304.834	366.477
303.101	359.18
301.368	373.518
299.634	397.943
297.9	381.994
296.165	380.465
294.43	363.087
292.694	377.408
290.958	377.32
289.222	384.432
287.485	361.311
285.748	351.153
284.011	371.215
282.273	391.268
280.534	383.987
278.795	373.833
277.056	399.621
275.317	388.031
273.577	370.7
271.836	383.542
270.096	376.272
268.355	377.621
266.613	393.324
264.871	370.27
263.129	388.837
261.386	381.574
259.643	377.183
257.899	365.625
256.155	368.407
254.411	372.621
252.666	372.535
250.921	378.178
249.175	398.14
247.429	356.525
245.683	403.682
243.936	390.707
242.189	402.063
240.441	370.499
238.693	391.865
236.944	390.344
235.196	368.811
233.446	370.155
231.697	345.778
229.947	389.982
228.196	378.466
226.445	374.094
224.694	365.442
222.942	399.609
221.19	370.98
219.437	380.879
217.685	380.79
215.931	399.238
214.177	392.017
212.423	360.572
210.669	388.985
208.914	384.621
207.158	375.986
205.403	375.899
203.646	343.07
201.89	368.608
200.133	382.751
