1000.66	8803.98
999.081	8827.78
997.505	8894.04
995.929	8815.93
994.352	8852.04
992.775	8921.42
991.198	8882.98
989.621	8811.28
988.043	8907.56
986.465	8775.69
984.886	8784.83
983.307	8863.63
981.728	8681.2
980.148	8726.76
978.568	8750.14
976.988	8692.83
975.407	8746.25
973.826	8853.41
972.245	8786.63
970.663	8734.1
969.081	8738.48
967.499	8673.35
965.916	8690.38
964.333	8641.07
962.749	8620.2
961.165	8709.84
959.581	8679.5
957.997	8655.48
956.412	8629.89
954.827	8758.87
953.241	8643.4
951.655	8657.24
950.069	8499.29
948.482	8672.3
946.895	8638.86
945.308	8567.64
943.72	8572.04
942.132	8658.29
940.543	8675.25
938.955	8544.29
937.365	8710.72
935.776	8575.09
934.186	8555.88
932.596	8635.73
931.005	8701.39
929.414	8669.59
927.823	8708.51
926.232	8587.2
924.64	8681.08
923.047	8605.35
921.455	8521.81
919.862	8593.67
918.268	8651.38
916.674	8459.64
915.08	8545.58
913.486	8551.52
911.891	8565.29
910.296	8550.84
908.7	8693.09
907.105	8592.46
905.508	8634.39
903.912	8568.27
902.315	8574.18
900.717	8642.7
899.12	8507.77
897.522	8701.42
895.923	8647.87
894.325	8541.17
892.726	8486.1
891.126	8560.8
889.526	8601.08
887.926	8547.6
886.326	8583.18
884.725	8629.68
883.124	8596.52
881.522	8628.95
879.92	8617.65
878.318	8637.57
876.715	8571.69
875.112	8678.94
873.509	8578.77
871.905	8570.62
870.301	8705.85
868.696	8621.32
867.092	8787.64
865.486	8590.99
863.881	8679.38
862.275	8826.89
860.669	8661.49
859.062	8860.29
857.455	8659.18
855.848	8784.78
854.24	8762.6
852.632	8749.76
851.024	8666.97
849.415	8734.96
847.806	8841.76
846.196	8771.44
844.587	8741.52
842.976	8815.64
841.366	8877.31
839.755	8834.97
838.144	8756.97
836.532	9006.3
834.92	8796.47
833.308	8951.1
831.695	8977
830.082	8923.84
828.468	9005.51
826.854	9073.21
825.24	8972.05
823.626	9030.43
822.011	8941.71
820.396	8956.73
818.78	9089.35
817.164	8986.75
815.548	8964.63
813.931	8908.49
812.314	8983.8
810.696	9103.89
809.079	8856.14
807.46	9055
805.842	9003.54
804.223	9003.06
802.604	9013.39
800.984	8920.3
799.364	9058.73
797.744	8924.01
796.123	9019.18
794.502	9044.92
792.881	8950.38
791.259	8936.03
789.637	8849.26
788.014	8848.82
786.391	8916.15
784.768	8852.54
783.144	8982.97
781.52	8797.76
779.896	8634.18
778.271	8784.58
776.646	8685.68
775.021	8603.75
773.395	8717.14
771.769	8824.33
770.142	8679.41
768.515	8818.83
766.888	8598.69
765.26	8564.5
763.632	8588.68
762.004	8635.88
760.375	8655.42
758.746	8720.99
757.116	8683.74
755.487	8712.47
753.856	8610.83
752.226	8618.09
750.595	8677.46
748.964	8690.83
747.332	8767.01
745.7	8642.49
744.067	8666.58
742.435	8488.55
740.801	8681.05
739.168	8616.34
737.534	8563.91
735.9	8659.88
734.265	8582.99
732.63	8625.4
730.995	8615.81
729.359	8546.62
727.723	8587.47
726.086	8597.76
724.45	8736.33
722.812	8723.68
721.175	8680.49
719.537	8516.74
717.899	8517.87
716.26	8534.26
714.621	8620.8
712.981	8565.48
711.342	8473.6
709.701	8564.66
708.061	8497.2
706.42	8643.07
704.779	8542.11
703.137	8464.03
701.495	8579.36
699.853	8391.71
698.21	8496.34
696.567	8416.83
694.923	8509.24
693.279	8470.82
691.635	8557.09
689.99	8432.03
688.345	8481.79
686.7	8513.3
685.054	8397.45
683.408	8551.98
681.762	8469.57
680.115	8484.35
678.468	8386.82
676.82	8460.79
675.172	8513.49
673.524	8452.41
671.875	8467.18
670.226	8463.75
668.576	8593.69
666.927	8465.98
665.276	8512.54
663.626	8504.55
661.975	8543.51
660.324	8420.46
658.672	8519.97
657.02	8511.98
655.367	8420.79
653.714	8424.94
652.061	8544.01
650.408	8383.32
648.754	8298.29
647.099	8390.1
645.445	8463.74
643.79	8547.92
642.134	8423.66
640.478	8605.95
638.822	8453.05
637.166	8436.04
635.509	8331.53
633.851	8438.25
632.194	8394.11
630.535	8294.2
628.877	8509.39
627.218	8379.36
625.559	8350.33
623.899	8432.8
622.239	8441.43
620.579	8311.52
618.918	8393.94
617.257	8333.34
615.596	8217.09
613.934	8248.32
612.272	8422.41
610.609	8351.33
608.946	8385.51
607.283	8464.77
605.619	8354.66
603.955	8408.34
602.29	8486.04
600.625	8342.96
598.96	8333.55
597.295	8399.2
595.629	8344.77
593.962	8432.89
592.295	8453.47
590.628	8321.09
588.961	8496.1
587.293	8533.14
585.624	8385.84
583.956	8327
582.287	8545.29
580.617	8432.53
578.948	8462.05
577.277	8383.79
575.607	8509.08
573.936	8362.02
572.265	8407.98
570.593	8485.33
568.921	8347.34
567.248	8427.65
565.575	8548.28
563.902	8662.87
562.229	8453.26
560.555	8345.3
558.88	8536.01
557.205	8572.88
555.53	8424.67
553.855	8536.14
552.179	8456.63
550.503	8687.36
548.826	8472.16
547.149	8461.28
545.471	8591.99
543.794	8512.55
542.115	8556.79
540.437	8382.07
538.758	8454.61
537.078	8588.15
535.399	8551.96
533.719	8566.38
532.038	8591.2
530.357	8513.39
528.676	8477.24
526.994	8528.83
525.312	8464.46
523.63	8510.07
521.947	8444.25
520.264	8599.76
518.58	8468.61
516.896	8416.19
515.212	8565.67
513.527	8548.87
511.842	8532.08
510.157	8487.12
508.471	8584.53
506.785	8503.99
505.098	8488.71
503.411	8605.32
501.723	8508.53
500.036	8540.66
498.347	8568.32
496.659	8453.84
494.97	8565.88
493.281	8590.56
491.591	8601.91
489.901	8647.27
488.21	8663.04
486.519	8556.09
484.828	8551.17
483.136	8425.08
481.444	8632.95
479.752	8557.12
478.059	8599.46
476.366	8581.25
474.672	8452.34
472.978	8581.75
471.284	8562.08
469.589	8427.35
467.894	8497.69
466.198	8380.73
464.502	8694.27
462.806	8528.69
461.109	8582.73
459.412	8536.57
457.715	8662.74
456.017	8520.87
454.318	8533.64
452.62	8723.01
450.921	8484.11
449.221	8474.81
447.521	8614.06
445.821	8572.38
444.121	8554.24
442.42	8543.46
440.718	8588.52
439.016	8620.34
437.314	8566.96
435.612	8538.56
433.909	8477.88
432.205	8675.54
430.502	8484.25
428.797	8564.46
427.093	8553.69
425.388	8531.2
423.683	8510.18
421.977	8610.82
420.271	8740.72
418.564	8543.87
416.858	8585.85
415.15	8553.12
413.443	8589.22
411.735	8448.2
410.026	8696.48
408.317	8568.67
406.608	8565.23
404.898	8510.62
403.188	8691.41
401.478	8571.02
399.767	8642.11
398.056	8789.14
396.344	8681.95
394.632	8592.34
392.92	8673.58
391.207	8668.66
389.494	8730.87
387.78	8686.55
386.066	8706.43
384.352	8758.38
382.637	8619.32
380.922	8576.52
379.207	8586.21
377.491	8625.02
375.774	8690.04
374.058	8661.82
372.341	8789.4
370.623	8694.22
368.905	8607.81
367.187	8710.58
365.468	8583.48
363.749	8662.94
362.029	8589.7
360.31	8698.19
358.589	8664.21
356.869	8647.68
355.147	8687.81
353.426	8719.21
351.704	8476.18
349.982	8728.25
348.259	8689.96
346.536	8731.48
344.813	8828.1
343.089	8768.05
341.364	8802.28
339.64	8916.21
337.915	8790.97
336.189	8770.1
334.463	8797.05
332.737	8706.67
331.01	8750.99
329.283	8772.13
327.556	8855.49
325.828	8708.76
324.1	8896.24
322.371	8820.43
320.642	8980.33
318.913	8830.8
317.183	8662.56
315.453	8890.3
313.722	8902.69
311.991	8891.96
310.259	8835.04
308.528	8861.86
306.795	8914.66
305.063	8802.93
303.33	8790.8
301.596	8947.41
299.862	8985.71
298.128	8814.97
296.393	8737.99
294.658	8862.76
292.923	8816.05
291.187	8874.5
289.451	8950.19
287.714	8880.46
285.977	8901.43
284.239	8820.23
282.501	8903.06
280.763	8739.92
279.024	8939.2
277.285	8768.93
275.546	8923.56
273.806	8898.5
272.066	8902.18
270.325	8977.67
268.584	8684.11
266.842	8918.96
265.1	8794.9
263.358	8752.68
261.615	8765
259.872	8632.45
258.129	8815.42
256.385	8799.03
254.64	8832.82
252.896	8923.91
251.151	8887.46
249.405	8798.03
247.659	8933.44
245.913	8758.15
244.166	8864.89
242.419	8742.64
240.671	8896.54
238.923	8887.32
237.175	8792.31
235.426	8823.15
233.677	8916.86
231.927	8816.19
230.177	8909.86
228.427	8963.48
226.676	9022.8
224.924	8902.21
223.173	9104.24
221.421	8829.58
219.668	8968.76
217.915	8955.26
216.162	9137.12
214.408	8979.61
212.654	8990.35
210.9	9012.48
209.145	8910.66
207.39	9019.68
205.634	9205.53
203.878	9108.01
202.121	8953.6
200.364	9098.08
