4501.29	879.916
4500.4	899.721
4499.52	868.447
4498.64	885.266
4497.75	856.834
4496.87	882.131
4495.98	913.073
4495.1	881.825
4494.22	895.801
4493.33	889.994
4492.45	858.765
4491.56	909.455
4490.68	923.417
4489.79	855.494
4488.9	892.043
4488.02	826.972
4487.13	919.952
4486.25	888.756
4485.36	905.527
4484.47	829.217
4483.59	848.813
4482.7	800.734
4481.81	780.861
4480.93	842.733
4480.04	831.314
4479.15	828.352
4478.26	811.305
4477.38	844.963
4476.49	850.448
4475.6	810.882
4474.71	827.631
4473.83	816.228
4472.94	906.137
4472.05	880.657
4471.16	888.943
4470.27	908.476
4469.38	826.766
4468.49	784.448
4467.6	834.912
4466.71	848.819
4465.82	871.153
4464.93	775.472
4464.04	859.613
4463.15	775.202
4462.26	783.491
4461.37	836.701
4460.48	875.857
4459.59	822.376
4458.7	855.908
4457.81	780.003
4456.92	765.84
4456.03	816.193
4455.14	776.79
4454.24	815.908
4453.35	796.143
4452.46	846.455
4451.57	835.098
4450.68	820.943
4449.78	803.991
4448.89	787.046
4448	781.308
4447.11	797.971
4446.21	825.826
4445.32	783.698
4444.43	870.312
4443.53	791.818
4442.64	746.921
4441.75	802.729
4440.85	802.589
4439.96	813.633
4439.06	791.127
4438.17	768.629
4437.27	838.358
4436.38	759.978
4435.48	773.813
4434.59	798.816
4433.69	801.469
4432.8	846.002
4431.9	843.063
4431.01	775.929
4430.11	887.418
4429.22	781.238
4428.32	789.47
4427.42	817.224
4426.53	814.292
4425.63	808.574
4424.73	805.645
4423.84	838.95
4422.94	799.79
4422.04	855.374
4421.14	849.653
4420.25	857.861
4419.35	796.446
4418.45	840.855
4417.55	790.599
4416.65	887.877
4415.76	801.454
4414.86	915.39
4413.96	826.21
4413.06	839.973
4412.16	773.085
4411.26	820.216
4410.36	864.551
4409.46	825.488
4408.56	864.248
4407.66	864.097
4406.76	925.061
4405.86	938.787
4404.96	880.305
4404.06	830.174
4403.16	868.893
4402.26	885.394
4401.36	904.664
4400.46	857.339
4399.56	920.992
4398.66	887.548
4397.76	937.308
4396.85	876.146
4395.95	873.221
4395.05	958.989
4394.15	975.448
4393.25	845.055
4392.34	922.472
4391.44	963.856
4390.54	891.688
4389.64	924.756
4388.73	916.289
4387.83	985.323
4386.93	899.364
4386.02	932.408
4385.12	923.946
4384.21	951.442
4383.31	987.224
4382.41	876.457
4381.5	970.292
4380.6	948.011
4379.69	1000.35
4378.79	947.678
4377.88	961.324
4376.98	941.822
4376.07	988.601
4375.17	991.189
4374.26	971.692
4373.36	1046.04
4372.45	990.667
4371.54	1004.29
4370.64	932.39
4369.73	957.049
4368.82	1006.52
4367.92	1028.4
4367.01	1036.49
4366.1	1017.01
4365.2	1027.86
4364.29	997.369
4363.38	1005.46
4362.47	1035.58
4361.57	1032.64
4360.66	1010.43
4359.75	1059.81
4358.84	1081.64
4357.93	1062.19
4357.02	1053.75
4356.11	1023.3
4355.21	1036.87
4354.3	1080.69
4353.39	1047.51
4352.48	1025.33
4351.57	1044.39
4350.66	1118.4
4349.75	1005.56
4348.84	1068.56
4347.93	1076.61
4347.02	1081.92
4346.11	1078.98
4345.2	1076.04
4344.29	1097.81
4343.37	1053.71
4342.46	1094.68
4341.55	1176.78
4340.64	1108.01
4339.73	1066.68
4338.82	1099.4
4337.9	1104.68
4336.99	1049.68
4336.08	1118
4335.17	1136.98
4334.26	1134.04
4333.34	1125.62
4332.43	1130.9
4331.52	1108.8
4330.6	1130.5
4329.69	1206.93
4328.78	1116.42
4327.86	1094.34
4326.95	1157.06
4326.03	1170.53
4325.12	1181.26
4324.21	1194.72
4323.29	1098.84
4322.38	1158.77
4321.46	1158.57
4320.55	1120.12
4319.63	1149.97
4318.72	1119.72
4317.8	1212.36
4316.88	1214.88
4315.97	1192.83
4315.05	1168.06
4314.14	1159.67
4313.22	1113.08
4312.3	1221.99
4311.39	1172.69
4310.47	1199.75
4309.55	1210.44
4308.63	1212.95
4307.72	1190.94
4306.8	1171.66
4305.88	1174.17
4304.96	1160.35
4304.05	1192.82
4303.13	1217.12
4302.21	1255.02
4301.29	1189.47
4300.37	1129.39
4299.45	1170
4298.54	1153.47
4297.62	1150.55
4296.7	1185.7
4295.78	1147.42
4294.86	1185.28
4293.94	1217.69
4293.02	1173.99
4292.1	1149.33
4291.18	1206.18
4290.26	1265.72
4289.34	1216.61
4288.42	1238.12
4287.5	1229.76
4286.57	1262.11
4285.65	1202.19
4284.73	1234.53
4283.81	1223.46
4282.89	1215.11
4281.97	1198.63
4281.04	1230.95
4280.12	1241.58
4279.2	1225.09
4278.28	1170.68
4277.35	1230.08
4276.43	1297.59
4275.51	1226.94
4274.59	1210.47
4273.66	1240.04
4272.74	1239.82
4271.81	1190.88
4270.89	1290.8
4269.97	1266.22
4269.04	1222.71
4268.12	1211.68
4267.19	1189.83
4266.27	1268.03
4265.34	1194.82
4264.42	1164.87
4263.49	1275.46
4262.57	1194.18
4261.64	1242.59
4260.72	1223.47
4259.79	1274.56
4258.87	1220.34
4257.94	1266.01
4257.01	1290.07
4256.09	1219.69
4255.16	1270.73
4254.23	1219.26
4253.31	1283.77
4252.38	1305.11
4251.45	1315.66
4250.52	1261.52
4249.6	1280.16
4248.67	1304.19
4247.74	1241.99
4246.81	1290.26
4245.88	1295.41
4244.96	1222.48
4244.03	1259.96
4243.1	1251.66
4242.17	1202.99
4241.24	1294.27
4240.31	1318.25
4239.38	1240.01
4238.45	1366.19
4237.52	1234.19
4236.59	1174.83
4235.66	1260.64
4234.73	1346.41
4233.8	1270.94
4232.87	1211.61
4231.94	1294.66
4231.01	1259.52
4230.08	1304.94
4229.15	1293.97
4228.22	1272.27
4227.28	1312.3
4226.35	1322.8
4225.42	1258.18
4224.49	1316.96
4223.56	1316.73
4222.62	1257.51
4221.69	1353.79
4220.76	1313.35
4219.83	1347.95
4218.89	1331.64
4217.96	1269.79
4217.03	1309.74
4216.09	1296.12
4215.16	1365.5
4214.23	1301.01
4213.29	1255.28
4212.36	1276.46
4211.42	1353.83
4210.49	1243.91
4209.55	1315.9
4208.62	1366.48
4207.68	1326.13
4206.75	1243.02
4205.81	1331
4204.88	1263.96
4203.94	1303.81
4203.01	1258.17
4202.07	1311.36
4201.13	1311.13
4200.2	1294.88
4199.26	1291.98
4198.32	1342.46
4197.39	1414.26
4196.45	1296.62
4195.51	1315.06
4194.58	1301.5
4193.64	1285.26
4192.7	1327.69
4191.76	1407.42
4190.82	1303.23
4189.89	1292.34
4188.95	1390.69
4188.01	1350.49
4187.07	1296.98
4186.13	1339.35
4185.19	1301.84
4184.25	1221.76
4183.31	1248.15
4182.37	1301.15
4181.43	1282.29
4180.49	1385.8
4179.55	1345.66
4178.61	1340.11
4177.67	1329.23
4176.73	1291.78
4175.79	1376.6
4174.85	1349.78
4173.91	1394.7
4172.97	1349.3
4172.03	1391.55
4171.09	1319.61
4170.14	1375.12
4169.2	1311.18
4168.26	1302.98
4167.32	1371.74
4166.38	1350.27
4165.43	1357.99
4164.49	1339.18
4163.55	1256.75
4162.6	1365.21
4161.66	1309.31
4160.72	1314.38
4159.77	1383.03
4158.83	1324.5
4157.89	1337.51
4156.94	1292.25
4156	1318.5
4155.05	1350.03
4154.11	1291.56
4153.16	1383.95
4152.22	1285.81
4151.27	1354.36
4150.33	1301.22
4149.38	1372.38
4148.44	1377.43
4147.49	1348.1
4146.55	1342.58
4145.6	1363.48
4144.65	1265.48
4143.71	1368.27
4142.76	1312.57
4141.81	1396.83
4140.87	1290.98
4139.92	1356.74
4138.97	1290.52
4138.03	1337.78
4137.08	1361.29
4136.13	1366.32
4135.18	1321.24
4134.23	1299.91
4133.29	1376.13
4132.34	1336.35
4131.39	1388.82
4130.44	1333.24
4129.49	1398.86
4128.54	1356.46
4127.59	1358.86
4126.64	1369.14
4125.69	1339.94
4124.74	1344.97
4123.79	1257.88
4122.84	1312.91
4121.89	1338.98
4120.94	1409.76
4119.99	1393.73
4119.04	1348.78
4118.09	1359.06
4117.14	1379.84
4116.19	1298.13
4115.24	1368.84
4114.28	1363.34
4113.33	1423.5
4112.38	1425.87
4111.43	1407.24
4110.48	1383.36
4109.52	1354.24
4108.57	1380.24
4107.62	1387.87
4106.66	1395.49
4105.71	1395.24
4104.76	1389.74
4103.8	1381.63
4102.85	1428.56
4101.9	1409.96
4100.94	1435.91
4099.99	1391.12
4099.03	1362.06
4098.08	1411.57
4097.12	1419.17
4096.17	1369.18
4095.21	1426.52
4094.26	1455.05
4093.3	1399.84
4092.35	1462.37
4091.39	1349.64
4090.44	1320.63
4089.48	1398.84
4088.52	1385.52
4087.57	1369.58
4086.61	1377.18
4085.65	1356.03
4084.7	1381.91
4083.74	1376.44
4082.78	1331.8
4081.82	1370.72
4080.87	1391.36
4079.91	1383.28
4078.95	1406.52
4077.99	1411.48
4077.03	1385.14
4076.08	1416.19
4075.12	1319.46
4074.16	1426.11
4073.2	1472.78
4072.24	1399.54
4071.28	1326.33
4070.32	1487.62
4069.36	1422.23
4068.4	1458.43
4067.44	1403.49
4066.48	1366.79
4065.52	1363.94
4064.56	1459.99
4063.6	1366.05
4062.64	1389.22
4061.68	1459.2
4060.72	1391.32
4059.75	1432.68
4058.79	1390.82
4057.83	1447.76
4056.87	1447.5
4055.91	1413.46
4054.94	1387.23
4053.98	1431.13
4053.02	1410.1
4052.06	1404.65
4051.09	1412.19
4050.13	1406.74
4049.17	1453.2
4048.2	1372.51
4047.24	1413.77
4046.27	1436.86
4045.31	1462.53
4044.35	1537.45
4043.38	1474.96
4042.42	1399.54
4041.45	1453.7
4040.49	1518.21
4039.52	1460.95
4038.56	1393.35
4037.59	1421.58
4036.63	1444.63
4035.66	1423.66
4034.69	1449.28
4033.73	1433.5
4032.76	1397.02
4031.8	1409.7
4030.83	1461.17
4029.86	1357.48
4028.89	1388.26
4027.93	1388.01
4026.96	1442.03
4025.99	1421.1
4025.02	1351.09
4024.06	1503.24
4023.09	1410
4022.12	1422.66
4021.15	1378.52
4020.18	1481.51
4019.21	1501.89
4018.25	1349.39
4017.28	1465.23
4016.31	1488.18
4015.34	1405.39
4014.37	1436.08
4013.4	1482.22
4012.43	1512.88
4011.46	1437.88
4010.49	1445.35
4009.52	1447.66
4008.55	1475.73
4007.58	1480.61
4006.6	1488.07
4005.63	1428.6
4004.66	1410.33
4003.69	1523.29
4002.72	1427.83
4001.75	1458.43
4000.77	1460.74
3999.8	1434.77
3998.83	1444.79
3997.86	1488.23
3996.88	1454.55
3995.91	1426.02
3994.94	1443.75
3993.96	1446.06
3992.99	1492.02
3992.02	1507.15
3991.04	1509.45
3990.07	1509.18
3989.1	1411.39
3988.12	1482.97
3987.15	1490.4
3986.17	1495.26
3985.2	1456.53
3984.22	1451.14
3983.25	1494.45
3982.27	1483.93
3981.3	1468.29
3980.32	1478.27
3979.34	1431.9
3978.37	1464.93
3977.39	1508.2
3976.41	1536.08
3975.44	1451.34
3974.46	1471.55
3973.48	1478.96
3972.51	1447.99
3971.53	1463.08
3970.55	1478.16
3969.57	1531.58
3968.6	1475.07
3967.62	1559.15
3966.64	1500.09
3965.66	1418.05
3964.68	1453.56
3963.7	1481.39
3962.73	1514.32
3961.75	1485.96
3960.77	1488.25
3959.79	1493.08
3958.81	1505.57
3957.83	1505.3
3956.85	1436.15
3955.87	1425.69
3954.89	1529.98
3953.91	1519.51
3952.93	1537.07
3951.94	1485.82
3950.96	1518.68
3949.98	1538.79
3949	1449.36
3948.02	1489.84
3947.04	1489.57
3946.06	1502.03
3945.07	1496.67
3944.09	1498.94
3943.11	1493.58
3942.13	1531.47
3941.14	1472.69
3940.16	1464.79
3939.18	1454.36
3938.19	1451.55
3937.21	1504.66
3936.23	1580.63
3935.24	1432.98
3934.26	1529.25
3933.27	1490.87
3932.29	1460.13
3931.3	1505.57
3930.32	1505.29
3929.33	1558.32
3928.35	1532.66
3927.36	1565.36
3926.38	1448.4
3925.39	1437.99
3924.41	1493.51
3923.42	1495.78
3922.43	1553.81
3921.45	1538.32
3920.46	1543.11
3919.47	1540.29
3918.49	1496.95
3917.5	1486.55
3916.51	1491.35
3915.52	1488.54
3914.54	1475.62
3913.55	1568.98
3912.56	1563.64
3911.57	1489.99
3910.58	1590.89
3909.6	1585.54
3908.61	1484.12
3907.62	1514.19
3906.63	1513.91
3905.64	1511.11
3904.65	1558.84
3903.66	1581.29
3902.67	1581
3901.68	1575.66
3900.69	1514.79
3899.7	1501.89
3898.71	1506.66
3897.72	1455.92
3896.73	1508.64
3895.74	1541.15
3894.74	1487.91
3893.75	1517.9
3892.76	1565.52
3891.77	1482.06
3890.78	1569.99
3889.79	1569.71
3888.79	1569.42
3887.8	1493.58
3886.81	1546.19
3885.81	1573.6
3884.82	1548.14
3883.83	1560.44
3882.83	1575.26
3881.84	1577.49
3880.85	1539.47
3879.85	1559.31
3878.86	1574.11
3877.86	1566.28
3876.87	1545.89
3875.88	1610.95
3874.88	1485.02
3873.89	1572.68
3872.89	1517.13
3871.89	1629.87
3870.9	1541.69
3869.9	1556.47
3868.91	1556.19
3867.91	1548.37
3866.91	1490.38
3865.92	1507.67
3864.92	1519.94
3863.92	1436.91
3862.93	1531.92
3861.93	1539.16
3860.93	1571.46
3859.93	1473.45
3858.94	1583.42
3857.94	1595.65
3856.94	1510.21
3855.94	1600.08
3854.94	1514.66
3853.94	1586.98
3852.95	1571.67
3851.95	1518.84
3850.95	1703.69
3849.95	1550.8
3848.95	1608.04
3847.95	1520.23
3846.95	1577.45
3845.95	1562.17
3844.95	1581.87
3843.95	1629.06
3842.95	1583.8
3841.95	1541.05
3840.94	1618.18
3839.94	1590.42
3838.94	1555.18
3837.94	1534.93
3836.94	1564.59
3835.94	1606.72
3834.93	1566.52
3833.93	1566.23
3832.93	1518.57
3831.93	1560.67
3830.92	1570.36
3829.92	1570.07
3828.92	1627.09
3827.91	1651.71
3826.91	1569.21
3825.91	1581.37
3824.9	1578.59
3823.9	1501.13
3822.89	1570.55
3821.89	1547.87
3820.88	1612.27
3819.88	1597.05
3818.87	1616.66
3817.87	1631.28
3816.86	1591.2
3815.86	1576
3814.85	1588.14
3813.84	1515.78
3812.84	1597.49
3811.83	1584.78
3810.83	1649.06
3809.82	1611.51
3808.81	1546.67
3807.8	1658.08
3806.8	1570.92
3805.79	1575.6
3804.78	1530.65
3803.77	1503.09
3802.77	1567.29
3801.76	1614.11
3800.75	1611.34
3799.74	1606.09
3798.73	1524.02
3797.72	1640.18
3796.71	1592.82
3795.7	1609.86
3794.69	1574.9
3793.68	1567.18
3792.67	1561.95
3791.66	1559.19
3790.65	1620.76
3789.64	1622.94
3788.63	1555.85
3787.62	1652.02
3786.61	1599.79
3785.6	1629.16
3784.59	1594.26
3783.58	1618.68
3782.56	1657.92
3781.55	1600.8
3780.54	1657.31
3779.53	1661.94
3778.52	1582.63
3777.5	1565.06
3776.49	1661.03
3775.48	1566.95
3774.46	1591.34
3773.45	1566.38
3772.44	1568.56
3771.42	1580.6
3770.41	1516.21
3769.39	1656.43
3768.38	1592.05
3767.36	1631.18
3766.35	1630.88
3765.34	1637.97
3764.32	1553.94
3763.3	1632.45
3762.29	1637.07
3761.27	1626.93
3760.26	1661.08
3759.24	1574.66
3758.23	1653.09
3757.21	1662.62
3756.19	1583.63
3755.18	1615.3
3754.16	1661.71
3753.14	1580.3
3752.12	1648.81
3751.11	1579.72
3750.09	1621.18
3749.07	1554.58
3748.05	1652.51
3747.03	1666.93
3746.02	1671.54
3745	1631.96
3743.98	1634.12
3742.96	1660.8
3741.94	1680.12
3740.92	1635.67
3739.9	1610.85
3738.88	1551.72
3737.86	1610.25
3736.84	1685.92
3735.82	1597.41
3734.8	1628.96
3733.78	1662.95
3732.76	1611.22
3731.74	1628.06
3730.71	1559.23
3729.69	1627.46
3728.67	1570.89
3727.65	1661.11
3726.63	1641.24
3725.61	1684.96
3724.58	1679.76
3723.56	1637.89
3722.54	1637.59
3721.51	1561.53
3720.49	1671.19
3719.47	1624.47
3718.44	1599.75
3717.42	1621.43
3716.4	1589.39
3715.37	1640.36
3714.35	1674.22
3713.32	1610.47
3712.3	1641.89
3711.27	1597.68
3710.25	1638.85
3709.22	1714.13
3708.2	1694.31
3707.17	1613.57
3706.15	1696.12
3705.12	1588.61
3704.09	1707.68
3703.07	1631.86
3702.04	1746.01
3701.01	1670.21
3699.99	1682.08
3698.96	1616.05
3697.93	1637.66
3696.9	1732.24
3695.88	1605.43
3694.85	1675.66
3693.82	1631.58
3692.79	1623.99
3691.76	1613.97
3690.74	1708.45
3689.71	1632.81
3688.68	1659.23
3687.65	1736.65
3686.62	1670.76
3685.59	1721.44
3684.56	1733.26
3683.53	1730.51
3682.5	1664.67
3681.47	1700.76
3680.44	1736.83
3679.41	1668.6
3678.38	1694.96
3677.34	1747.99
3676.31	1708.88
3675.28	1689.18
3674.25	1652.52
3673.22	1703.09
3672.19	1671.29
3671.15	1707.3
3670.12	1685.19
3669.09	1733.3
3668.06	1786.23
3667.02	1735.08
3665.99	1749.27
3664.96	1673.96
3663.92	1753.46
3662.89	1736.21
3661.85	1743.14
3660.82	1812.92
3659.79	1696.58
3658.75	1679.35
3657.72	1802.25
3656.68	1806.75
3655.65	1704.98
3654.61	1760.2
3653.57	1730.91
3652.54	1752.31
3651.5	1800.25
3650.47	1715.47
3649.43	1777.87
3648.39	1777.54
3647.36	1798.92
3646.32	1762.42
3645.28	1786.2
3644.25	1737.66
3643.21	1804.81
3642.17	1806.89
3641.13	1702.98
3640.09	1895.32
3639.06	1776.99
3638.02	1834.44
3636.98	1795.59
3635.94	1872.26
3634.9	1895.97
3633.86	1765.72
3632.82	1842.36
3631.78	1798.73
3630.74	1832.06
3629.7	1870.18
3628.66	1853.01
3627.62	1898.32
3626.58	1955.63
3625.54	1856.78
3624.5	1839.62
3623.46	1829.68
3622.42	1963.78
3621.38	1910.61
3620.33	1867.06
3619.29	1945.89
3618.25	1875.96
3617.21	1940.37
3616.17	1928.02
3615.12	1932.46
3614.08	1927.3
3613.04	1946.12
3611.99	1849.91
3610.95	1931.02
3609.91	1854.01
3608.86	1913.54
3607.82	1949.1
3606.77	1963.1
3605.73	1981.89
3604.69	1957.59
3603.64	1895.01
3602.6	1925.76
3601.55	1887.13
3600.5	1968.09
3599.46	1857.74
3598.41	1878.91
3597.37	1900.07
3596.32	1863.87
3595.27	1899.37
3594.23	1891.85
3593.18	1922.54
3592.13	1950.84
3591.09	1869.3
3590.04	1904.76
3588.99	1935.43
3587.94	1901.67
3586.9	1908.47
3585.85	1893.8
3584.8	1948.3
3583.75	1847.8
3582.7	1866.52
3581.65	1897.16
3580.6	1930.17
3579.56	1875.01
3578.51	1900.86
3577.46	1917.18
3576.41	1876.35
3575.36	1837.9
3574.31	1809
3573.26	1913.37
3572.2	1877.33
3571.15	1898.39
3570.1	1762.46
3569.05	1902.44
3568	1785.58
3566.95	1918.37
3565.9	1879.98
3564.84	1960.43
3563.79	1860.28
3562.74	1836.18
3561.69	1866.71
3560.63	1833.12
3559.58	1889.75
3558.53	1967.73
3557.47	1813.11
3556.42	1874.46
3555.37	1833.78
3554.31	1800.23
3553.26	1892.38
3552.2	1842.24
3551.15	1917.75
3550.09	1832.07
3549.04	1834.1
3547.98	1881.14
3546.93	1781.3
3545.87	1901.75
3544.82	1842.2
3543.76	1856.06
3542.71	1936.19
3541.65	1942.93
3540.59	1812.43
3539.54	1880.7
3538.48	1833.04
3537.42	1837.43
3536.36	1886.74
3535.31	1841.47
3534.25	1874.22
3533.19	1873.87
3532.13	1816.81
3531.07	1882.61
3530.02	1891.71
3528.96	1848.85
3527.9	1888.64
3526.84	1869.41
3525.78	1833.66
3524.72	1899.38
3523.66	1740.97
3522.6	1733.57
3521.54	1829.93
3520.48	1857.88
3519.42	1857.53
3518.36	1876.04
3517.3	1899.25
3516.24	1792.88
3515.17	1816.1
3514.11	1832.24
3513.05	1723.59
3511.99	1843.33
3510.93	1868.88
3509.87	1835.58
3508.8	1875.24
3507.74	1837.25
3506.68	1785.16
3505.61	1834.21
3504.55	1906.75
3503.49	1880.53
3502.42	1814.38
3501.36	1865.73
3500.3	1846.59
3499.23	1909.66
3498.17	1784.83
3497.1	1918.34
3496.04	1847.55
3494.97	1929.36
3493.91	1832.78
3492.84	1898.13
3491.77	1893.08
3490.71	1897.42
3489.64	1859.55
3488.58	1847.47
3487.51	1884.63
3486.44	1858.5
3485.38	1853.46
3484.31	1890.6
3483.24	1859.8
3482.17	1840.71
3481.11	1861.44
3480.04	1861.09
3478.97	1835
3477.9	1921.24
3476.83	1792.19
3475.77	1925.2
3474.7	1845.31
3473.63	1894.07
3472.56	1877.35
3471.49	1881.68
3470.42	1834.58
3469.35	1843.58
3468.28	1894.63
3467.21	1842.89
3466.14	1842.55
3465.07	1867.88
3464	1851.19
3462.92	1841.51
3461.85	1869.17
3460.78	1850.15
3459.71	1861.47
3458.64	1889.1
3457.57	1916.73
3456.49	1855.75
3455.42	1834.43
3454.35	1810.78
3453.28	1861.7
3452.2	1840.38
3451.13	1823.73
3450.06	1897.91
3448.98	1955.76
3447.91	1785.46
3446.83	1896.84
3445.76	1863.9
3444.68	1947.31
3443.61	1851.57
3442.53	1890.76
3441.46	1904.36
3440.38	1822.63
3439.31	1908.29
3438.23	1849.83
3437.16	1895.95
3436.08	1851.46
3435	1853.43
3433.93	1841.47
3432.85	1843.45
3431.77	1831.5
3430.7	1905.42
3429.62	1858.65
3428.54	1809.58
3427.46	1936.82
3426.39	1848.33
3425.31	1871.17
3424.23	1831.4
3423.15	1909.86
3422.07	1865.47
3420.99	1823.42
3419.91	1813.81
3418.83	1855.16
3417.75	1901.12
3416.68	1868.35
3415.6	1905.03
3414.51	1853.76
3413.43	1918.2
3412.35	1892.39
3411.27	1882.78
3410.19	1854.67
3409.11	1870.51
3408.03	1911.77
3406.95	1865.18
3405.87	1904.11
3404.78	1919.93
3403.7	1871.06
3402.62	1930.75
3401.54	1849.57
3400.45	1883.85
3399.37	1848.87
3398.29	1890.06
3397.2	1940.47
3396.12	1880.12
3395.04	1856.7
3393.95	1837.9
3392.87	1802.97
3391.78	1864.87
3390.7	1823.04
3389.61	1882.6
3388.53	1866.12
3387.44	1847.34
3386.36	1851.6
3385.27	1906.51
3384.19	1883.13
3383.1	1868.96
3382.01	1866.31
3380.93	1771.62
3379.84	1856.4
3378.75	1849.15
3377.67	1858
3376.58	1882.94
3375.49	1848.1
3374.4	1896.02
3373.31	1863.49
3372.23	1817.19
3371.14	1876.57
3370.05	1850.95
3368.96	1855.19
3367.87	1875.5
3366.78	1783.34
3365.69	1861.03
3364.6	1860.67
3363.51	1800.68
3362.42	1814.1
3361.33	1836.69
3360.24	1850.1
3359.15	1904.76
3358.06	1927.31
3356.97	1761.98
3355.88	1862.44
3354.79	1839.19
3353.69	1831.97
3352.6	1817.88
3351.51	1854.17
3350.42	1860.68
3349.33	1874.06
3348.23	1875.99
3347.14	1791
3346.05	1795.24
3344.95	1829.2
3343.86	1842.57
3342.77	1817.07
3341.67	1841.87
3340.58	1839.23
3339.48	1811.47
3338.39	1849.96
3337.29	1799.37
3336.2	1849.26
3335.1	1823.8
3334.01	1850.84
3332.91	1861.89
3331.82	1761.16
3330.72	1872.59
3329.62	1822.07
3328.53	1821.72
3327.43	1814.54
3326.33	1871.17
3325.24	1873.1
3324.14	1870.46
3323.04	1792.66
3321.94	1844.7
3320.85	1819.31
3319.75	1814.41
3318.65	1864.14
3317.55	1831.93
3316.45	1881.63
3315.35	1783.46
3314.25	1835.43
3313.16	1848.73
3312.06	1868.84
3310.96	1841.21
3309.86	1861.31
3308.76	1806.42
3307.66	1856.06
3306.55	1903.41
3305.45	1846.27
3304.35	1827.76
3303.25	1852.38
3302.15	1813.44
3301.05	1815.37
3299.95	1842.25
3298.84	1755.7
3297.74	1889.18
3296.64	1818.52
3295.54	1838.58
3294.43	1813.3
3293.33	1788.03
3292.23	1817.14
3291.12	1814.53
3290.02	1832.31
3288.92	1863.66
3287.81	1799.91
3286.71	1806.36
3285.6	1781.12
3284.5	1783.05
3283.39	1825.69
3282.29	1807.25
3281.18	1806.91
3280.08	1851.78
3278.97	1783.61
3277.86	1842.04
3276.76	1886.88
3275.65	1882
3274.54	1822.92
3273.44	1845.15
3272.33	1858.35
3271.22	1783.5
3270.12	1832.81
3269.01	1864.06
3267.9	1793.76
3266.79	1834.02
3265.68	1759.24
3264.57	1833.32
3263.47	1796.9
3262.36	1792.05
3261.25	1814.25
3260.14	1800.38
3259.03	1752.73
3257.92	1799.7
3256.81	1828.63
3255.7	1808.02
3254.59	1798.67
3253.48	1852.34
3252.37	1827.23
3251.25	1754.89
3250.14	1869.28
3249.03	1850.93
3247.92	1837.08
3246.81	1807.51
3245.69	1852.12
3244.58	1802.32
3243.47	1894.1
3242.36	1828.59
3241.24	1794.56
3240.13	1836.88
3239.02	1764.68
3237.9	1748.63
3236.79	1743.81
3235.68	1842.21
3234.56	1805.96
3233.45	1812.35
3232.33	1706.6
3231.22	1766.81
3230.1	1887.53
3228.99	1772.86
3227.87	1761.32
3226.75	1828.19
3225.64	1787.53
3224.52	1789.42
3223.41	1784.6
3222.29	1878.29
3221.17	1774.97
3220.05	1839.53
3218.94	1738.49
3217.82	1765
3216.7	1798.21
3215.58	1864.96
3214.47	1777.41
3213.35	1803.89
3212.23	1794.61
3211.11	1769.68
3209.99	1798.39
3208.87	1820.38
3207.75	1748.57
3206.63	1743.77
3205.51	1823.8
3204.39	1807.83
3203.27	1760.62
3202.15	1822.75
3201.03	1735.41
3199.91	1755.15
3198.79	1757.04
3197.67	1790.15
3196.55	1812.09
3195.42	1735.98
3194.3	1753.47
3193.18	1826.65
3192.06	1761.71
3190.93	1768.05
3189.81	1749.9
3188.69	1823.02
3187.56	1795.97
3186.44	1731.1
3185.32	1764.14
3184.19	1790.49
3183.07	1847.96
3181.94	1792.03
3180.82	1798.35
3179.7	1764.67
3178.57	1826.55
3177.44	1761.77
3176.32	1832.51
3175.19	1818.84
3174.07	1774.08
3172.94	1764.86
3171.82	1742.33
3170.69	1773.06
3169.56	1730.57
3168.43	1752.42
3167.31	1834.14
3166.18	1734
3165.05	1817.92
3163.92	1751.07
3162.8	1721.93
3161.67	1783.64
3160.54	1727.91
3159.41	1853.83
3158.28	1687.39
3157.15	1813.26
3156.02	1773.07
3154.89	1766.09
3153.76	1794.52
3152.63	1767.63
3151.5	1727.47
3150.37	1720.51
3149.24	1744.5
3148.11	1823.74
3146.98	1779.19
3145.85	1736.86
3144.72	1787.34
3143.59	1756.08
3142.45	1709.36
3141.32	1779.69
3140.19	1825.71
3139.06	1734.86
3137.92	1747.77
3136.79	1743.02
3135.66	1777.98
3134.52	1735.73
3133.39	1799.35
3132.26	1684.36
3131.12	1732.53
3129.99	1763.05
3128.85	1769.32
3127.72	1802.02
3126.58	1737.8
3125.45	1794.72
3124.31	1752.55
3123.18	1743.4
3122.04	1732.07
3120.9	1784.54
3119.77	1707.2
3118.63	1770.66
3117.49	1768.12
3116.36	1780.97
3115.22	1828.99
3114.08	1716.55
3112.95	1744.78
3111.81	1713.69
3110.67	1719.95
3109.53	1785.5
3108.39	1756.61
3107.25	1721.15
3106.11	1740.57
3104.98	1766.57
3103.84	1709.18
3102.7	1664.98
3101.56	1789.68
3100.42	1747.67
3099.28	1753.91
3098.14	1722.88
3096.99	1729.12
3095.85	1816.44
3094.71	1715.31
3093.57	1739.08
3092.43	1725.6
3091.29	1723.08
3090.15	1746.83
3089	1731.17
3087.86	1717.71
3086.72	1721.75
3085.57	1688.61
3084.43	1701.4
3083.29	1692.33
3082.14	1698.56
3081	1739.76
3079.86	1702.28
3078.71	1791.53
3077.57	1716.91
3076.42	1773.36
3075.28	1727.17
3074.13	1746.48
3072.99	1748.33
3071.84	1651.97
3070.7	1743.29
3069.55	1769.13
3068.4	1722.98
3067.26	1731.37
3066.11	1689.62
3064.96	1767.76
3063.82	1734.73
3062.67	1747.47
3061.52	1716.63
3060.37	1685.81
3059.23	1726.86
3058.08	1719.99
3056.93	1676.12
3055.78	1677.98
3054.63	1703.76
3053.48	1731.71
3052.33	1746.61
3051.18	1768.01
3050.03	1737.23
3048.88	1723.85
3047.73	1725.69
3046.58	1649.31
3045.43	1744.58
3044.28	1672.56
3043.13	1706.99
3041.98	1663.23
3040.83	1652.05
3039.68	1753.74
3038.52	1749.07
3037.37	1705.33
3036.22	1728.87
3035.07	1693.83
3033.91	1736.87
3032.76	1699.68
3031.61	1671.17
3030.45	1677.35
3029.3	1670.52
3028.14	1642.04
3026.99	1743.52
3025.84	1682.55
3024.68	1794.8
3023.53	1746.83
3022.37	1705.37
3021.22	1702.88
3020.06	1674.43
3018.9	1684.92
3017.75	1719.19
3016.59	1714.53
3015.44	1798.51
3014.28	1703.06
3013.12	1769.72
3011.96	1726.17
3010.81	1732.31
3009.65	1673.67
3008.49	1729.48
3007.33	1673.02
3006.18	1715.86
3005.02	1713.37
3003.86	1751.87
3002.7	1706.23
3001.54	1645.52
3000.38	1707.73
2999.22	1675.06
2998.06	1640.25
2996.9	1704.58
2995.74	1643.92
2994.58	1622.06
2993.42	1666.97
2992.26	1640.81
2991.1	1756.75
2989.94	1631.56
2988.77	1588.2
2987.61	1676.11
2986.45	1699.45
2985.29	1649.65
2984.12	1642.88
2982.96	1676.96
2981.8	1637.94
2980.64	1721.44
2979.47	1695.32
2978.31	1694.99
2977.14	1662.44
2975.98	1582.67
2974.82	1694
2973.65	1648.59
2972.49	1678.32
2971.32	1748.8
2970.16	1615.45
2968.99	1694.5
2967.82	1659.86
2966.66	1672.4
2965.49	1665.64
2964.33	1684.61
2963.16	1692.85
2961.99	1737.52
2960.83	1617.22
2959.66	1670.45
2958.49	1625.16
2957.32	1684.78
2956.15	1669.47
2954.99	1641.33
2953.82	1626.03
2952.65	1655.66
2951.48	1612.57
2950.31	1618.67
2949.14	1594.84
2947.97	1673.61
2946.8	1677.56
2945.63	1677.23
2944.46	1606.41
2943.29	1670.17
2942.12	1639.95
2940.95	1658.85
2939.78	1673.47
2938.61	1611.25
2937.44	1726.16
2936.26	1685.29
2935.09	1646.57
2933.92	1684.63
2932.75	1613.94
2931.57	1611.5
2930.4	1660.2
2929.23	1647.09
2928.05	1651.03
2926.88	1676.27
2925.71	1605.67
2924.53	1616
2923.36	1568.85
2922.18	1623.88
2921.01	1629.95
2919.83	1650.91
2918.66	1637.82
2917.48	1637.5
2916.31	1700.97
2915.13	1630.49
2913.95	1649.3
2912.78	1638.35
2911.6	1587.04
2910.42	1618.59
2909.25	1577.92
2908.07	1654.06
2906.89	1577.31
2905.71	1589.73
2904.54	1644.6
2903.36	1597.6
2902.18	1660.93
2901	1607.58
2899.82	1636.95
2898.64	1636.63
2897.46	1621.47
2896.28	1587.25
2895.1	1686.52
2893.92	1525.2
2892.74	1584.2
2891.56	1624.13
2890.38	1600.52
2889.2	1619.26
2888.02	1635.87
2886.84	1580.54
2885.65	1535.8
2884.47	1630.68
2883.29	1634.59
2882.11	1591.99
2880.92	1587.45
2879.74	1671.67
2878.56	1578.37
2877.38	1542.15
2876.19	1615.77
2875.01	1533.1
2873.82	1570.8
2872.64	1614.83
2871.45	1578.63
2870.27	1578.32
2869.08	1601.22
2867.9	1636.76
2866.71	1509.91
2865.53	1574.98
2864.34	1606.29
2863.16	1624.94
2861.97	1563.52
2860.78	1516.86
2859.6	1607.14
2858.41	1564.7
2857.22	1555.97
2856.03	1564.09
2854.85	1519.58
2853.66	1555.06
2852.47	1550.55
2851.28	1596.52
2850.09	1577.28
2848.9	1539.12
2847.71	1553.53
2846.52	1521.7
2845.34	1573.94
2844.15	1504.3
2842.96	1556.52
2841.76	1591.91
2840.57	1595.8
2839.38	1593.39
2838.19	1584.68
2837	1552.89
2835.81	1554.69
2834.62	1562.77
2833.43	1547.78
2832.23	1602
2831.04	1563.95
2829.85	1616.04
2828.65	1521.42
2827.46	1615.41
2826.27	1472.64
2825.07	1568.69
2823.88	1547.45
2822.69	1565.98
2821.49	1509.16
2820.3	1588.39
2819.1	1491.83
2817.91	1558.48
2816.71	1537.26
2815.52	1497.22
2814.32	1547.11
2813.13	1498.73
2811.93	1473.35
2810.73	1525.3
2809.54	1474.86
2808.34	1535.14
2807.14	1501.43
2805.94	1519.92
2804.75	1505.01
2803.55	1554.8
2802.35	1491.9
2801.15	1483.26
2799.95	1528.86
2798.75	1468.08
2797.56	1492.81
2796.36	1513.36
2795.16	1540.16
2793.96	1552.36
2792.76	1543.72
2791.56	1453.85
2790.36	1507.71
2789.16	1467.85
2787.95	1511.28
2786.75	1571.34
2785.55	1581.43
2784.35	1522.87
2783.15	1489.29
2781.95	1588.81
2780.74	1513.65
2779.54	1478.01
2778.34	1471.49
2777.13	1498.21
2775.93	1489.6
2774.73	1532.93
2773.52	1493.17
2772.32	1488.72
2771.12	1532.02
2769.91	1502.66
2768.71	1548.02
2767.5	1497.92
2766.3	1555.71
2765.09	1522.22
2763.89	1482.52
2762.68	1544.42
2761.47	1463.28
2760.27	1570.75
2759.06	1468.92
2757.85	1468.63
2756.65	1503.55
2755.44	1501.18
2754.23	1453.27
2753.02	1488.17
2751.81	1471.32
2750.61	1504.13
2749.4	1510.04
2748.19	1497.34
2746.98	1480.5
2745.77	1476.07
2744.56	1510.92
2743.35	1494.09
2742.14	1483.46
2740.93	1456.31
2739.72	1509.72
2738.51	1515.62
2737.3	1476.09
2736.09	1496.44
2734.88	1487.89
2733.66	1522.67
2732.45	1501.74
2731.24	1437.51
2730.03	1497.03
2728.82	1498.79
2727.6	1492.31
2726.39	1473.47
2725.18	1444.33
2723.96	1489.37
2722.75	1493.19
2721.53	1431.12
2720.32	1447.31
2719.11	1471.72
2717.89	1473.49
2716.68	1467.02
2715.46	1491.42
2714.25	1445.88
2713.03	1468.21
2711.81	1469.97
2710.6	1477.9
2709.38	1471.45
2708.16	1448.55
2706.95	1440.05
2705.73	1466.46
2704.51	1412.78
2703.29	1433.03
2702.08	1430.7
2700.86	1463.25
2699.64	1465.01
2698.42	1518.06
2697.2	1425.46
2695.98	1373.91
2694.76	1455.65
2693.54	1406.17
2692.32	1424.33
2691.1	1477.32
2689.88	1407.38
2688.66	1431.68
2687.44	1466.21
2686.22	1445.44
2685	1498.38
2683.78	1487.85
2682.56	1467.09
2681.33	1470.89
2680.11	1462.42
2678.89	1427.36
2677.67	1463.88
2676.44	1394.09
2675.22	1377.46
2674	1428.27
2672.77	1374.87
2671.55	1358.26
2670.33	1427.42
2669.1	1447.55
2667.88	1416.65
2666.65	1432.69
2665.43	1379.36
2664.2	1462.73
2662.97	1354.33
2661.75	1437.67
2660.52	1423.12
2659.3	1377.99
2658.07	1453.12
2656.84	1450.79
2655.62	1393.46
2654.39	1415.59
2653.16	1431.6
2651.93	1382.45
2650.7	1414.75
2649.48	1400.22
2648.25	1359.24
2647.02	1432.21
2645.79	1370.91
2644.56	1454.01
2643.33	1415.09
2642.1	1386.35
2640.87	1396.24
2639.64	1377.67
2638.41	1326.61
2637.18	1397.44
2635.95	1415.43
2634.72	1405
2633.48	1429.08
2632.25	1367.91
2631.02	1296.62
2629.79	1397.8
2628.56	1367.09
2627.32	1401.29
2626.09	1368.58
2624.86	1343.98
2623.62	1390.32
2622.39	1390.05
2621.16	1389.77
2619.92	1409.75
2618.69	1338.59
2617.45	1358.57
2616.22	1386.64
2614.98	1337.79
2613.75	1392.16
2612.51	1385.81
2611.27	1361.26
2610.04	1363.01
2608.8	1435.53
2607.57	1370.55
2606.33	1426.87
2605.09	1382.13
2603.85	1335.39
2602.62	1320.98
2601.38	1338.9
2600.14	1387.09
2598.9	1380.75
2597.66	1410.75
2596.42	1382.22
2595.18	1420.27
2593.94	1323.17
2592.71	1288.63
2591.47	1342.81
2590.23	1364.71
2588.98	1291.89
2587.74	1342
2586.5	1365.91
2585.26	1339.45
2584.02	1319.05
2582.78	1367.11
2581.54	1344.69
2580.29	1318.26
2579.05	1315.98
2577.81	1357.97
2576.57	1319.48
2575.32	1289.05
2574.08	1357.15
2572.84	1336.78
2571.59	1308.37
2570.35	1271.94
2569.1	1319.9
2567.86	1307.59
2566.61	1313.35
2565.37	1369.31
2564.12	1411.19
2562.88	1314.57
2561.63	1372.5
2560.39	1326.08
2559.14	1279.68
2557.89	1303.49
2556.65	1349.35
2555.4	1325.02
2554.15	1318.74
2552.9	1252.35
2551.66	1374.31
2550.41	1273.89
2549.16	1315.68
2547.91	1355.46
2546.66	1309.15
2545.41	1400.95
2544.16	1352.65
2542.91	1310.37
2541.66	1322.1
2540.41	1315.84
2539.16	1277.59
2537.91	1299.32
2536.66	1307.06
2535.41	1350.75
2534.16	1276.57
2532.91	1262.33
2531.66	1242.11
2530.4	1337.69
2529.15	1337.42
2527.9	1313.21
2526.65	1289
2525.39	1330.63
2524.14	1282.5
2522.89	1338.08
2521.63	1301.92
2520.38	1301.66
2519.12	1251.57
2517.87	1327.04
2516.61	1274.98
2515.36	1246.84
2514.1	1242.6
2512.85	1272.22
2511.59	1252.06
2510.33	1357.28
2509.08	1237.63
2507.82	1287.11
2506.56	1278.9
2505.31	1238.87
2504.05	1318.15
2502.79	1262.22
2501.53	1279.86
2500.28	1239.86
2499.02	1221.73
2497.76	1320.8
2496.5	1282.8
2495.24	1236.88
2493.98	1262.44
2492.72	1194.71
2491.46	1269.86
2490.2	1231.92
2488.94	1247.54
2487.68	1334.54
2486.42	1219.28
2485.16	1211.11
2483.9	1234.64
2482.63	1246.28
2481.37	1194.53
2480.11	1277.47
2478.85	1287.11
2477.59	1227.46
2476.32	1231.17
2475.06	1256.65
2473.8	1254.42
2472.53	1179
2471.27	1210.4
2470	1220.05
2468.74	1235.62
2467.47	1217.58
2466.21	1221.29
2464.94	1167.69
2463.68	1246.48
2462.41	1226.47
2461.15	1222.28
2459.88	1216.11
2458.61	1223.76
2457.35	1211.67
2456.08	1246.94
2454.81	1195.4
2453.54	1260.25
2452.28	1190.98
2451.01	1224.25
2449.74	1224
2448.47	1255.29
2447.2	1203.81
2445.93	1209.48
2444.66	1183.63
2443.39	1185.36
2442.12	1192.99
2440.85	1232.12
2439.58	1224
2438.31	1229.65
2437.04	1188.1
2435.77	1244.89
2434.5	1154.19
2433.23	1195.24
2431.96	1285.41
2430.68	1149.56
2429.41	1190.59
2428.14	1176.6
2426.87	1154.76
2425.59	1178.09
2424.32	1166.07
2423.04	1205.09
2421.77	1208.77
2420.5	1143.78
2419.22	1222.01
2417.95	1200.19
2416.67	1235.24
2415.4	1174.22
2414.12	1162.23
2412.85	1158.07
2411.57	1220.53
2410.29	1220.28
2409.02	1176.95
2407.74	1182.59
2406.46	1190.18
2405.18	1166.45
2403.91	1217.09
2402.63	1126.86
2401.35	1093.38
2400.07	1232
2398.79	1180.92
2397.52	1120.08
2396.24	1211.71
2394.96	1191.92
2393.68	1131.12
2392.4	1158.24
2391.12	1140.43
2389.84	1132.39
2388.56	1157.53
2387.27	1114.36
2385.99	1172.68
2384.71	1150.98
2383.43	1154.65
2382.15	1105.66
2380.87	1105.44
2379.58	1138.35
2378.3	1104.99
2377.02	1190.5
2375.73	1178.57
2374.45	1102.37
2373.17	1117.73
2371.88	1101.92
2370.6	1140.63
2369.31	1115.1
2368.03	1132.38
2366.74	1124.37
2365.46	1170.82
2364.17	1108.36
2362.89	1119.8
2361.6	1115.69
2360.31	1134.89
2359.03	1140.49
2357.74	1118.89
2356.45	1103.13
2355.17	1155.33
2353.88	1155.1
2352.59	1079.17
2351.3	1168.21
2350.01	1127.23
2348.72	1117.3
2347.43	1124.84
2346.15	1107.16
2344.86	1128.26
2343.57	1077.63
2342.28	1118.11
2340.99	1125.63
2339.69	1127.34
2338.4	1063.2
2337.11	1088.16
2335.82	1091.81
2334.53	1128.36
2333.24	1093.3
2331.95	1077.6
2330.65	1096.72
2329.36	1090.7
2328.07	1123.35
2326.77	1092.19
2325.48	1090.03
2324.19	1130.39
2322.89	1126.3
2321.6	1104.82
2320.3	1102.66
2319.01	1129.47
2317.71	1057.82
2316.42	1117.43
2315.12	1063.18
2313.83	1134.34
2312.53	1091.68
2311.23	1058.67
2309.94	1081.59
2308.64	1071.73
2307.34	1063.81
2306.05	1092.49
2304.75	1084.56
2303.45	1080.49
2302.15	1066.79
2300.85	1060.8
2299.55	1043.26
2298.25	1089.23
2296.96	1048.61
2295.66	1075.32
2294.36	1071.26
2293.06	1063.35
2291.76	1065.05
2290.45	1030.24
2289.15	1079.99
2287.85	1087.46
2286.55	1054.58
2285.25	1083.17
2283.95	1052.23
2282.65	1109.61
2281.34	1023.01
2280.04	1043.91
2278.74	1082.07
2277.43	1066.5
2276.13	1006.83
2274.83	1056.48
2273.52	1046.68
2272.22	979.386
2270.91	1109.49
2269.61	1076.69
2268.3	1042
2267	1074.34
2265.69	1064.55
2264.39	1043.27
2263.08	1060.28
2261.77	1071.55
2260.47	990.98
2259.16	1053.9
2257.85	1059.42
2256.54	988.461
2255.24	1058.99
2253.93	1020.55
2252.62	1075.75
2251.31	1029.68
2250	997.001
2248.69	1008.25
2247.38	1013.78
2246.07	1023.11
2244.76	1026.72
2243.45	1024.6
2242.14	1028.21
2240.83	982.224
2239.52	961.048
2238.21	1039.02
2236.9	1010.21
2235.59	1029.06
2234.27	1057.43
2232.96	1017.21
2231.65	1053.19
2230.34	1020.6
2229.02	1024.2
2227.71	1006.86
2226.4	1044.72
2225.08	1006.45
2223.77	996.734
2222.45	1002.24
2221.14	1000.13
2219.82	1013.23
2218.51	997.819
2217.19	1005.22
2215.88	1065.8
2214.56	1046.59
2213.24	966.616
2211.93	1000.59
2210.61	977.61
2209.29	1011.57
2207.97	984.799
2206.66	1049.1
2205.34	950.255
2204.02	1016.43
2202.7	972.616
2201.38	1010.33
2200.06	955.161
2198.74	953.07
2197.42	986.974
2196.1	1005.71
2194.78	1009.29
2193.46	925.784
2192.14	955.879
2190.82	965.145
2189.5	925.214
2188.18	996.907
2186.86	987.246
2185.54	981.371
2184.21	950.922
2182.89	948.836
2181.57	967.539
2180.24	991.901
2178.92	969.03
2177.6	978.274
2176.27	991.29
2174.95	972.209
2173.62	928.599
2172.3	988.792
2170.97	941.424
2169.65	986.5
2168.32	990.069
2167	950.271
2165.67	955.731
2164.34	963.073
2163.02	987.371
2161.69	955.141
2160.36	981.314
2159.04	924.619
2157.71	930.077
2156.38	971.297
2155.05	916.52
2153.72	999.121
2152.39	919.906
2151.06	923.478
2149.74	927.049
2148.41	891.137
2147.08	956.742
2145.75	949.028
2144.41	937.559
2143.08	929.852
2141.75	918.392
2140.42	933.225
2139.09	968.702
2137.76	921.579
2136.43	968.303
2135.09	902.438
2133.76	909.755
2132.43	945.2
2131.09	841.88
2129.76	946.685
2128.43	927.748
2127.09	905.07
2125.76	889.896
2124.42	917.809
2123.09	983.164
2121.75	900.58
2120.42	982.759
2119.08	915.181
2117.75	900.023
2116.41	860.551
2115.07	895.911
2113.74	927.516
2112.4	886.193
2111.06	867.318
2109.72	913.86
2108.38	857.618
2107.05	907.879
2105.71	885.279
2104.37	881.362
2103.03	873.713
2101.69	914.596
2100.35	892.013
2099.01	891.829
2097.67	915.895
2096.33	885.866
2094.99	921.11
2093.65	889.228
2092.31	887.181
2090.97	890.725
2089.62	858.869
2088.28	951.825
2086.94	893.897
2085.6	910.47
2084.25	873.051
2082.91	850.537
2081.57	874.551
2080.22	902.276
2078.88	935.569
2077.53	853.553
2076.19	899.857
2074.84	819.741
2073.5	866.033
2072.15	821.26
2070.81	867.532
2069.46	889.64
2068.12	882.029
2066.77	896.698
2065.42	883.52
2064.08	883.337
2062.73	899.852
2061.38	903.376
2060.03	843.842
2058.68	890.023
2057.34	850.908
2055.99	880.387
2054.64	924.678
2053.29	876.317
2051.94	916.886
2050.59	855.583
2049.24	829.484
2047.89	834.866
2046.54	897.619
2045.19	871.527
2043.83	801.047
2042.48	811.979
2041.13	863.589
2039.78	863.41
2038.43	844.746
2037.07	813.154
2035.72	885.045
2034.37	855.305
2033.01	840.352
2031.66	893.728
2030.31	816.003
2028.95	830.6
2027.6	817.51
2026.24	826.566
2024.89	868.821
2023.53	835.444
2022.17	848.178
2020.82	774.262
2019.46	818.336
2018.11	866.077
2016.75	840.104
2015.39	856.507
2014.03	821.34
2012.68	823.01
2011.32	848.611
2009.96	811.626
2008.6	811.458
2007.24	827.846
2005.88	851.584
2004.52	799.919
2003.16	799.752
2001.8	823.482
2000.44	847.201
1999.08	780.88
1997.72	822.968
1996.36	822.797
1995	806.1
1993.64	793.082
1992.27	802.094
1990.91	796.422
1989.55	820.108
1988.19	841.949
1986.82	823.434
1985.46	821.43
1984.1	812.093
1982.73	811.924
1981.37	736.626
1980	806.09
1978.64	833.397
1977.27	840.548
1975.91	805.587
1974.54	814.571
1973.18	754.008
1971.81	761.17
1970.44	806.745
1969.08	768.169
1967.71	793.609
1966.34	778.818
1964.97	807.901
1963.61	796.768
1962.24	796.602
1960.87	814.703
1959.5	809.054
1958.13	765.064
1956.76	792.287
1955.39	764.745
1954.02	781.008
1952.65	738.884
1951.28	791.627
1949.91	782.343
1948.54	718.366
1947.17	787.486
1945.8	820.127
1944.42	787.157
1943.05	741.45
1941.68	774.079
1940.31	773.918
1938.93	750.089
1937.56	749.932
1936.19	755.235
1934.81	767.814
1933.44	771.292
1932.06	780.224
1930.69	785.516
1929.31	761.719
1927.94	750.654
1926.56	770.487
1925.18	759.425
1923.81	784.696
1922.43	782.716
1921.05	771.659
1919.68	756.975
1918.3	733.223
1916.92	774.804
1915.54	780.085
1914.17	730.95
1912.79	728.984
1911.41	756.026
1910.03	734.117
1908.65	739.4
1907.27	755.552
1905.89	717.353
1904.51	753.425
1903.13	726.106
1901.75	735.006
1900.37	762.002
1898.99	740.128
1897.6	725.499
1896.22	723.538
1894.84	705.302
1893.46	752.165
1892.07	761.046
1890.69	731.969
1889.31	702.905
1887.92	738.889
1886.54	731.51
1885.15	749.415
1883.77	763.701
1882.38	745.491
1881	754.358
1879.61	734.353
1878.23	739.611
1876.84	679.938
1875.46	690.615
1874.07	733.737
1872.68	737.188
1871.29	722.617
1869.91	690.036
1868.52	716.911
1867.13	727.566
1865.74	725.613
1864.35	739.862
1862.96	723.509
1861.57	723.357
1860.19	755.587
1858.8	715.859
1857.4	701.323
1856.01	713.761
1854.62	717.206
1853.23	722.447
1851.84	677.376
1850.45	731.125
1849.06	743.544
1847.67	698.497
1846.27	710.917
1844.88	673.076
1843.49	730.358
1842.09	672.793
1840.7	669.064
1839.31	686.857
1837.91	726.159
1836.52	693.739
1835.12	679.256
1833.73	691.656
1832.33	748.838
1830.93	723.605
1829.54	700.174
1828.14	705.397
1826.75	717.779
1825.35	678.257
1823.95	697.796
1822.55	692.282
1821.16	677.829
1819.76	695.568
1818.36	681.119
1816.96	720.298
1815.56	645.094
1814.16	694.982
1812.76	684.119
1811.36	666.117
1809.96	694.544
1808.56	665.836
1807.16	667.481
1805.76	704.811
1804.36	722.502
1802.96	713.432
1801.56	665.136
1800.15	693.521
1798.75	661.291
1797.35	687.882
1795.94	712.681
1794.54	689.374
1793.14	666.076
1791.73	706.889
1790.33	687.158
1788.92	685.233
1787.52	697.545
1786.11	672.491
1784.71	679.464
1783.3	659.759
1781.9	684.512
1780.49	650.593
1779.08	671.782
1777.68	700.07
1776.27	676.828
1774.86	694.446
1773.45	669.44
1772.05	633.792
1770.64	628.334
1769.23	633.525
1767.82	697.263
1766.41	670.508
1765	666.819
1763.59	702.14
1762.18	666.538
1760.77	677.031
1759.36	696.38
1757.95	669.659
1756.54	639.407
1755.12	658.751
1753.71	663.923
1752.3	617.761
1750.89	661.873
1749.47	638.732
1748.06	636.828
1746.65	627.85
1745.23	627.718
1743.82	666.478
1742.4	650.429
1740.99	673.264
1739.58	644.854
1738.16	621.755
1736.74	633.986
1735.33	621.492
1733.91	649.605
1732.5	633.584
1731.08	647.565
1729.66	629.787
1728.24	603.198
1726.83	618.941
1725.41	629.388
1723.99	673.32
1722.57	657.317
1721.15	628.988
1719.73	627.093
1718.31	611.11
1716.89	621.546
1715.47	624.935
1714.05	644.162
1712.63	619.391
1711.21	659.723
1709.79	624.405
1708.37	599.654
1706.95	631.173
1705.52	613.462
1704.1	667.811
1702.68	632.529
1701.26	635.908
1699.83	649.824
1698.41	628.615
1696.98	593.371
1695.56	658.186
1694.14	610.667
1692.71	612.292
1691.28	571.819
1689.86	631.323
1688.43	618.916
1687.01	631.055
1685.58	637.932
1684.15	636.044
1682.73	599.121
1681.3	583.231
1679.87	675.914
1678.44	595.238
1677.02	621.367
1675.59	596.735
1674.16	622.852
1672.73	645.46
1671.3	615.593
1669.87	601.474
1668.44	629.316
1667.01	623.939
1665.58	574.88
1664.15	625.421
1662.72	616.555
1661.28	590.23
1659.85	642.481
1658.42	591.725
1656.99	616.031
1655.55	593.218
1654.12	594.836
1652.69	612.15
1651.25	577.147
1649.82	587.484
1648.39	611.759
1646.95	590.719
1645.52	583.625
1644.08	590.468
1642.64	578.152
1641.21	590.216
1639.77	590.091
1638.34	598.667
1636.9	610.719
1635.46	610.589
1634.02	596.545
1632.59	568.597
1631.15	558.045
1629.71	544.022
1628.27	547.381
1626.83	580.274
1625.39	573.203
1623.95	580.027
1622.51	618.101
1621.07	583.252
1619.63	605.689
1618.19	569.122
1616.75	560.327
1615.31	574.083
1613.87	567.024
1612.43	559.969
1610.98	552.916
1609.54	590.922
1608.1	597.726
1606.66	582.009
1605.21	588.812
1603.77	578.298
1602.32	562.595
1600.88	529.592
1599.43	586.58
1597.99	593.374
1596.54	556.927
1595.1	582.746
1593.65	560.147
1592.21	549.656
1590.76	592.741
1589.31	606.437
1587.86	532.03
1586.42	545.733
1584.97	562.883
1583.52	597.288
1582.07	576.449
1580.62	526.286
1579.17	539.975
1577.72	550.208
1576.28	574.232
1574.83	510.32
1573.37	573.987
1571.92	572.141
1570.47	561.681
1569.02	561.561
1567.57	533.885
1566.12	538.937
1564.67	581.858
1563.21	493.957
1561.76	542.032
1560.31	538.476
1558.85	553.841
1557.4	536.526
1555.95	527.815
1554.49	517.388
1553.04	558.522
1551.58	532.63
1550.13	551.412
1548.67	554.729
1547.21	525.42
1545.76	547.625
1544.3	550.94
1542.84	543.958
1541.39	554.135
1539.93	504.275
1538.47	547.038
1537.01	565.781
1535.56	550.232
1534.1	560.397
1532.64	526.009
1531.18	544.74
1529.72	501.806
1528.26	518.822
1526.8	537.542
1525.34	549.407
1523.88	542.445
1522.42	513.244
1520.95	561.027
1519.49	564.327
1518.03	511.205
1516.57	536.735
1515.1	548.583
1513.64	471.578
1512.18	493.684
1510.71	510.656
1509.25	469.566
1507.79	500.194
1506.32	513.741
1504.86	517.044
1503.39	493.048
1501.92	501.471
1500.46	494.542
1498.99	547.289
1497.53	506.261
1496.06	501.04
1494.59	512.859
1493.12	517.86
1491.66	478.576
1490.19	490.393
1488.72	505.609
1487.25	476.566
1485.78	500.287
1484.31	542.711
1482.84	513.679
1481.37	503.365
1479.9	496.456
1478.43	484.451
1476.96	501.341
1475.49	480.844
1474.02	470.548
1472.54	501.018
1471.07	521.286
1469.6	466.849
1468.13	480.327
1466.65	468.345
1465.18	515.748
1463.71	515.637
1462.23	488.393
1460.76	537.455
1459.28	523.779
1457.81	459.267
1456.33	506.61
1454.86	433.66
1453.38	504.698
1451.9	469.031
1450.43	507.866
1448.95	458.674
1447.47	492.418
1445.99	451.709
1444.52	512.503
1443.04	465.043
1441.56	508.901
1440.08	485.126
1438.6	493.472
1437.12	483.228
1435.64	452.717
1434.16	504.975
1432.68	477.849
1431.2	479.435
1429.72	494.521
1428.24	467.416
1426.75	499.369
1425.27	473.961
1423.79	480.604
1422.31	487.244
1420.82	465.226
1419.34	466.811
1417.86	463.34
1416.37	444.711
1414.89	501.876
1413.4	461.356
1411.92	496.609
1410.43	481.354
1408.95	482.933
1407.46	482.828
1405.97	430.583
1404.49	474.212
1403	437.122
1401.51	468.964
1400.03	443.655
1398.54	475.482
1397.05	485.458
1395.56	450.085
1394.07	446.63
1392.58	448.212
1391.09	471.611
1389.6	481.577
1388.11	456.309
1386.62	441.115
1385.13	487.972
1383.64	444.277
1382.15	450.886
1380.66	467.546
1379.17	440.638
1377.67	445.568
1376.18	433.748
1374.69	465.467
1373.19	477.084
1371.7	431.793
1370.21	440.066
1368.71	471.756
1367.22	458.273
1365.72	443.124
1364.23	456.403
1362.73	432.904
1361.23	454.534
1359.74	459.448
1358.24	445.985
1356.74	470.938
1355.25	435.774
1353.75	418.987
1352.25	448.936
1350.75	432.154
1349.25	408.705
1347.76	425.295
1346.26	443.545
1344.76	441.781
1343.26	465.02
1341.76	461.586
1340.26	484.81
1338.75	431.404
1337.25	452.959
1335.75	422.892
1334.25	457.757
1332.75	441.015
1331.25	425.945
1329.74	425.852
1328.24	444.054
1326.74	433.981
1325.23	417.263
1323.73	453.737
1322.22	405.45
1320.72	440.249
1319.21	446.798
1317.71	425.113
1316.2	421.7
1314.7	421.608
1313.19	436.452
1311.68	436.357
1310.18	446.215
1308.67	404.657
1307.16	419.492
1305.65	435.978
1304.14	422.624
1302.63	454.015
1301.13	417.471
1299.62	442.224
1298.11	432.192
1296.6	428.787
1295.09	427.039
1293.58	398.814
1292.06	459.942
1290.55	423.452
1289.04	421.706
1287.53	410.04
1286.02	439.705
1284.5	434.652
1282.99	422.991
1281.48	416.291
1279.96	409.594
1278.45	419.412
1276.94	434.179
1275.42	399.423
1273.91	387.785
1272.39	443.794
1270.87	437.099
1269.36	420.513
1267.84	415.475
1266.33	405.495
1264.81	398.814
1263.29	423.442
1261.77	362.4
1260.26	415.023
1258.74	393.527
1257.22	449.412
1255.7	411.459
1254.18	394.915
1252.66	409.635
1251.14	453.954
1249.62	391.368
1248.1	419.231
1246.58	382.978
1245.06	377.965
1243.54	432.1
1242.01	445.147
1240.49	431.911
1238.97	398.979
1237.45	408.741
1235.92	403.729
1234.4	380.669
1232.88	434.721
1231.35	395.264
1229.83	368.941
1228.3	413.124
1226.78	376.975
1225.25	378.531
1223.72	393.194
1222.2	398.021
1220.67	393.022
1219.14	402.759
1217.62	415.766
1216.09	407.492
1214.56	427.037
1213.03	412.222
1211.5	405.59
1209.98	380.975
1208.45	392.334
1206.92	395.517
1205.39	385.627
1203.86	403.512
1202.33	409.957
1200.79	377.209
1199.26	404.88
1197.73	385.205
1196.2	385.12
1194.67	411.14
1193.13	399.632
1191.6	406.068
1190.07	332.609
1188.53	420.561
1187	369.947
1185.47	358.46
1183.93	381.188
1182.4	382.733
1180.86	384.277
1179.33	402.101
1177.79	395.502
1176.25	397.043
1174.72	343.269
1173.18	388.736
1171.64	362.632
1170.1	367.43
1168.57	364.099
1167.03	364.019
1165.49	368.813
1163.95	368.732
1162.41	365.403
1160.87	362.076
1159.33	397.709
1157.79	365.163
1156.25	373.195
1154.71	377.98
1153.17	345.46
1151.63	361.599
1150.08	376.11
1148.54	392.236
1147	372.704
1145.46	340.22
1143.91	349.864
1142.37	343.309
1140.82	356.186
1139.28	328.591
1137.73	354.411
1136.19	354.333
1134.64	347.785
1133.1	320.215
1131.55	349.249
1130.01	378.27
1128.46	345.863
1126.91	365.177
1125.36	347.327
1123.82	363.401
1122.27	363.321
1120.72	343.869
1119.17	358.319
1117.62	342.104
1116.07	332.348
1114.52	345.179
1112.97	332.202
1111.42	367.599
1109.87	357.846
1108.32	338.429
1106.77	349.633
1105.22	376.94
1103.66	346.258
1102.11	354.232
1100.56	362.203
1099	366.952
1097.45	363.653
1095.9	365.181
1094.34	342.583
1092.79	361.804
1091.23	358.509
1089.68	352.001
1088.12	335.854
1086.56	348.632
1085.01	346.949
1083.45	359.72
1081.89	361.246
1080.34	365.982
1078.78	362.692
1077.22	340.149
1075.66	356.115
1074.1	370.47
1072.54	347.941
1070.98	343.055
1069.43	344.582
1067.86	350.915
1066.3	358.848
1064.74	376.387
1063.18	334.67
1061.62	360.211
1060.06	312.114
1058.5	363.252
1056.93	374.371
1055.37	345.497
1053.81	347.02
1052.24	340.548
1050.68	343.67
1049.12	367.565
1047.55	343.518
1045.99	348.234
1044.42	360.933
1042.85	343.29
1041.29	349.599
1039.72	352.714
1038.16	363.806
1036.59	317.462
1035.02	360.455
1033.45	344.429
1031.88	347.541
1030.32	350.652
1028.75	341.014
1027.18	360.056
1025.61	353.605
1024.04	316.9
1022.47	383.699
1020.9	348.595
1019.33	377.163
1017.76	338.894
1016.18	319.731
1014.61	329.202
1013.04	316.409
1011.47	349.722
1009.89	341.698
1008.32	354.334
1006.75	338.369
1005.17	344.647
1003.6	338.219
1002.02	342.907
1000.45	323.785
998.873	347.515
997.297	337.919
995.721	348.947
994.145	344.113
992.568	337.695
990.991	334.45
989.413	343.884
987.835	332.717
986.257	346.899
984.678	329.402
983.099	329.329
981.52	335.587
979.94	360.835
978.36	348.097
976.78	313.217
975.199	354.268
973.618	319.403
972.037	305.104
970.455	336.647
968.873	328.671
967.29	342.816
965.707	331.684
964.124	344.243
962.541	344.167
960.957	328.306
959.373	362.95
957.788	329.738
956.203	321.778
954.618	335.899
953.032	309.022
951.446	345.208
949.86	340.403
948.273	352.932
946.686	333.951
945.099	355.925
943.511	332.228
941.923	311.689
940.334	314.768
938.745	369.77
937.156	303.615
935.567	333.431
933.977	336.501
932.387	334.854
930.796	342.639
929.205	347.276
927.614	337.773
926.022	350.263
924.43	331.341
922.838	304.577
921.245	334.333
919.652	343.674
918.058	327.908
916.465	330.972
914.87	312.079
913.276	332.392
911.681	338.589
910.086	311.871
908.49	335.304
906.894	327.397
905.298	333.588
903.701	335.08
902.104	317.785
900.507	334.93
898.909	325.467
897.311	341.038
895.713	330.014
894.114	326.813
892.515	323.613
890.916	323.541
889.316	342.22
887.715	323.396
886.115	331.134
884.514	331.06
882.913	341.915
881.311	340.278
879.709	338.641
878.107	312.042
876.504	315.092
874.901	344.652
873.298	327.424
871.694	361.645
870.09	333.512
868.485	336.554
866.88	352.056
865.275	351.977
863.669	328.543
862.064	322.242
860.457	336.177
858.851	332.99
857.244	334.471
855.636	343.729
854.028	337.432
852.42	326.474
850.812	340.389
849.203	346.529
847.594	337.13
845.984	360.353
844.375	336.979
842.764	350.876
841.154	358.559
839.543	328.993
837.931	378.568
836.32	372.278
834.708	338.077
833.095	370.561
831.482	398.38
829.869	347.149
828.256	361.016
826.642	339.248
825.028	393.377
823.413	340.644
821.798	329.731
820.183	342.039
818.567	349.699
816.951	363.543
815.335	365.009
813.718	397.399
812.101	375.666
810.483	358.581
808.865	375.498
807.247	346.06
805.629	336.715
804.01	353.626
802.39	335.02
800.771	338.032
799.151	374.993
797.53	379.537
795.91	360.942
794.288	379.366
792.667	359.238
791.045	366.864
789.423	349.83
787.8	340.507
786.177	349.673
784.554	354.214
782.93	354.135
781.306	340.201
779.682	375.522
778.057	367.744
776.432	370.738
774.807	387.573
773.181	381.335
771.554	348.966
769.928	358.109
768.301	362.638
766.674	347.194
765.046	347.116
763.418	359.323
761.789	368.453
760.161	365.3
758.531	371.356
756.902	328.316
755.272	352.783
753.642	326.634
752.011	331.16
750.38	357.143
748.749	340.206
747.117	323.276
745.485	364.561
743.852	367.542
742.22	329.182
740.586	361.253
738.953	376.476
737.319	336.61
735.685	347.242
734.05	334.928
732.415	345.556
730.779	345.478
729.144	383.608
727.507	363.658
725.871	343.717
724.234	343.639
722.597	340.508
720.959	343.484
719.321	360.196
717.683	347.907
716.044	352.405
714.405	341.649
712.765	347.672
711.126	347.593
709.485	353.611
707.845	339.817
706.204	350.405
704.563	350.326
702.921	377.657
701.279	327.33
699.636	337.911
697.993	359.14
696.35	342.323
694.707	351.372
693.063	346.73
691.419	364.897
689.774	355.694
688.129	367.771
686.483	350.975
684.838	353.934
683.191	326.518
681.545	356.811
679.898	349.14
678.251	347.543
676.603	367.19
674.955	338.284
673.307	370.057
671.658	347.229
670.009	342.602
668.359	344.04
666.709	359.115
665.059	348.429
663.408	360.467
661.757	361.9
660.106	369.387
658.454	308.762
656.802	334.416
655.15	352.495
653.497	352.415
651.844	367.457
650.19	352.255
648.536	353.687
646.881	361.163
645.227	355.038
643.572	336.832
641.916	362.427
640.26	357.816
638.604	348.678
636.947	354.635
635.29	342.485
633.633	355.983
631.975	364.95
630.317	348.283
628.659	345.189
627	333.054
625.34	352.566
623.681	331.397
622.021	338.852
620.36	341.786
618.7	326.655
617.038	335.611
615.377	355.095
613.715	344.484
612.053	347.414
610.39	351.846
608.727	326.211
607.064	345.675
605.4	366.632
603.736	357.535
602.071	352.948
600.406	349.865
598.741	373.805
597.075	334.697
595.409	354.128
593.743	313.542
592.076	356.967
590.409	349.388
588.741	332.818
587.073	373.211
585.405	337.162
583.736	341.58
582.067	340.004
580.397	366.881
578.728	359.312
577.057	351.746
575.387	342.688
573.716	369.54
572.044	387.405
570.373	376.848
568.7	357.326
567.028	333.329
565.355	378.085
563.682	364.553
562.008	359.988
560.334	347.959
558.66	349.373
556.985	386.611
555.31	356.676
553.634	392.403
551.958	365.463
550.282	341.518
548.605	372.752
546.928	365.213
545.25	335.324
543.573	372.497
541.894	369.433
540.216	357.434
538.537	394.576
536.857	358.759
535.178	348.259
533.497	364.547
531.817	367.439
530.136	350.996
528.455	368.759
526.773	343.402
525.091	368.59
523.408	369.992
521.725	365.451
520.042	357.941
518.359	353.405
516.675	375.592
514.99	357.696
513.305	388.776
511.62	378.302
509.935	342.619
508.249	369.232
506.562	370.63
504.876	382.403
503.189	357.124
501.501	400.006
499.813	355.48
498.125	389.457
496.436	365.68
494.747	358.196
493.058	355.155
491.368	353.594
489.678	375.7
487.987	368.22
486.297	375.528
484.605	360.661
482.913	365.012
481.221	395.954
479.529	395.864
477.836	372.145
476.143	383.871
474.449	355.737
472.755	346.801
471.061	355.574
469.366	359.918
467.67	364.26
465.975	370.074
464.279	384.73
462.582	375.799
460.886	396.341
459.189	374.154
457.491	360.814
455.793	365.148
454.095	375.369
452.396	369.396
450.697	386.967
448.997	379.524
447.298	392.673
445.597	370.527
443.897	398.373
442.196	354.191
440.494	377.619
438.792	365.78
437.09	390.664
435.387	361.208
433.684	390.484
431.981	369.848
430.277	375.632
428.573	368.211
426.868	363.726
425.163	376.839
423.458	353.297
421.752	350.285
420.046	375.114
418.34	376.493
416.633	407.164
414.925	390.963
413.218	398.193
411.51	382.002
409.801	357.038
408.092	378.9
406.383	381.738
404.673	383.113
402.963	387.41
401.253	420.938
399.542	366.774
397.831	373.995
396.119	379.751
394.407	369.442
392.694	381.036
390.982	370.731
389.268	393.994
387.555	348.677
385.841	376.31
384.126	384.972
382.411	396.547
380.696	377.507
378.981	371.591
377.265	390.445
375.548	403.464
373.832	368.422
372.114	372.705
370.397	403.185
368.679	416.189
366.96	381.176
365.242	379.634
363.523	341.737
361.803	415.806
360.083	402.628
358.363	374.924
356.642	376.291
354.921	397.992
353.199	418.231
351.477	389.097
349.755	381.75
348.032	401.978
346.309	390.279
344.586	375.683
342.862	407.501
341.137	416.106
339.413	417.459
337.688	384.031
335.962	388.289
334.236	434.552
332.51	395.351
330.783	406.842
329.056	415.433
327.328	415.337
325.601	384.858
323.872	378.983
322.144	423.726
320.414	406.278
318.685	426.421
316.955	430.658
315.225	384.324
313.494	404.458
311.763	415.918
310.031	414.378
308.299	414.282
306.567	408.414
304.834	393.891
303.101	396.685
301.368	396.593
299.634	412.361
297.9	409.383
296.165	409.288
294.43	409.193
292.694	420.622
290.958	413.324
289.222	414.668
287.485	420.33
285.748	430.307
284.011	440.279
282.273	399.899
280.534	409.874
278.795	454.351
277.056	429.808
275.317	412.463
273.577	413.804
271.836	403.653
270.096	400.687
268.355	439.361
266.613	439.259
264.871	434.852
263.129	414.664
261.386	420.305
259.643	401.564
257.899	398.603
256.155	420.013
254.411	448.578
252.666	392.594
250.921	419.72
249.175	421.055
247.429	418.094
245.683	413.702
243.936	447.954
242.189	452.142
240.441	446.315
238.693	443.351
236.944	428.95
235.196	433.139
233.446	444.471
231.697	432.937
229.947	392.839
228.196	461.3
226.445	448.342
224.694	432.535
222.942	458.124
221.19	436.614
219.437	405.13
217.685	457.804
215.931	450.568
214.177	454.74
212.423	413.304
210.669	431.731
208.914	440.177
207.158	435.802
205.403	434.277
203.646	486.847
201.89	455.423
200.133	436.82
