1000.66	18282.4
999.081	18284
997.505	18275.1
995.929	18288.5
994.352	18156
992.775	18183.7
991.198	18114.7
989.621	18048.9
988.043	18128.8
986.465	18215.1
984.886	18097
983.307	18126.3
981.728	17992.4
980.148	18172
978.568	18031.9
976.988	18130.7
975.407	17805.7
973.826	17842.8
972.245	18107.6
970.663	17939.2
969.081	17821.4
967.499	17961.3
965.916	17624
964.333	17822.2
962.749	17871.9
961.165	17594.9
959.581	17813.5
957.997	17796.9
956.412	17912.8
954.827	17708.6
953.241	17602.1
951.655	17911.9
950.069	17805.5
948.482	17655
946.895	17647.9
945.308	17790.5
943.72	17567.6
942.132	17659.8
940.543	17780.2
938.955	17732.1
937.365	17503.2
935.776	17807.6
934.186	17745.5
932.596	17563.9
931.005	17846
929.414	17719.5
927.823	17662.1
926.232	17391.2
924.64	17509.8
923.047	17666
921.455	17674.6
919.862	17587.5
918.268	17545.9
916.674	17702
915.08	17771.8
913.486	17565.6
911.891	17696.5
910.296	17625.1
908.7	17347
907.105	17490.4
905.508	17326.7
903.912	17689.3
902.315	17660.3
900.717	17614.1
899.12	17578.9
897.522	17711
895.923	17566.3
894.325	17596.8
892.726	17469.4
891.126	17745.3
889.526	17538.1
887.926	17670.2
886.326	17716.2
884.725	17726.3
883.124	17609.9
881.522	17548.2
879.92	17759.7
878.318	17652.7
876.715	17686.2
875.112	17821.1
873.509	18055.6
871.905	17674.4
870.301	17896.4
868.696	17876.8
867.092	17999
865.486	17970.1
863.881	18162.2
862.275	17896.6
860.669	18102.8
859.062	18184.3
857.455	18048
855.848	18129.5
854.24	18064.8
852.632	18144.7
851.024	18139.1
849.415	18265.6
847.806	18269.2
846.196	18246.5
844.587	18167.9
842.976	18264.7
841.366	18389.5
839.755	18331.1
838.144	18266.4
836.532	18327.5
834.92	18529.7
833.308	18514.7
831.695	18522.9
830.082	18656.7
828.468	18542.5
826.854	18420.6
825.24	18644.1
823.626	18601.3
822.011	18761.2
820.396	18428.9
818.78	18655.3
817.164	18601.6
815.548	18790.8
813.931	18599.4
812.314	18637
810.696	18773.5
809.079	18661.1
807.46	18826.9
805.842	18713
804.223	18657.8
802.604	18760.1
800.984	18760.6
799.364	18798
797.744	18614.8
796.123	18805
794.502	18456.9
792.881	18557.6
791.259	18718.3
789.637	18623.2
788.014	18620.6
786.391	18739.6
784.768	18559.8
783.144	18406.3
781.52	18610
779.896	18385.7
778.271	18387.8
776.646	18382.1
775.021	18553.3
773.395	18487.6
771.769	18518.8
770.142	18099.7
768.515	18110.9
766.888	18391.1
765.26	18164.2
763.632	18161.7
762.004	18375.6
760.375	18382.2
758.746	18195.5
757.116	18080.9
755.487	18093.7
753.856	18325.8
752.226	18196
750.595	18205.6
748.964	18141.8
747.332	18076.4
745.7	17980.4
744.067	18071.3
742.435	18024.4
740.801	18147.4
739.168	18046.9
737.534	17899
735.9	17948.5
734.265	18180
732.63	17906.8
730.995	18223.7
729.359	18053
727.723	18001.6
726.086	17893.7
724.45	17764.4
722.812	17910
721.175	17803.7
719.537	17778.3
717.899	17867.4
716.26	17921.3
714.621	17763.2
712.981	18052
711.342	17861.9
709.701	17819.8
708.061	17945.3
706.42	17926
704.779	18049.9
703.137	17636.2
701.495	17828.6
699.853	17821.5
698.21	18073.2
696.567	17714.6
694.923	17801.9
693.279	17880
691.635	17982.4
689.99	17905.3
688.345	17881.5
686.7	17798.5
685.054	17958.5
683.408	17872.4
681.762	17876
680.115	17887.1
678.468	18048.5
676.82	18053.5
675.172	17668.7
673.524	17749.6
671.875	18003.4
670.226	17906.8
668.576	17755.7
666.927	17909.3
665.276	17903.7
663.626	18007.2
661.975	17797.2
660.324	17820.4
658.672	17873.9
657.02	17954.6
655.367	17837.1
653.714	17957.1
652.061	17866.8
650.408	17761.5
648.754	17796.7
647.099	17795.7
645.445	17689
643.79	18005.2
642.134	17718.7
640.478	17917
638.822	17743.9
637.166	17773
635.509	17710.2
633.851	17636.8
632.194	17824.3
630.535	17707.2
628.877	17841.8
627.218	17827.2
625.559	17698.1
623.899	17591.7
622.239	17724.7
620.579	17653
618.918	17840.1
617.257	17702.1
615.596	17830.5
613.934	17551.2
612.272	17882.6
610.609	17678.5
608.946	17976.7
607.283	18029.7
605.619	17680
603.955	17872.8
602.29	17771.1
600.625	17716
598.96	17728.5
597.295	17726
595.629	17917
593.962	17680.4
592.295	18009.4
590.628	17813.3
588.961	17938.2
587.293	17689.8
585.624	17822.2
583.956	17944
582.287	17971.3
580.617	17872.9
578.948	17743.1
577.277	17924.6
575.607	17883.1
573.936	17883.6
572.265	17924.4
570.593	18054.9
568.921	17917.7
567.248	17989.8
565.575	17970.8
563.902	18128.1
562.229	17853.6
560.555	18079.5
558.88	18063.4
557.205	18210.1
555.53	17877.6
553.855	18101.8
552.179	18058.9
550.503	18186
548.826	17983.6
547.149	18042.1
545.471	18057.3
543.794	18077.1
542.115	18169.8
540.437	18131.4
538.758	18158.5
537.078	18154.4
535.399	18203.8
533.719	18293.4
532.038	18223.8
530.357	18233
528.676	18167.9
526.994	18392.7
525.312	18222
523.63	18332.2
521.947	18023.5
520.264	18239.2
518.58	18248.4
516.896	18581.2
515.212	18317.3
513.527	18281.9
511.842	18311.9
510.157	18398.1
508.471	18348
506.785	18503.9
505.098	18304
503.411	18470.2
501.723	18384.5
500.036	18418.8
498.347	18290.2
496.659	18518.5
494.97	18246.3
493.281	18493.7
491.591	18306.1
489.901	18380.3
488.21	18228.2
486.519	18640.9
484.828	18525.8
483.136	18518.6
481.444	18478.9
479.752	18681.5
478.059	18436.5
476.366	18594.7
474.672	18591.9
472.978	18494.7
471.284	18447.6
469.589	18661.7
467.894	18437.7
466.198	18430.5
464.502	18609.1
462.806	18575.4
461.109	18722.9
459.412	18599.3
457.715	18642.1
456.017	18537.7
454.318	18633.6
452.62	18602.8
450.921	18517.6
449.221	18557.5
447.521	18706.2
445.821	18700.4
444.121	18632.9
442.42	18549.3
440.718	18847.7
439.016	18761.1
437.314	18818.5
435.612	18407.5
433.909	18632.2
432.205	18695.5
430.502	18504.8
428.797	18701.6
427.093	18811.7
425.388	18720.8
423.683	18709.2
421.977	18757.7
420.271	19110.9
418.564	18904.3
416.858	18651
415.15	18616
413.443	18673.2
411.735	18908.9
410.026	18752.4
408.317	18718.8
406.608	18796.4
404.898	18675.1
403.188	18935.4
401.478	19020.2
399.767	19072.8
398.056	19030.5
396.344	18833.3
394.632	18937
392.92	18893.2
391.207	18959
389.494	18834.9
387.78	18937.1
386.066	19128.2
384.352	18976.5
382.637	18994
380.922	18829.3
379.207	19055.2
377.491	18851.2
375.774	19278
374.058	19144
372.341	19254.6
370.623	19229.8
368.905	19228.2
367.187	19175.8
365.468	19049.2
363.749	19245.5
362.029	19348.6
360.31	19200.3
358.589	19147.9
356.869	19316.4
355.147	19200.1
353.426	19356.8
351.704	19478.7
349.982	19201.3
348.259	19342
346.536	19488.4
344.813	19430.2
343.089	19524.4
341.364	19469.1
339.64	19508.1
337.915	19450
336.189	19619.3
334.463	19409.1
332.737	19668.2
331.01	19600
329.283	19556.4
327.556	19528.7
325.828	19700.7
324.1	19612.2
322.371	19798.6
320.642	19859.1
318.913	19579.8
317.183	19774.8
315.453	19803.4
313.722	19676
311.991	20061.4
310.259	19854.6
308.528	19984.3
306.795	19997
305.063	19846.6
303.33	19927.2
301.596	20131.7
299.862	19881.9
298.128	20058.9
296.393	20064.4
294.658	20072.7
292.923	20020.5
291.187	19773.9
289.451	19850
287.714	20108.8
285.977	19839.3
284.239	19919.6
282.501	19825.8
280.763	20108.9
279.024	19980.6
277.285	20101
275.546	19810.3
273.806	19983.9
272.066	19848.5
270.325	19964.6
268.584	19912.6
266.842	20134.8
265.1	19913.4
263.358	20070.9
261.615	19961.5
259.872	19824.9
258.129	20032.6
256.385	19924.7
254.64	19983.1
252.896	20128.9
251.151	19929.4
249.405	20073.8
247.659	19920.2
245.913	19828.2
244.166	19965.3
242.419	19862
240.671	20066.2
238.923	20068.7
237.175	20046.9
235.426	20222.3
233.677	20109
231.927	19974.3
230.177	20302.5
228.427	20122.1
226.676	20213.1
224.924	20247
223.173	20085.3
221.421	20170.5
219.668	20347
217.915	20487.7
216.162	20712.5
214.408	20291.4
212.654	20429.2
210.9	20574.1
209.145	20887
207.39	20650
205.634	20670.8
203.878	20594.8
202.121	20749.4
200.364	20793
