4501.29	930.843
4500.4	916.697
4499.52	925.024
4498.64	941.833
4497.75	873.801
4496.87	910.405
4495.98	898.939
4495.1	890.304
4494.22	859.064
4493.33	929.549
4492.45	980.236
4491.56	906.631
4490.68	864.115
4489.79	911.962
4488.9	883.574
4488.02	911.645
4487.13	807.075
4486.25	900.042
4485.36	930.916
4484.47	919.472
4483.59	877.013
4482.7	921.972
4481.81	896.44
4480.93	859.644
4480.04	913.036
4479.15	932.6
4478.26	867.646
4477.38	822.43
4476.49	853.264
4475.6	912.242
4474.71	793.85
4473.83	819.043
4472.94	847.041
4472.05	821.571
4471.16	869.251
4470.27	891.601
4469.38	933.627
4468.49	804.129
4467.6	834.912
4466.71	868.494
4465.82	854.292
4464.93	896.288
4464.04	848.376
4463.15	814.524
4462.26	870.546
4461.37	878.817
4460.48	833.748
4459.59	839.216
4458.7	903.614
4457.81	855.758
4456.92	819.141
4456.03	847.046
4455.14	869.332
4454.24	838.339
4453.35	835.389
4452.46	826.835
4451.57	804.272
4450.68	860.169
4449.78	832.005
4448.89	843.063
4448	803.711
4447.11	837.169
4446.21	848.221
4445.32	797.692
4444.43	859.119
4443.53	817
4442.64	830.844
4441.75	855.872
4440.85	875.298
4439.96	791.265
4439.06	888.97
4438.17	866.454
4437.27	849.536
4436.38	877.328
4435.48	874.381
4434.59	857.47
4433.69	826.602
4432.8	806.913
4431.9	834.688
4431.01	865.244
4430.11	865.093
4429.22	837.041
4428.32	850.843
4427.42	839.537
4426.53	881.221
4425.63	872.702
4424.73	822.371
4423.84	883.546
4422.94	900.112
4422.04	821.94
4421.14	841.296
4420.25	882.928
4419.35	843.787
4418.45	882.619
4417.55	840.708
4416.65	921.277
4415.76	907.202
4414.86	843.049
4413.96	873.502
4413.06	917.851
4412.16	892.662
4411.26	903.628
4410.36	909.03
4409.46	878.297
4408.56	903.154
4407.66	877.989
4406.76	897.281
4405.86	913.789
4404.96	858.09
4404.06	932.905
4403.16	855.013
4402.26	896.496
4401.36	879.689
4400.46	896.182
4399.56	896.025
4398.66	929.152
4397.76	951.174
4396.85	926.053
4395.95	939.752
4395.05	934.044
4394.15	908.94
4393.25	897.698
4392.34	977.876
4391.44	1010.94
4390.54	933.226
4389.64	988.437
4388.73	938.435
4387.83	927.2
4386.93	965.779
4386.02	996.044
4385.12	968.207
4384.21	1009.52
4383.31	978.928
4382.41	1045.11
4381.5	970.292
4380.6	1030.93
4379.69	1025.22
4378.79	989.122
4377.88	939.225
4376.98	961.156
4376.07	1010.69
4375.17	1016.04
4374.26	996.536
4373.36	1057.08
4372.45	1032.06
4371.54	949.108
4370.64	1009.63
4369.73	1009.45
4368.82	1047.88
4367.92	1022.88
4367.01	1050.27
4366.1	1094.18
4365.2	1036.12
4364.29	1093.8
4363.38	1096.36
4362.47	1063.12
4361.57	1082.21
4360.66	1048.98
4359.75	1106.6
4358.84	1018.34
4357.93	1095.21
4357.02	1075.76
4356.11	1050.81
4355.21	1086.38
4354.3	1116.44
4353.39	1022.76
4352.48	1127.04
4351.57	1113.1
4350.66	1107.41
4349.75	1107.21
4348.84	1123.5
4347.93	1084.85
4347.02	1032.49
4346.11	1089.96
4345.2	1130.94
4344.29	1169.17
4343.37	1149.76
4342.46	1166.01
4341.55	1132.89
4340.64	1066.87
4339.73	1118.78
4338.82	1104.88
4337.9	1186.92
4336.99	1156.56
4336.08	1172.8
4335.17	1156.16
4334.26	1235.39
4333.34	1185.87
4332.43	1182.93
4331.52	1097.85
4330.6	1179.77
4329.69	1135.78
4328.78	1154.73
4327.86	1151.79
4326.95	1217.24
4326.03	1154.12
4325.12	1186.73
4324.21	1222.06
4323.29	1189.05
4322.38	1218.9
4321.46	1240.54
4320.55	1234.86
4319.63	1201.87
4318.72	1248.08
4317.8	1209.63
4316.88	1203.96
4315.97	1190.1
4315.05	1173.52
4314.14	1151.48
4313.22	1194.93
4312.3	1186.53
4311.39	1240.87
4310.47	1221.56
4309.55	1204.99
4308.63	1259.29
4307.72	1201.84
4306.8	1209.8
4305.88	1231.38
4304.96	1146.73
4304.05	1279.97
4303.13	1206.23
4302.21	1293.13
4301.29	1216.69
4300.37	1202.87
4299.45	1197.21
4298.54	1142.59
4297.62	1321.91
4296.7	1231.93
4295.78	1231.71
4294.86	1220.62
4293.94	1282.92
4293.02	1258.24
4292.1	1222.69
4291.18	1198.03
4290.26	1265.72
4289.34	1268.21
4288.42	1243.55
4287.5	1265.05
4286.57	1281.11
4285.65	1305.31
4284.73	1180.27
4283.81	1234.31
4282.89	1250.37
4281.97	1282.69
4281.04	1217.39
4280.12	1236.15
4279.2	1168.18
4278.28	1287.2
4277.35	1216.53
4276.43	1286.75
4275.51	1189.02
4274.59	1186.1
4273.66	1286.07
4272.74	1302.08
4271.81	1236.89
4270.89	1282.68
4269.97	1233.75
4269.04	1317.39
4268.12	1244.13
4267.19	1311.52
4266.27	1292.36
4265.34	1270.51
4264.42	1270.28
4263.49	1213.31
4262.57	1275.23
4261.64	1280.41
4260.72	1253.18
4259.79	1234.05
4258.87	1306.73
4257.94	1174.23
4257.01	1298.17
4256.09	1322.23
4255.16	1222.17
4254.23	1248.93
4253.31	1272.98
4252.38	1313.2
4251.45	1288.7
4250.52	1275
4249.6	1339.45
4248.67	1309.58
4247.74	1374
4246.81	1255.24
4245.88	1306.19
4244.96	1351.73
4244.03	1313.8
4243.1	1246.27
4242.17	1281.04
4241.24	1310.41
4240.31	1329.01
4239.38	1309.95
4238.45	1298.96
4237.52	1277.22
4236.59	1266.24
4235.66	1317.08
4234.73	1319.54
4233.8	1386.48
4232.87	1278.77
4231.94	1329.58
4231.01	1264.89
4230.08	1310.31
4229.15	1299.34
4228.22	1409.16
4227.28	1341.82
4226.35	1279.87
4225.42	1344.02
4224.49	1282.09
4223.56	1327.46
4222.62	1378.16
4221.69	1302.86
4220.76	1348.19
4219.83	1385.47
4218.89	1291.45
4217.96	1288.54
4217.03	1368.66
4216.09	1413.94
4215.16	1301.24
4214.23	1306.36
4213.29	1260.63
4212.36	1354.07
4211.42	1324.4
4210.49	1342.89
4209.55	1329.27
4208.62	1387.87
4207.68	1328.8
4206.75	1299.16
4205.81	1314.97
4204.88	1424.29
4203.94	1338.54
4203.01	1367.69
4202.07	1327.39
4201.13	1297.78
4200.2	1348.27
4199.26	1294.65
4198.32	1361.14
4197.39	1312.86
4196.45	1331.31
4195.51	1331.07
4194.58	1274.83
4193.64	1394.59
4192.7	1330.36
4191.76	1343.45
4190.82	1324.56
4189.89	1436.23
4188.95	1340.07
4188.01	1374.46
4187.07	1323.61
4186.13	1328.7
4185.19	1413.66
4184.25	1317.58
4183.31	1325.33
4182.37	1402.26
4181.43	1386.05
4180.49	1393.78
4179.55	1358.96
4178.61	1427.85
4177.67	1307.97
4176.73	1342.29
4175.79	1331.42
4174.85	1373.69
4173.91	1365.48
4172.97	1386.48
4172.03	1399.52
4171.09	1380.68
4170.14	1361.85
4169.2	1390.8
4168.26	1340.14
4167.32	1377.04
4166.38	1342.31
4165.43	1294.33
4164.49	1365.7
4163.55	1262.05
4162.6	1389.07
4161.66	1386.17
4160.72	1370.02
4159.77	1330.04
4158.83	1356.29
4157.89	1350.75
4156.94	1355.81
4156	1400.57
4155.05	1315.62
4154.11	1355.08
4153.16	1402.47
4152.22	1357.24
4151.27	1370.23
4150.33	1274.77
4149.38	1359.16
4148.44	1403.86
4147.49	1440.62
4146.55	1363.72
4145.6	1397.83
4144.65	1384.37
4143.71	1439.59
4142.76	1299.36
4141.81	1399.47
4140.87	1338.5
4139.92	1332.98
4138.97	1396.08
4138.03	1401.11
4137.08	1385.03
4136.13	1332.03
4135.18	1389.81
4134.23	1410.65
4133.29	1386.68
4132.34	1367.98
4131.39	1391.45
4130.44	1396.47
4129.49	1356.71
4128.54	1385.44
4127.59	1414.16
4126.64	1384.94
4125.69	1397.86
4124.74	1397.61
4123.79	1394.73
4122.84	1402.37
4121.89	1349.51
4120.94	1365.05
4119.99	1375.32
4119.04	1398.74
4118.09	1406.37
4117.14	1411.38
4116.19	1413.75
4115.24	1397.74
4114.28	1358.08
4113.33	1321.07
4112.38	1352.35
4111.43	1467.62
4110.48	1414.86
4109.52	1404.11
4108.57	1372.37
4107.62	1419.35
4106.66	1416.47
4105.71	1374.26
4104.76	1368.77
4103.8	1397.36
4102.85	1423.32
4101.9	1449.27
4100.94	1357.3
4099.99	1346.58
4099.03	1417.06
4098.08	1403.71
4097.12	1356.33
4096.17	1458.19
4095.21	1439.6
4094.26	1465.52
4093.3	1454.79
4092.35	1407.44
4091.39	1493.5
4090.44	1438.31
4089.48	1372.69
4088.52	1503.15
4087.57	1403.56
4086.61	1434.67
4085.65	1486.67
4084.7	1444.6
4083.74	1441.73
4082.78	1480.65
4081.82	1446.44
4080.87	1461.84
4079.91	1409.38
4078.95	1419.56
4077.99	1476.71
4077.03	1442.53
4076.08	1395.33
4075.12	1431.58
4074.16	1462.61
4073.2	1462.35
4072.24	1464.69
4071.28	1354.99
4070.32	1427.69
4069.36	1346.69
4068.4	1419.37
4067.44	1455.57
4066.48	1403.24
4065.52	1405.59
4064.56	1452.18
4063.6	1420.7
4062.64	1433.45
4061.68	1464.4
4060.72	1453.74
4059.75	1427.48
4058.79	1416.82
4057.83	1445.16
4056.87	1528.06
4055.91	1494.01
4054.94	1470.36
4053.98	1402.56
4053.02	1394.52
4052.06	1404.65
4051.09	1412.19
4050.13	1469.04
4049.17	1424.66
4048.2	1463.32
4047.24	1398.2
4046.27	1506.88
4045.31	1462.53
4044.35	1516.71
4043.38	1472.37
4042.42	1477.29
4041.45	1479.62
4040.49	1479.35
4039.52	1520.53
4038.56	1525.43
4037.59	1499.27
4036.63	1504.17
4035.66	1509.08
4034.69	1441.52
4033.73	1428.32
4032.76	1518.61
4031.8	1451.09
4030.83	1481.86
4029.86	1504.86
4028.89	1398.6
4027.93	1419.03
4026.96	1496.3
4025.99	1542.54
4025.02	1444.09
4024.06	1557.48
4023.09	1490.06
4022.12	1489.79
4021.15	1463.7
4020.18	1458.28
4019.21	1414.15
4018.25	1491.29
4017.28	1411.06
4016.31	1472.7
4015.34	1431.18
4014.37	1534.05
4013.4	1453.86
4012.43	1458.75
4011.46	1455.91
4010.49	1491.72
4009.52	1476
4008.55	1483.46
4007.58	1506.36
4006.6	1480.35
4005.63	1446.62
4004.66	1466.94
4003.69	1525.86
4002.72	1407.24
4001.75	1445.57
4000.77	1496.75
3999.8	1506.76
3998.83	1501.35
3997.86	1531.92
3996.88	1439.13
3995.91	1467.13
3994.94	1495.13
3993.96	1517.97
3992.99	1481.75
3992.02	1437.83
3991.04	1532.55
3990.07	1478.38
3989.1	1493.51
3988.12	1536.85
3987.15	1495.53
3986.17	1561.95
3985.2	1577.05
3984.22	1507.54
3983.25	1530.34
3982.27	1463.43
3981.3	1452.91
3980.32	1529.51
3979.34	1424.21
3978.37	1516.15
3977.39	1528.68
3976.41	1507.92
3975.44	1525.57
3974.46	1430.6
3973.48	1553.16
3972.51	1568.23
3971.53	1514.23
3970.55	1455.14
3969.57	1529.03
3968.6	1416.27
3967.62	1536.14
3966.64	1464.31
3965.66	1522.81
3964.68	1545.53
3963.7	1453.3
3962.73	1524.54
3961.75	1534.47
3960.77	1526.54
3959.79	1526.26
3958.81	1548.95
3957.83	1510.4
3956.85	1512.68
3955.87	1604.22
3954.89	1499.38
3953.91	1506.76
3952.93	1572.76
3951.94	1529.15
3950.96	1516.13
3949.98	1500.57
3949	1561.43
3948.02	1472.01
3947.04	1471.75
3946.06	1524.94
3945.07	1481.4
3944.09	1542.2
3943.11	1534.29
3942.13	1587.44
3941.14	1533.74
3940.16	1520.74
3939.18	1520.47
3938.19	1487.14
3937.21	1497.04
3936.23	1567.92
3935.24	1567.64
3934.26	1508.93
3933.27	1528.97
3932.29	1538.85
3931.3	1513.18
3930.32	1505.29
3929.33	1591.31
3928.35	1532.66
3927.36	1539.99
3926.38	1514.35
3925.39	1567.33
3924.41	1574.65
3923.42	1584.51
3922.43	1530.99
3921.45	1528.18
3920.46	1565.91
3919.47	1517.49
3918.49	1583.07
3917.5	1559.99
3916.51	1531.86
3915.52	1513.86
3914.54	1566.74
3913.55	1523.43
3912.56	1545.93
3911.57	1613.95
3910.58	1613.65
3909.6	1600.72
3908.61	1554.92
3907.62	1653.22
3906.63	1599.84
3905.64	1526.27
3904.65	1510.84
3903.66	1556.03
3902.67	1485.03
3901.68	1560.51
3900.69	1562.75
3899.7	1527.13
3898.71	1574.8
3897.72	1566.95
3896.73	1496.02
3895.74	1526.02
3894.74	1540.87
3893.75	1507.82
3892.76	1522.67
3891.77	1540.03
3890.78	1582.59
3889.79	1554.59
3888.79	1521.56
3887.8	1561.58
3886.81	1548.71
3885.81	1533.32
3884.82	1502.83
3883.83	1588.13
3882.83	1567.71
3881.84	1532.2
3880.85	1549.53
3879.85	1561.82
3878.86	1566.57
3877.86	1621.59
3876.87	1578.57
3875.88	1580.79
3874.88	1618.19
3873.89	1545.04
3872.89	1682.91
3871.89	1539.46
3870.9	1591.91
3869.9	1609.19
3868.91	1573.76
3867.91	1613.62
3866.91	1565.66
3865.92	1582.93
3864.92	1585.15
3863.92	1617.46
3862.93	1569.53
3861.93	1599.32
3860.93	1523.84
3859.93	1553.63
3858.94	1643.55
3857.94	1598.16
3856.94	1610.39
3855.94	1547.49
3854.94	1627.33
3853.94	1579.47
3852.95	1599.2
3851.95	1638.95
3850.95	1678.67
3849.95	1560.81
3848.95	1575.53
3847.95	1635.25
3846.95	1514.95
3845.95	1597.16
3844.95	1604.37
3843.95	1541.61
3842.95	1583.8
3841.95	1551.04
3840.94	1603.19
3839.94	1605.4
3838.94	1592.62
3837.94	1589.84
3836.94	1631.97
3835.94	1544.35
3834.93	1626.38
3833.93	1603.64
3832.93	1645.74
3831.93	1593.08
3830.92	1587.8
3829.92	1677.23
3828.92	1614.63
3827.91	1591.92
3826.91	1584.15
3825.91	1583.86
3824.9	1633.37
3823.9	1630.58
3822.89	1597.93
3821.89	1550.35
3820.88	1604.81
3819.88	1599.54
3818.87	1639.04
3817.87	1596.47
3816.86	1653.36
3815.86	1670.46
3814.85	1560.8
3813.84	1563
3812.84	1632.27
3811.83	1587.26
3810.83	1651.54
3809.82	1611.51
3808.81	1695.63
3807.8	1568.73
3806.8	1600.7
3805.79	1545.82
3804.78	1629.89
3803.77	1646.95
3802.77	1597.05
3801.76	1643.87
3800.75	1643.57
3799.74	1670.53
3798.73	1667.74
3797.72	1575.77
3796.71	1600.25
3795.7	1592.53
3794.69	1656.62
3793.68	1626.6
3792.67	1653.53
3791.66	1648.28
3790.65	1593.54
3789.64	1655.1
3788.63	1590.48
3787.62	1634.71
3786.61	1575.06
3785.6	1594.55
3784.59	1591.79
3783.58	1648.34
3782.56	1687.57
3781.55	1536.57
3780.54	1679.54
3779.53	1701.46
3778.52	1646.83
3777.5	1555.19
3776.49	1661.03
3775.48	1581.76
3774.46	1660.42
3773.45	1576.25
3772.44	1630.22
3771.42	1657.04
3770.41	1580.31
3769.39	1609.6
3768.38	1574.8
3767.36	1594.22
3766.35	1697.4
3765.34	1660.14
3764.32	1657.37
3763.3	1634.91
3762.29	1659.23
3761.27	1673.69
3760.26	1634.01
3759.24	1626.33
3758.23	1689.99
3757.21	1674.92
3756.19	1635.27
3755.18	1615.3
3754.16	1602.71
3753.14	1629.45
3752.12	1688.12
3751.11	1677.99
3750.09	1653.12
3749.07	1601.24
3748.05	1635.32
3747.03	1644.84
3746.02	1634.72
3745	1651.6
3743.98	1646.38
3742.96	1685.33
3741.94	1616.35
3740.92	1682.26
3739.9	1689.31
3738.88	1698.8
3737.86	1595.55
3736.84	1661.42
3735.82	1558.21
3734.8	1704.9
3733.78	1623.76
3732.76	1692.03
3731.74	1681.92
3730.71	1666.93
3729.69	1617.67
3728.67	1632.06
3727.65	1636.65
3726.63	1607
3725.61	1768.1
3724.58	1584.4
3723.56	1647.67
3722.54	1696.25
3721.51	1691.05
3720.49	1712.72
3719.47	1670.88
3718.44	1631.5
3717.42	1770.38
3716.4	1677.28
3715.37	1647.68
3714.35	1745
3713.32	1629.99
3712.3	1678.49
3711.27	1734.28
3710.25	1707.13
3709.22	1706.82
3708.2	1733.32
3707.17	1664.75
3706.15	1757.05
3705.12	1705.56
3704.09	1727.17
3703.07	1702.49
3702.04	1621.82
3701.01	1675.08
3699.99	1747.8
3698.96	1684.2
3697.93	1671.72
3696.9	1664.12
3695.88	1690.57
3694.85	1695.12
3693.82	1670.49
3692.79	1662.89
3691.76	1662.58
3690.74	1795.93
3689.71	1698.41
3688.68	1734.54
3687.65	1646.78
3686.62	1733.9
3685.59	1655.88
3684.56	1706.55
3683.53	1735.36
3682.5	1693.79
3681.47	1727.44
3680.44	1748.96
3679.41	1726.81
3678.38	1724.06
3677.34	1692.23
3676.31	1759.78
3675.28	1730.38
3674.25	1684.02
3673.22	1707.93
3672.19	1649.49
3671.15	1729.1
3670.12	1690.04
3669.09	1704.25
3668.06	1650.69
3667.02	1749.6
3665.99	1667.01
3664.96	1777.98
3663.92	1661.56
3662.89	1733.79
3661.85	1714.13
3660.82	1614.71
3659.79	1643.41
3658.75	1708.35
3657.72	1652.47
3656.68	1768.1
3655.65	1767.77
3654.61	1777.1
3653.57	1726.08
3652.54	1713.69
3651.5	1723.03
3650.47	1795.09
3649.43	1763.4
3648.39	1724.48
3647.36	1741.04
3646.32	1767.24
3645.28	1793.43
3644.25	1708.74
3643.21	1756.62
3642.17	1684.02
3641.13	1731.88
3640.09	1693.03
3639.06	1791.44
3638.02	1716.47
3636.98	1742.63
3635.94	1776
3634.9	1746.8
3633.86	1720.01
3632.82	1801.47
3631.78	1861.25
3630.74	1702.23
3629.7	1713.93
3628.66	1737.65
3627.62	1730.11
3626.58	1857.13
3625.54	1832.76
3624.5	1846.83
3623.46	1740.84
3622.42	1800.53
3621.38	1826.6
3620.33	1823.86
3619.29	1761.14
3618.25	1806.39
3617.21	1762.88
3616.17	1719.39
3615.12	1908.48
3614.08	1737.93
3613.04	1862.24
3611.99	1720.51
3610.95	1828
3609.91	1782.15
3608.86	1784.21
3607.82	1846.14
3606.77	1747.64
3605.73	1754.5
3604.69	1830.75
3603.64	1713.17
3602.6	1822.89
3601.55	1767.54
3600.5	1769.61
3599.46	1774.06
3598.41	1816.76
3597.37	1780.57
3596.32	1708.55
3595.27	1830.08
3594.23	1810.63
3593.18	1721.93
3592.13	1745.49
3591.09	1778.58
3590.04	1823.61
3588.99	1765.99
3587.94	1765.66
3586.9	1772.49
3585.85	1757.85
3584.8	1702.67
3583.75	1735.74
3582.7	1771.17
3581.65	1818.51
3580.6	1784.81
3579.56	1767.8
3578.51	1726.98
3577.46	1698.08
3576.41	1735.86
3575.36	1785.53
3574.31	1830.42
3573.26	1753.93
3572.2	1822.6
3571.15	1755.65
3570.1	1848.09
3569.05	1795.42
3568	1740.41
3566.95	1706.8
3565.9	1782.54
3564.84	1796.46
3563.79	1838.89
3562.74	1726.91
3561.69	1726.59
3560.63	1771.38
3559.58	1735.44
3558.53	1744.61
3557.47	1872.43
3556.42	1739.21
3555.37	1734.14
3554.31	1769.4
3553.26	1773.81
3552.2	1811.42
3551.15	1839.52
3550.09	1753.86
3549.04	1755.9
3547.98	1793.48
3546.93	1831.04
3545.87	1776.23
3544.82	1695.39
3543.76	1742.43
3542.71	1777.6
3541.65	1741.77
3540.59	1762.74
3539.54	1774.24
3538.48	1705.32
3537.42	1712.1
3536.36	1709.41
3535.31	1709.09
3534.25	1748.95
3533.19	1767.53
3532.13	1762.48
3531.07	1825.92
3530.02	1783.07
3528.96	1832.32
3527.9	1713.94
3526.84	1779.71
3525.78	1760.5
3524.72	1786.13
3523.66	1733.89
3522.6	1809.04
3521.54	1721.45
3520.48	1796.58
3519.42	1746.74
3518.36	1802.98
3517.3	1835.63
3516.24	1783.46
3515.17	1773.7
3514.11	1745.11
3513.05	1780.1
3511.99	1746.81
3510.93	1767.67
3509.87	1819.11
3508.8	1781.12
3507.74	1792.55
3506.68	1801.62
3505.61	1758.96
3504.55	1812.7
3503.49	1758.3
3502.42	1732.12
3501.36	1729.44
3500.3	1792.55
3499.23	1827.45
3498.17	1770.74
3497.1	1763.37
3496.04	1753.65
3494.97	1804.96
3493.91	1814.01
3492.84	1780.82
3491.77	1780.48
3490.71	1716.82
3489.64	1777.47
3488.58	1826.37
3487.51	1781.49
3486.44	1722.57
3485.38	1750.36
3484.31	1759.41
3483.24	1730.97
3482.17	1859.45
3481.11	1744.37
3480.04	1732.34
3478.97	1757.76
3477.9	1734.03
3476.83	1731.36
3475.77	1777.82
3474.7	1789.18
3473.63	1718.7
3472.56	1760.46
3471.49	1778.83
3470.42	1834.58
3469.35	1810.87
3468.28	1756.8
3467.21	1712.09
3466.14	1725.78
3465.07	1730.13
3464	1769.49
3462.92	1787.83
3461.85	1761.82
3460.78	1721.83
3459.71	1765.83
3458.64	1849.45
3457.57	1879.42
3456.49	1769.49
3455.42	1785.48
3454.35	1738.53
3453.28	1859.37
3452.2	1772.82
3451.13	1702.62
3450.06	1814.07
3448.98	1816.06
3447.91	1825.03
3446.83	1773.49
3445.76	1810.38
3444.68	1803.06
3443.61	1788.77
3442.53	1765.18
3441.46	1767.17
3440.38	1829.61
3439.31	1750.23
3438.23	1784.76
3437.16	1791.4
3436.08	1751.57
3435	1783.76
3433.93	1808.96
3432.85	1827.2
3431.77	1801.32
3430.7	1845.08
3429.62	1726.39
3428.54	1739.98
3427.46	1730.38
3426.39	1697.58
3425.31	1852.62
3424.23	1836.04
3423.15	1789.34
3422.07	1758.88
3420.99	1784.03
3419.91	1772.11
3418.83	1760.2
3417.75	1734.39
3416.68	1768.8
3415.6	1780.04
3414.51	1807.47
3413.43	1719.2
3412.35	1846.12
3411.27	1799.51
3410.19	1769.11
3409.11	1715.6
3408.03	1800.81
3406.95	1666.41
3405.87	1772.4
3404.78	1799.79
3403.7	1725.53
3402.62	1838.37
3401.54	1764.13
3400.45	1796.12
3399.37	1830.41
3398.29	1818.52
3397.2	1838.95
3396.12	1771.7
3395.04	1752.91
3393.95	1715.68
3392.87	1763.78
3391.78	1708.12
3390.7	1744.68
3389.61	1709.78
3388.53	1764.75
3387.44	1706.83
3386.36	1711.12
3385.27	1761.45
3384.19	1770.33
3383.1	1728.56
3382.01	1762.75
3380.93	1810.74
3379.84	1768.99
3378.75	1757.15
3377.67	1724.63
3376.58	1694.42
3375.49	1758.46
3374.4	1760.42
3373.31	1707.24
3372.23	1748.27
3371.14	1796.18
3370.05	1775.17
3368.96	1763.35
3367.87	1788.27
3366.78	1748.91
3365.69	1805.95
3364.6	1764.31
3363.51	1663.05
3362.42	1752.18
3361.33	1797.71
3360.24	1762.98
3359.15	1813.07
3358.06	1906.69
3356.97	1759.69
3355.88	1777.68
3354.79	1694.89
3353.69	1749.53
3352.6	1685.09
3351.51	1774.05
3350.42	1707.34
3349.33	1718.46
3348.23	1782.19
3347.14	1784.14
3346.05	1788.38
3344.95	1687.43
3343.86	1767.13
3342.77	1757.65
3341.67	1649.91
3340.58	1772.98
3339.48	1795.48
3338.39	1742.61
3337.29	1744.57
3336.2	1776.2
3335.1	1773.58
3334.01	1750.42
3332.91	1688.48
3331.82	1724.66
3330.72	1735.74
3329.62	1726.29
3328.53	1694.04
3327.43	1750.71
3326.33	1727.59
3325.24	1718.15
3324.14	1713.26
3323.04	1781.27
3321.94	1739.94
3320.85	1728.23
3319.75	1748.39
3318.65	1732.12
3317.55	1688.56
3316.45	1733.74
3315.35	1712.94
3314.25	1708.07
3313.16	1760.04
3312.06	1755.16
3310.96	1754.83
3309.86	1734.04
3308.76	1754.16
3307.66	1697.03
3306.55	1735.32
3305.45	1685.03
3304.35	1759.64
3303.25	1802.44
3302.15	1686.34
3301.05	1704.18
3299.95	1780.99
3298.84	1742.09
3297.74	1675.99
3296.64	1748.23
3295.54	1727.5
3294.43	1763.43
3293.33	1788.03
3292.23	1769.56
3291.12	1760.16
3290.02	1703.21
3288.92	1725.53
3287.81	1704.82
3286.71	1686.39
3285.6	1722.28
3284.5	1710.64
3283.39	1739.72
3282.29	1723.56
3281.18	1761.68
3280.08	1770.39
3278.97	1758.75
3277.86	1697.39
3276.76	1753.56
3275.65	1723.85
3274.54	1709.97
3273.44	1777.4
3272.33	1738.67
3271.22	1729.31
3270.12	1751.56
3269.01	1812.15
3267.9	1748.63
3266.79	1777.63
3265.68	1770.52
3264.57	1752.14
3263.47	1704.46
3262.36	1724.43
3261.25	1699.31
3260.14	1737.29
3259.03	1734.71
3257.92	1770.41
3256.81	1689
3255.7	1751.73
3254.59	1724.38
3253.48	1672.28
3252.37	1734.97
3251.25	1653.65
3250.14	1698.32
3249.03	1785.71
3247.92	1706.67
3246.81	1749.06
3245.69	1768.95
3244.58	1739.4
3243.47	1743.56
3242.36	1707.29
3241.24	1765.36
3240.13	1731.34
3239.02	1710.8
3237.9	1735.17
3236.79	1779.72
3235.68	1712.06
3234.56	1689.3
3233.45	1754.03
3232.33	1637.08
3231.22	1724.21
3230.1	1701.46
3228.99	1689.93
3227.87	1703.06
3226.75	1731.86
3225.64	1722.57
3224.52	1695.36
3223.41	1724.15
3222.29	1640.98
3221.17	1723.49
3220.05	1660.5
3218.94	1812.33
3217.82	1695.66
3216.7	1757.96
3215.58	1744.2
3214.47	1685.74
3213.35	1714.48
3212.23	1709.68
3211.11	1736.17
3209.99	1704.56
3208.87	1688.6
3207.75	1703.91
3206.63	1705.81
3205.51	1743.44
3204.39	1718.55
3203.27	1655.74
3202.15	1735.74
3201.03	1650.65
3199.91	1790.83
3198.79	1696.84
3197.67	1638.55
3196.55	1702.88
3195.42	1695.87
3194.3	1711.14
3193.18	1808.83
3192.06	1699.35
3190.93	1770.28
3189.81	1689.79
3188.69	1707.28
3187.56	1720.3
3186.44	1688.82
3185.32	1681.82
3184.19	1661.48
3183.07	1765.68
3181.94	1660.85
3180.82	1673.87
3179.7	1655.77
3178.57	1722.11
3177.44	1655.13
3176.32	1612.61
3175.19	1734.45
3174.07	1663.06
3172.94	1667.18
3171.82	1686.84
3170.69	1693.17
3169.56	1710.6
3168.43	1643.72
3167.31	1670.02
3166.18	1753.96
3165.05	1676.03
3163.92	1642.46
3162.8	1697.55
3161.67	1672.85
3160.54	1719.05
3159.41	1718.72
3158.28	1705.1
3157.15	1673.78
3156.02	1677.89
3154.89	1622.24
3153.76	1723.71
3152.63	1679.13
3151.5	1678.81
3150.37	1716.08
3149.24	1664.9
3148.11	1673.42
3146.98	1651
3145.85	1659.52
3144.72	1637.11
3143.59	1729.57
3142.45	1662.98
3141.32	1728.9
3140.19	1721.95
3139.06	1657.61
3137.92	1659.5
3136.79	1641.53
3135.66	1667.68
3134.52	1711.47
3133.39	1651.61
3132.26	1752.7
3131.12	1679.63
3129.99	1701.34
3128.85	1694.4
3127.72	1711.7
3126.58	1689.35
3125.45	1620.76
3124.31	1701.91
3123.18	1611.33
3122.04	1644.03
3120.9	1619.51
3119.77	1713.8
3118.63	1673.88
3117.49	1607.58
3116.36	1605.07
3115.22	1763.04
3114.08	1635.22
3112.95	1588.76
3111.81	1693.91
3110.67	1594.74
3109.53	1609.81
3108.39	1719.29
3107.25	1650.9
3106.11	1613.27
3104.98	1599.79
3103.84	1599.48
3102.7	1686.92
3101.56	1585.71
3100.42	1679.69
3099.28	1622.36
3098.14	1639.59
3096.99	1685.29
3095.85	1617.04
3094.71	1643.02
3093.57	1572.62
3092.43	1620.49
3091.29	1646.45
3090.15	1600.16
3089	1665.51
3087.86	1638.93
3086.72	1616.74
3085.57	1666.74
3084.43	1635.8
3083.29	1646.41
3082.14	1591.45
3081	1652.34
3079.86	1689.17
3078.71	1625.48
3077.57	1655.75
3076.42	1624.85
3075.28	1574.32
3074.13	1591.48
3072.99	1615.18
3071.84	1651.97
3070.7	1677.83
3069.55	1564.07
3068.4	1600.85
3067.26	1648.51
3066.11	1604.59
3064.96	1667.49
3063.82	1671.53
3062.67	1688.64
3061.52	1622.96
3060.37	1664.03
3059.23	1650.64
3058.08	1645.97
3056.93	1658.71
3055.78	1643.15
3054.63	1651.54
3053.48	1620.76
3052.33	1592.17
3051.18	1602.74
3050.03	1637.22
3048.88	1560.82
3047.73	1595.29
3046.58	1644.96
3045.43	1627.26
3044.28	1616.08
3043.13	1626.63
3041.98	1587.23
3040.83	1608.63
3039.68	1697.31
3038.52	1621.03
3037.37	1620.72
3036.22	1639.93
3035.07	1609.25
3033.91	1611.1
3032.76	1582.61
3031.61	1547.62
3030.45	1649.18
3029.3	1635.86
3028.14	1687.53
3026.99	1574.58
3025.84	1652.23
3024.68	1660.57
3023.53	1601.8
3022.37	1651.27
3021.22	1605.51
3020.06	1644.14
3018.9	1598.4
3017.75	1585.11
3016.59	1569.67
3015.44	1575.85
3014.28	1655.51
3013.12	1570.92
3011.96	1549.01
3010.81	1682.63
3009.65	1539.77
3008.49	1563.23
3007.33	1586.67
3006.18	1588.52
3005.02	1549.37
3003.86	1585.74
3002.7	1602.69
3001.54	1593.76
3000.38	1617.17
2999.22	1588.83
2998.06	1582.05
2996.9	1577.43
2995.74	1559.89
2994.58	1615.6
2993.42	1567.9
2992.26	1619.28
2991.1	1580.21
2989.94	1642.32
2988.77	1568.84
2987.61	1521.2
2986.45	1574.68
2985.29	1598.03
2984.12	1528.91
2982.96	1631.81
2981.8	1543.36
2980.64	1680.61
2979.47	1622.26
2978.31	1591.87
2977.14	1634.52
2975.98	1578.37
2974.82	1560.89
2973.65	1584.2
2972.49	1641.84
2971.32	1529.94
2970.16	1546.8
2968.99	1634.44
2967.82	1593.38
2966.66	1571.63
2965.49	1554.17
2964.33	1483.14
2963.16	1512.85
2961.99	1602.54
2960.83	1576.53
2959.66	1619.05
2958.49	1526.66
2957.32	1543.49
2956.15	1598.84
2954.99	1545.03
2953.82	1641.01
2952.65	1572.24
2951.48	1554.82
2950.31	1565.21
2949.14	1577.73
2947.97	1519.72
2946.8	1540.79
2945.63	1527.67
2944.46	1533.78
2943.29	1544.16
2942.12	1567.35
2940.95	1535.02
2939.78	1643.58
2938.61	1574.97
2937.44	1549.06
2936.26	1578.62
2935.09	1582.58
2933.92	1597.2
2932.75	1545.72
2931.57	1545.42
2930.4	1581.35
2929.23	1546.95
2928.05	1614.82
2926.88	1548.47
2925.71	1503.45
2924.53	1513.8
2923.36	1504.99
2922.18	1515.34
2921.01	1627.82
2919.83	1614.74
2918.66	1537.85
2917.48	1567.32
2916.31	1596.78
2915.13	1488.06
2913.95	1551.53
2912.78	1561.85
2911.6	1514.8
2910.42	1497.52
2909.25	1531.2
2908.07	1522.41
2906.89	1513.62
2905.71	1530.31
2904.54	1479.08
2903.36	1567.9
2902.18	1508.2
2901	1493.06
2899.82	1530.93
2898.64	1515.79
2897.46	1534.57
2896.28	1510.96
2895.1	1536.09
2893.92	1571.8
2892.74	1529.14
2891.56	1497.07
2890.38	1558.18
2889.2	1526.12
2888.02	1551.22
2886.84	1510.71
2885.65	1516.77
2884.47	1558.77
2883.29	1526.75
2882.11	1471.48
2880.92	1538.83
2879.74	1553.32
2878.56	1519.21
2877.38	1514.69
2876.19	1510.17
2875.01	1528.88
2873.82	1528.58
2872.64	1557.83
2871.45	1540.64
2870.27	1536.12
2869.08	1476.75
2867.9	1535.52
2866.71	1549.98
2865.53	1524.38
2864.34	1433.43
2863.16	1568.04
2861.97	1630.95
2860.78	1535.82
2859.6	1518.67
2858.41	1558.39
2857.22	1534.92
2856.03	1536.72
2854.85	1498.54
2853.66	1595.04
2852.47	1497.95
2851.28	1480.83
2850.09	1549.94
2848.9	1469.73
2847.71	1477.86
2846.52	1523.8
2845.34	1496.19
2844.15	1498
2842.96	1480.9
2841.76	1478.51
2840.57	1534.91
2839.38	1555.6
2838.19	1477.64
2837	1475.25
2835.81	1508.53
2834.62	1499.84
2833.43	1545.69
2832.23	1446.83
2831.04	1545.08
2829.85	1475.61
2828.65	1456.46
2827.46	1468.74
2826.27	1447.5
2825.07	1422.09
2823.88	1493
2822.69	1471.77
2821.49	1484.04
2820.3	1490.03
2819.1	1489.74
2817.91	1416.23
2816.71	1499.61
2815.52	1495.13
2814.32	1473.93
2813.13	1505
2811.93	1523.51
2810.73	1550.37
2809.54	1502.02
2808.34	1520.52
2807.14	1463.84
2805.94	1469.82
2804.75	1505.01
2803.55	1431.67
2802.35	1416.78
2801.15	1474.92
2799.95	1430.83
2798.75	1457.65
2797.56	1465.71
2796.36	1502.94
2795.16	1417.2
2793.96	1433.59
2792.76	1433.3
2791.56	1530.92
2790.36	1520.2
2789.16	1451.2
2787.95	1480.05
2786.75	1510.98
2785.55	1458.66
2784.35	1450.05
2783.15	1480.97
2781.95	1478.6
2780.74	1469.99
2779.54	1478.01
2778.34	1481.88
2777.13	1473.27
2775.93	1412.74
2774.73	1512.16
2773.52	1447.48
2772.32	1486.65
2771.12	1440.68
2769.91	1463.23
2768.71	1438.04
2767.5	1441.91
2766.3	1447.84
2765.09	1441.34
2763.89	1474.23
2762.68	1459.43
2761.47	1432.19
2760.27	1483.72
2759.06	1483.42
2757.85	1431.35
2756.65	1462.13
2755.44	1451.49
2754.23	1444.99
2753.02	1481.96
2751.81	1452.7
2750.61	1450.34
2749.4	1441.78
2748.19	1470.45
2746.98	1435.01
2745.77	1416.12
2744.56	1384.83
2743.35	1465.15
2742.14	1458.67
2740.93	1415
2739.72	1443.63
2738.51	1377.27
2737.3	1465.77
2736.09	1475.8
2734.88	1415.66
2733.66	1456.65
2732.45	1448.11
2731.24	1441.64
2730.03	1464.03
2728.82	1358.6
2727.6	1399.56
2726.39	1426.07
2725.18	1434.03
2723.96	1472.89
2722.75	1392.27
2721.53	1429.06
2720.32	1465.84
2719.11	1395.56
2717.89	1424.1
2716.68	1384.72
2715.46	1417.36
2714.25	1392.4
2713.03	1392.12
2711.81	1437.08
2710.6	1447.07
2709.38	1368.69
2708.16	1415.68
2706.95	1403.07
2705.73	1404.85
2704.51	1338.86
2703.29	1402.24
2702.08	1385.54
2700.86	1409.89
2699.64	1450.65
2698.42	1456.52
2697.2	1402.9
2695.98	1435.43
2694.76	1418.75
2693.54	1410.27
2692.32	1393.59
2691.1	1364.63
2689.88	1358.21
2688.66	1435.77
2687.44	1417.06
2686.22	1386.07
2685	1379.65
2683.78	1403.94
2682.56	1397.52
2681.33	1427.93
2680.11	1413.33
2678.89	1368.06
2677.67	1408.68
2676.44	1377.74
2675.22	1414.25
2674	1387.41
2672.77	1438.2
2671.55	1358.26
2670.33	1321.23
2669.1	1378.14
2667.88	1371.74
2666.65	1357.18
2665.43	1414.04
2664.2	1342.36
2662.97	1401.24
2661.75	1390.77
2660.52	1435.35
2659.3	1375.95
2658.07	1404.21
2656.84	1416.15
2655.62	1389.39
2654.39	1421.7
2653.16	1344.03
2651.93	1349.88
2650.7	1408.64
2649.48	1357.48
2648.25	1328.72
2647.02	1389.49
2645.79	1330.23
2644.56	1356.4
2643.33	1384.59
2642.1	1327.4
2640.87	1365.75
2639.64	1343.13
2638.41	1367.24
2637.18	1336.5
2635.95	1417.46
2634.72	1309.57
2633.48	1256.53
2632.25	1288.76
2631.02	1454.89
2629.79	1357.22
2628.56	1342.75
2627.32	1354.65
2626.09	1265.17
2624.86	1404.79
2623.62	1327.5
2622.39	1337.36
2621.16	1298.6
2619.92	1338.86
2618.69	1387.19
2617.45	1368.69
2616.22	1323.89
2614.98	1353.98
2613.75	1299.08
2612.51	1298.82
2611.27	1381.49
2610.04	1282.12
2608.8	1360.72
2607.57	1324.06
2606.33	1339.96
2605.09	1341.72
2603.85	1327.31
2602.62	1369.46
2601.38	1391.4
2600.14	1352.76
2598.9	1316.16
2597.66	1289.66
2596.42	1351.95
2595.18	1315.37
2593.94	1341.33
2592.71	1355.18
2591.47	1312.56
2590.23	1332.46
2588.98	1362.43
2587.74	1339.99
2586.5	1285.33
2585.26	1287.08
2584.02	1286.83
2582.78	1266.43
2581.54	1332.61
2580.29	1286.05
2579.05	1263.66
2577.81	1382.11
2576.57	1329.53
2575.32	1281
2574.08	1296.83
2572.84	1340.8
2571.59	1268.18
2570.35	1350.31
2569.1	1319.9
2567.86	1287.5
2566.61	1277.2
2565.37	1313.09
2564.12	1288.74
2562.88	1266.4
2561.63	1308.29
2560.39	1285.96
2559.14	1377.97
2557.89	1313.52
2556.65	1351.35
2555.4	1319.01
2554.15	1284.67
2552.9	1286.42
2551.66	1318.21
2550.41	1303.93
2549.16	1301.67
2547.91	1271.37
2546.66	1303.15
2545.41	1298.88
2544.16	1296.62
2542.91	1204.34
2541.66	1210.1
2540.41	1247.85
2539.16	1285.59
2537.91	1305.32
2536.66	1259.09
2535.41	1252.84
2534.16	1268.57
2532.91	1242.35
2531.66	1323.98
2530.4	1297.76
2529.15	1297.5
2527.9	1253.33
2526.65	1231.13
2525.39	1292.73
2524.14	1310.42
2522.89	1220.42
2521.63	1274.01
2520.38	1233.88
2519.12	1321.33
2517.87	1285.2
2516.61	1274.98
2515.36	1264.76
2514.1	1248.58
2512.85	1198.55
2511.59	1265.99
2510.33	1206.03
2509.08	1265.48
2507.82	1209.53
2506.56	1253.04
2505.31	1189.16
2504.05	1232.66
2502.79	1272.16
2501.53	1305.69
2500.28	1229.93
2499.02	1257.49
2497.76	1245.32
2496.5	1189.47
2495.24	1268.65
2493.98	1198.92
2492.72	1287.98
2491.46	1192.48
2490.2	1214.06
2488.94	1241.59
2487.68	1211.59
2486.42	1219.28
2485.16	1219.03
2483.9	1254.46
2482.63	1236.38
2481.37	1222.26
2480.11	1216.07
2478.85	1203.95
2477.59	1231.42
2476.32	1241.07
2475.06	1201.24
2473.8	1214.85
2472.53	1226.47
2471.27	1253.92
2470	1289.26
2468.74	1213.87
2467.47	1229.44
2466.21	1235.12
2464.94	1205.23
2463.68	1206.97
2462.41	1218.57
2461.15	1180.81
2459.88	1188.47
2458.61	1184.28
2457.35	1227.46
2456.08	1237.08
2454.81	1228.94
2453.54	1283.91
2452.28	1234.36
2451.01	1228.19
2449.74	1208.24
2448.47	1196.17
2447.2	1225.48
2445.93	1174.02
2444.66	1209.23
2443.39	1240.49
2442.12	1177.25
2440.85	1251.8
2439.58	1182.67
2438.31	1202.11
2437.04	1192.03
2435.77	1260.62
2434.5	1224.98
2433.23	1244.39
2431.96	1157.66
2430.68	1184.93
2429.41	1192.55
2428.14	1213.92
2426.87	1144.94
2425.59	1207.54
2424.32	1234.78
2423.04	1156.02
2421.77	1169.52
2420.5	1157.52
2419.22	1165.13
2417.95	1196.27
2416.67	1211.71
2415.4	1207.55
2414.12	1166.15
2412.85	1118.88
2411.57	1175.47
2410.29	1149.77
2409.02	1126.04
2407.74	1094.48
2406.46	1172.56
2405.18	1195.81
2403.91	1127.08
2402.63	1177.72
2401.35	1157.92
2400.07	1206.58
2398.79	1133.99
2397.52	1114.22
2396.24	1135.49
2394.96	1172.38
2393.68	1111.59
2392.4	1158.24
2391.12	1122.85
2389.84	1122.63
2388.56	1110.69
2387.27	1161.2
2385.99	1133.65
2384.71	1086.6
2383.43	1178.05
2382.15	1154.41
2380.87	1202.92
2379.58	1165.64
2378.3	1118.63
2377.02	1145.68
2375.73	1112.33
2374.45	1117.95
2373.17	1148.88
2371.88	1098.03
2370.6	1119.22
2369.31	1080.07
2368.03	1144.06
2366.74	1095.19
2365.46	1091.08
2364.17	1118.08
2362.89	1119.8
2361.6	1168.17
2360.31	1129.06
2359.03	1117.18
2357.74	1087.81
2356.45	1091.48
2355.17	1137.86
2353.88	1129.86
2352.59	1154.86
2351.3	1100.29
2350.01	1158.28
2348.72	1181.32
2347.43	1107.38
2346.15	1087.77
2344.86	1089.48
2343.57	1060.19
2342.28	1125.86
2340.99	1108.19
2339.69	1146.71
2338.4	1088.38
2337.11	1103.65
2335.82	1058.9
2334.53	1134.17
2333.24	1135.87
2331.95	1096.95
2330.65	1090.92
2329.36	1090.7
2328.07	1113.68
2326.77	1136.65
2325.48	1076.5
2324.19	1074.35
2322.89	1112.77
2321.6	1073.92
2320.3	1044.73
2319.01	1092.79
2317.71	1148.54
2316.42	1067.25
2315.12	1074.75
2313.83	1088.04
2312.53	1089.75
2311.23	1093.38
2309.94	1027.61
2308.64	1069.81
2307.34	1069.59
2306.05	1052.03
2304.75	1044.11
2303.45	1053.53
2302.15	1062.94
2300.85	1039.62
2299.55	1025.94
2298.25	1041.12
2296.96	1112.1
2295.66	1042.62
2294.36	1115.49
2293.06	1069.12
2291.76	1086.2
2290.45	1003.33
2289.15	1031.95
2287.85	1037.5
2286.55	1043.06
2285.25	1100.46
2283.95	1021.51
2282.65	1057.78
2281.34	1063.32
2280.04	1047.75
2278.74	1091.66
2277.43	999.368
2276.13	1058.62
2274.83	1056.48
2273.52	1058.18
2272.22	1023.47
2270.91	1032.84
2269.61	1053.7
2268.3	1005.6
2267	1076.25
2265.69	1041.57
2264.39	1029.87
2263.08	1035.4
2261.77	1042.85
2260.47	1027.33
2259.16	977.388
2257.85	969.54
2256.54	1005.67
2255.24	1041.78
2253.93	940.278
2252.62	976.39
2251.31	1031.59
2250	997.001
2248.69	1065.54
2247.38	1008.05
2246.07	1021.2
2244.76	1021
2243.45	1001.71
2242.14	1064.45
2240.83	1012.74
2239.52	1023.97
2238.21	1059.99
2236.9	972.092
2235.59	1021.44
2234.27	996.463
2232.96	1047.69
2231.65	1049.38
2230.34	1014.89
2229.02	993.743
2227.71	980.217
2226.4	972.404
2225.08	1004.55
2223.77	1021.46
2222.45	969.905
2221.14	965.904
2219.82	982.815
2218.51	1009.22
2217.19	990.013
2215.88	984.111
2214.56	934.524
2213.24	987.506
2211.93	1008.19
2210.61	966.22
2209.29	971.716
2207.97	939.259
2206.66	1020.64
2205.34	1014.74
2204.02	1001.26
2202.7	896.779
2201.38	951.566
2200.06	994.96
2198.74	937.912
2197.42	937.72
2196.1	918.588
2194.78	975.207
2193.46	967.434
2192.14	993.736
2190.82	968.93
2189.5	898.725
2188.18	919.349
2186.86	970.225
2185.54	988.935
2184.21	932.017
2182.89	973.408
2181.57	918.406
2180.24	904.992
2178.92	929.362
2177.6	976.385
2176.27	966.744
2174.95	881.595
2173.62	962.572
2172.3	915.199
2170.97	950.857
2169.65	986.5
2168.32	931.608
2167	901.249
2165.67	970.811
2164.34	902.763
2163.02	951.569
2161.69	951.374
2160.36	937.993
2159.04	926.502
2157.71	911.249
2156.38	928.003
2155.05	892.055
2153.72	944.555
2152.39	925.549
2151.06	947.929
2149.74	940.212
2148.41	921.218
2147.08	960.501
2145.75	898.288
2144.41	920.649
2143.08	911.067
2141.75	899.611
2140.42	916.325
2139.09	944.297
2137.76	949.733
2136.43	906.377
2135.09	889.304
2133.76	906.003
2132.43	900.19
2131.09	901.88
2129.76	894.196
2128.43	886.514
2127.09	912.566
2125.76	934.859
2124.42	876.601
2123.09	872.675
2121.75	954.877
2120.42	919.113
2119.08	933.896
2117.75	905.636
2116.41	883
2115.07	910.874
2113.74	923.776
2112.4	888.063
2111.06	880.403
2109.72	889.565
2108.38	902.461
2107.05	922.823
2105.71	864.735
2104.37	905.637
2103.03	888.648
2101.69	912.729
2100.35	882.683
2099.01	861.977
2097.67	900.972
2096.33	857.891
2094.99	872.631
2093.65	870.586
2092.31	862.951
2090.97	898.178
2089.62	899.856
2088.28	901.533
2086.94	830.579
2085.6	815.513
2084.25	882.359
2082.91	867.287
2081.57	852.222
2080.22	818.559
2078.88	866.749
2077.53	864.711
2076.19	871.969
2074.84	881.083
2073.5	866.033
2072.15	839.841
2070.81	839.667
2069.46	861.781
2068.12	896.884
2066.77	852.142
2065.42	840.829
2064.08	885.193
2062.73	888.72
2061.38	834.742
2060.03	801.186
2058.68	793.603
2057.34	895.4
2055.99	867.413
2054.64	865.38
2053.29	817.031
2051.94	839.09
2050.59	831.508
2049.24	870.218
2047.89	875.591
2046.54	855.051
2045.19	821.567
2043.83	875.047
2042.48	850.821
2041.13	843.247
2039.78	822.735
2038.43	844.746
2037.07	864.9
2035.72	812.985
2034.37	822.053
2033.01	825.577
2031.66	805.093
2030.31	840.003
2028.95	845.367
2027.6	834.119
2026.24	806.271
2024.89	826.394
2023.53	802.248
2022.17	844.49
2020.82	864.593
2019.46	844.139
2018.11	816.323
2016.75	810.627
2015.39	838.088
2014.03	826.865
2012.68	806.44
2011.32	830.203
2009.96	806.105
2008.6	822.498
2007.24	796.572
2005.88	835.031
2004.52	821.985
2003.16	797.914
2001.8	827.158
2000.44	808.609
1999.08	790.067
1997.72	755
1996.36	769.536
1995	756.522
1993.64	796.754
1992.27	778.233
1990.91	792.752
1989.55	799.926
1988.19	779.582
1986.82	759.247
1985.46	830.597
1984.1	808.426
1982.73	782.599
1981.37	782.436
1980	774.945
1978.64	807.754
1977.27	745.323
1975.91	829.388
1974.54	768.809
1973.18	810.742
1971.81	817.892
1970.44	748.206
1969.08	793.774
1967.71	802.752
1966.34	766.021
1964.97	751.238
1963.61	776.666
1962.24	780.159
1960.87	758.076
1959.5	765.223
1958.13	776.019
1956.76	763.079
1955.39	757.444
1954.02	755.461
1952.65	771.723
1951.28	767.914
1949.91	787.814
1948.54	804.06
1947.17	796.6
1945.8	752.694
1944.42	719.739
1943.05	776.063
1941.68	761.33
1940.31	761.171
1938.93	717.318
1937.56	740.831
1936.19	777.073
1934.81	745.98
1933.44	740.367
1932.06	752.943
1930.69	745.513
1929.31	768.991
1927.94	765.195
1926.56	755.949
1925.18	748.524
1923.81	733.836
1922.43	760.924
1921.05	753.502
1919.68	800.542
1918.3	740.483
1916.92	749.401
1915.54	767.386
1914.17	710.998
1912.79	752.558
1911.41	736.083
1910.03	697.864
1908.65	719.465
1907.27	753.74
1905.89	760.829
1904.51	699.092
1903.13	729.728
1901.75	716.903
1900.37	736.663
1898.99	718.412
1897.6	738.164
1896.22	747.053
1894.84	707.111
1893.46	786.519
1892.07	697.776
1890.69	695.823
1889.31	746.272
1887.92	713.597
1886.54	641.2
1885.15	722.327
1883.77	747.452
1882.38	711.195
1881	700.217
1879.61	728.94
1878.23	685.493
1876.84	697.974
1875.46	690.615
1874.07	688.667
1872.68	668.696
1871.29	691.983
1869.91	724.268
1868.52	697.097
1867.13	736.57
1865.74	689.602
1864.35	693.058
1862.96	721.709
1861.57	683.77
1860.19	728.602
1858.8	708.664
1857.4	719.305
1856.01	722.75
1854.62	639.913
1853.23	706.273
1851.84	707.921
1850.45	675.438
1849.06	729.176
1847.67	698.497
1846.27	721.689
1844.88	696.409
1843.49	689.085
1842.09	697.911
1840.7	710.32
1839.31	685.064
1837.91	711.815
1836.52	686.569
1835.12	672.087
1833.73	695.24
1832.33	671.804
1830.93	693.156
1829.54	666.15
1828.14	730.462
1826.75	673.03
1825.35	697.943
1823.95	703.163
1822.55	679.761
1821.16	717.175
1819.76	688.415
1818.36	695.421
1816.96	666.677
1815.56	686.194
1814.16	716.421
1812.76	696.622
1811.36	683.975
1809.96	680.26
1808.56	678.332
1807.16	663.911
1805.76	665.556
1804.36	726.07
1802.96	665.276
1801.56	659.786
1800.15	661.43
1798.75	729.024
1797.35	655.805
1795.94	643.195
1794.54	676.905
1793.14	641.143
1791.73	651.691
1790.33	614.17
1788.92	617.6
1787.52	647.721
1786.11	651.142
1784.71	663.456
1783.3	650.868
1781.9	684.512
1780.49	636.373
1779.08	648.679
1777.68	671.641
1776.27	671.499
1774.86	660.701
1773.45	621.496
1772.05	640.894
1770.64	656.733
1769.23	626.427
1767.82	672.424
1766.41	650.996
1765	620.71
1763.59	643.629
1762.18	650.584
1760.77	646.902
1759.36	620.186
1757.95	655.486
1756.54	612.839
1755.12	614.48
1753.71	667.464
1752.3	654.933
1750.89	637.097
1749.47	606.884
1748.06	603.218
1746.65	592.479
1745.23	647.168
1743.82	622.281
1742.4	639.825
1740.99	620.251
1739.58	630.72
1738.16	642.952
1736.74	602.198
1735.33	633.852
1733.91	616.065
1732.5	633.584
1731.08	614.04
1729.66	649.192
1728.24	642
1726.83	664.788
1725.41	638.202
1723.99	636.305
1722.57	604.45
1721.15	636.035
1719.73	613.001
1718.31	607.588
1716.89	614.503
1715.47	617.893
1714.05	594.882
1712.63	631.708
1711.21	615.741
1709.79	645.512
1708.37	599.654
1706.95	615.35
1705.52	625.766
1704.1	595.758
1702.68	588.604
1701.26	591.992
1699.83	625.236
1698.41	637.395
1696.98	598.638
1695.56	631.859
1694.14	619.441
1692.71	598.257
1691.28	570.065
1689.86	598.003
1688.43	639.956
1687.01	581.973
1685.58	604.633
1684.15	604.505
1682.73	578.099
1681.3	558.711
1679.87	586.609
1678.44	596.989
1677.02	609.114
1675.59	561.736
1674.16	579.113
1672.73	613.974
1671.3	622.588
1669.87	563.008
1668.44	613.583
1667.01	580.246
1665.58	590.607
1664.15	567.77
1662.72	571.143
1661.28	583.245
1659.85	556.933
1658.42	598.707
1656.99	556.696
1655.55	584.494
1654.12	596.581
1652.69	601.686
1651.25	563.198
1649.82	577.024
1648.39	576.901
1646.95	587.234
1645.52	567.945
1644.08	552.148
1642.64	567.704
1641.21	565.842
1639.77	544.833
1638.34	544.717
1636.9	588.1
1635.46	603.631
1634.02	565.24
1632.59	570.336
1631.15	571.953
1629.71	556.188
1628.27	564.758
1626.83	585.486
1625.39	588.836
1623.95	602.603
1622.51	590.321
1621.07	557.214
1619.63	598.747
1618.19	558.711
1616.75	558.592
1615.31	579.286
1613.87	551.418
1612.43	553.034
1610.98	601.448
1609.54	583.991
1608.1	556.145
1606.66	554.295
1605.21	581.885
1603.77	524.624
1602.32	552.209
1600.88	536.515
1599.43	541.591
1597.99	588.185
1596.54	569.034
1595.1	568.912
1593.65	548.045
1592.21	546.199
1590.76	518.433
1589.31	539.055
1587.86	554.486
1586.42	537.098
1584.97	545.616
1583.52	547.226
1582.07	541.931
1580.62	552.169
1579.17	567.577
1577.72	574.355
1576.28	555.264
1574.83	522.388
1573.37	494.697
1571.92	534.228
1570.47	563.404
1569.02	508.161
1567.57	525.274
1566.12	533.771
1564.67	545.707
1563.21	552.475
1561.76	542.032
1560.31	505.789
1558.85	531.481
1557.4	522.769
1555.95	529.534
1554.49	510.513
1553.04	548.211
1551.58	527.476
1550.13	529.081
1548.67	549.577
1547.21	516.835
1545.76	540.758
1544.3	520.046
1542.84	507.923
1541.39	536.979
1539.93	560.877
1538.47	531.605
1537.01	522.918
1535.56	509.093
1534.1	495.274
1532.64	496.882
1531.18	522.47
1529.72	513.795
1528.26	513.685
1526.8	518.711
1525.34	532.292
1523.88	527.044
1522.42	506.401
1520.95	482.346
1519.49	492.503
1518.03	514.624
1516.57	466.652
1515.1	526.366
1513.64	516.001
1512.18	529.557
1510.71	498.701
1509.25	544.697
1507.79	503.609
1506.32	467.658
1504.86	496.567
1503.39	435.042
1501.92	518.527
1500.46	513.3
1498.99	494.435
1497.53	472.17
1496.06	473.772
1494.59	521.378
1493.12	480.383
1491.66	495.608
1490.19	483.582
1488.72	481.776
1487.25	476.566
1485.78	495.182
1484.31	488.27
1482.84	477.96
1481.37	464.252
1479.9	498.156
1478.43	474.252
1476.96	474.15
1475.49	491.039
1474.02	482.439
1472.54	467.05
1471.07	473.742
1469.6	475.338
1468.13	471.841
1466.65	480.224
1465.18	490.3
1463.71	473.232
1462.23	461.26
1460.76	500.156
1459.28	488.182
1457.81	496.551
1456.33	467.64
1454.86	474.315
1453.38	506.392
1451.9	448.712
1450.43	487.552
1448.95	480.677
1447.47	489.034
1445.99	426.332
1444.52	495.589
1443.04	458.279
1441.56	490.303
1440.08	468.223
1438.6	457.982
1437.12	452.815
1435.64	461.163
1434.16	474.575
1432.68	459.276
1431.2	457.489
1429.72	464.141
1428.24	469.103
1426.75	474.063
1425.27	458.781
1423.79	487.349
1422.31	451.839
1420.82	450.056
1419.34	471.867
1417.86	473.45
1416.37	444.711
1414.89	407.563
1413.4	469.775
1411.92	454.523
1410.43	454.425
1408.95	461.058
1407.46	440.77
1405.97	455.812
1404.49	454.032
1403	475.79
1401.51	443.751
1400.03	438.613
1398.54	463.721
1397.05	440.104
1395.56	450.085
1394.07	456.704
1392.58	448.212
1391.09	480.003
1389.6	461.442
1388.11	444.566
1386.62	437.761
1385.13	459.465
1383.64	429.189
1382.15	412.334
1380.66	417.272
1379.17	462.419
1377.67	484.094
1376.18	455.52
1374.69	467.141
1373.19	460.344
1371.7	416.731
1370.21	421.66
1368.71	438.298
1367.22	428.168
1365.72	431.419
1364.23	439.685
1362.73	429.561
1361.23	416.099
1359.74	407.655
1358.24	419.259
1356.74	387.439
1355.25	452.47
1353.75	432.341
1352.25	458.95
1350.75	432.154
1349.25	465.424
1347.76	438.637
1346.26	428.538
1344.76	431.779
1343.26	423.351
1341.76	399.93
1340.26	413.172
1338.75	439.733
1337.25	399.67
1335.75	436.212
1334.25	442.775
1332.75	416.052
1331.25	427.609
1329.74	440.824
1328.24	435.739
1326.74	438.969
1325.23	422.25
1323.73	442.103
1322.22	398.803
1320.72	415.33
1319.21	413.578
1317.71	391.901
1316.2	408.418
1314.7	408.329
1313.19	401.602
1311.68	431.38
1310.18	398.11
1308.67	414.608
1307.16	411.202
1305.65	421.059
1304.14	371.247
1302.63	409.277
1301.13	407.531
1299.62	397.505
1298.11	385.827
1296.6	425.476
1295.09	405.521
1293.58	400.468
1292.06	406.999
1290.55	405.256
1289.04	400.207
1287.53	415
1286.02	421.522
1284.5	370.198
1282.99	408.12
1281.48	371.688
1279.96	414.549
1278.45	394.644
1276.94	402.812
1275.42	387.87
1273.91	400.986
1272.39	379.452
1270.87	367.823
1269.36	405.671
1267.84	369.311
1266.33	428.572
1264.81	400.462
1263.29	385.546
1261.77	401.935
1260.26	401.847
1258.74	375.415
1257.22	383.564
1255.7	376.897
1254.18	385.042
1252.66	376.732
1251.14	363.492
1249.62	409.456
1248.1	389.638
1246.58	379.691
1245.06	374.678
1243.54	371.31
1242.01	348.233
1240.49	395.782
1238.97	413.756
1237.45	390.685
1235.92	331.517
1234.4	374.106
1232.88	387.148
1231.35	380.503
1229.83	372.221
1228.3	349.188
1226.78	373.697
1225.25	352.313
1223.72	357.151
1222.2	396.383
1220.67	368.458
1219.14	368.377
1217.62	368.297
1216.09	402.583
1214.56	358.319
1213.03	364.783
1211.5	372.881
1209.98	338.462
1208.45	341.658
1206.92	364.464
1205.39	369.287
1203.86	382.275
1202.33	374.025
1200.79	390.272
1199.26	378.759
1197.73	375.411
1196.2	355.747
1194.67	355.669
1193.13	344.173
1191.6	357.144
1190.07	350.544
1188.53	337.427
1187	329.204
1185.47	351.943
1183.93	361.64
1182.4	350.16
1180.86	356.596
1179.33	346.751
1177.79	332.026
1176.25	343.344
1174.72	357.911
1173.18	361.085
1171.64	336.614
1170.1	330.037
1168.57	370.6
1167.03	312.016
1165.49	349.316
1163.95	321.625
1162.41	339.419
1160.87	352.334
1159.33	340.893
1157.79	337.573
1156.25	327.763
1154.71	348.78
1153.17	327.619
1151.63	353.491
1150.08	345.308
1148.54	333.886
1147	354.879
1145.46	340.22
1143.91	340.145
1142.37	338.451
1140.82	331.901
1139.28	348.015
1137.73	313.953
1136.19	338.154
1134.64	313.815
1133.1	316.981
1131.55	312.061
1130.01	299.06
1128.46	332.934
1126.91	308.623
1125.36	340.865
1123.82	321.408
1122.27	298.731
1120.72	329.339
1119.17	337.337
1117.62	304.989
1116.07	311.375
1114.52	354.857
1112.97	312.85
1111.42	324.067
1109.87	333.668
1108.32	333.594
1106.77	322.242
1105.22	327.004
1103.66	343.037
1102.11	310.758
1100.56	317.129
1099	297.746
1097.45	315.38
1095.9	321.746
1094.34	307.199
1092.79	297.483
1091.23	319.925
1089.68	306.996
1088.12	322.998
1086.56	313.287
1085.01	308.399
1083.45	319.573
1081.89	305.052
1080.34	309.801
1078.78	280.845
1077.22	327.313
1075.66	307.991
1074.1	296.697
1072.54	291.821
1070.98	302.978
1069.43	299.706
1067.86	314.061
1066.3	312.39
1064.74	323.532
1063.18	315.454
1061.62	329.793
1060.06	315.315
1058.5	321.646
1056.93	342.374
1055.37	313.507
1053.81	311.838
1052.24	324.56
1050.68	278.133
1049.12	319.622
1047.55	325.942
1045.99	308.299
1044.42	324.201
1042.85	300.179
1041.29	312.883
1039.72	322.39
1038.16	315.936
1036.59	325.438
1035.02	291.873
1033.45	301.376
1031.88	317.251
1030.32	326.744
1028.75	337.827
1027.18	293.143
1025.61	304.228
1024.04	312.123
1022.47	297.725
1020.9	291.292
1019.33	313.507
1017.76	294.345
1016.18	308.596
1014.61	286.263
1013.04	283.019
1011.47	295.674
1009.89	305.144
1008.32	298.721
1006.75	297.066
1005.17	300.177
1003.6	296.934
1002.02	301.631
1000.45	325.372
998.873	279.282
997.297	315.709
995.721	307.708
994.145	315.569
992.568	305.986
990.991	301.163
989.413	290.003
987.835	305.783
986.257	283.539
984.678	300.896
983.099	313.496
981.52	284.933
979.94	294.365
978.36	297.464
976.78	295.816
975.199	300.495
973.618	303.591
972.037	301.943
970.455	295.554
968.873	279.686
967.29	308.061
965.707	271.665
964.124	295.291
962.541	299.962
960.957	277.798
959.373	301.406
957.788	288.718
956.203	285.499
954.618	272.82
953.032	277.489
951.446	291.614
949.86	297.853
948.273	278.879
946.686	291.419
945.099	305.528
943.511	289.715
941.923	289.651
940.334	299.029
938.745	298.963
937.156	300.469
935.567	316.13
933.977	287.756
932.387	289.264
930.796	286.056
929.205	303.278
927.614	270.218
926.022	292.148
924.43	293.653
922.838	279.458
921.245	277.826
919.652	277.764
918.058	287.116
916.465	266.66
914.87	276.01
913.276	285.356
911.681	289.995
910.086	302.468
908.49	286.732
906.894	272.569
905.298	291.302
903.701	277.145
902.104	283.345
900.507	294.238
898.909	284.784
897.311	272.205
895.713	262.76
894.114	268.956
892.515	281.403
890.916	287.592
889.316	284.402
887.715	289.026
886.115	299.895
884.514	299.828
882.913	298.2
881.311	285.646
879.709	263.734
878.107	276.157
876.504	287.014
874.901	307.224
873.298	285.327
871.694	283.704
870.09	286.758
868.485	289.81
866.88	295.976
865.275	302.14
863.669	317.643
862.064	287.994
860.457	315.945
858.851	287.865
857.244	306.469
855.636	290.847
854.028	284.562
852.42	290.717
850.812	334.172
849.203	293.695
847.594	284.308
845.984	284.244
844.375	309.027
842.764	305.852
841.154	335.276
839.543	304.164
837.931	313.405
836.32	288.516
834.708	274.494
833.095	296.139
831.482	354.977
829.869	333.201
828.256	319.181
826.642	322.208
825.028	289.612
823.413	322.063
821.798	297.223
820.183	318.824
818.567	332.678
816.951	304.758
815.335	273.756
813.718	276.788
812.101	290.639
810.483	290.574
808.865	315.233
807.247	327.521
805.629	325.903
804.01	304.211
802.39	313.406
800.771	304.075
799.151	307.093
797.53	310.109
795.91	313.125
794.288	309.97
792.667	294.483
791.045	303.665
789.423	300.515
787.8	275.795
786.177	288.056
784.554	287.992
782.93	320.261
781.306	300.177
779.682	295.493
778.057	304.658
776.432	275.362
774.807	289.141
773.181	273.7
771.554	312.071
769.928	287.41
768.301	313.467
766.674	276.526
765.046	302.575
763.418	299.436
761.789	294.762
760.161	297.766
758.531	262.405
756.902	309.905
755.272	292.963
753.642	297.498
752.011	291.298
750.38	300.43
748.749	291.167
747.117	300.294
745.485	298.695
743.852	306.285
742.22	295.498
740.586	277.063
738.953	313.73
737.319	302.949
735.685	293.702
734.05	298.224
732.415	295.099
730.779	279.746
729.144	285.796
727.507	279.619
725.871	276.501
724.234	302.403
722.597	300.807
720.959	319.059
719.321	289.988
717.683	288.397
716.044	289.857
714.405	294.367
712.765	308.025
711.126	300.333
709.485	295.692
707.845	283.435
706.204	312.317
704.563	275.691
702.921	280.197
701.279	290.791
699.636	287.681
697.993	278.486
696.35	282.987
694.707	285.965
693.063	281.338
691.419	304.081
689.774	266.011
688.129	268.99
686.483	258.293
684.838	267.349
683.191	291.588
681.545	283.93
679.898	309.672
678.251	276.213
676.603	277.668
674.955	285.19
673.307	265.41
671.658	295.675
670.009	284.997
668.359	271.292
666.709	300.02
665.059	315.101
663.408	265.049
661.757	316.473
660.106	270.985
658.454	267.896
656.802	257.243
655.15	301.058
653.497	281.327
651.844	291.848
650.19	294.806
648.536	308.343
646.881	255.383
645.227	277.987
643.572	273.392
641.916	288.432
640.26	274.778
638.604	310.942
636.947	268.617
635.29	264.03
633.633	274.529
631.975	301.612
630.317	274.405
628.659	287.909
627	286.336
625.34	299.832
623.681	280.181
622.021	280.117
620.36	280.054
618.7	283.001
617.038	285.947
615.377	293.405
613.715	291.834
612.053	270.712
610.39	312.752
608.727	300.655
607.064	263.013
605.4	293.005
603.736	270.405
602.071	294.374
600.406	295.809
598.741	289.737
597.075	292.672
595.409	274.599
593.743	273.037
592.076	268.475
590.409	283.409
588.741	311.829
587.073	287.777
585.405	296.702
583.736	286.148
582.067	278.594
580.397	277.033
578.728	308.41
577.057	279.9
575.387	282.829
573.716	321.664
572.044	287.188
570.373	284.132
568.7	279.582
567.028	278.023
565.355	303.365
563.682	297.32
562.008	294.264
560.334	288.224
558.66	268.749
556.985	282.122
555.31	286.535
553.634	301.389
551.958	267.012
550.282	307.217
548.605	302.674
546.928	317.512
545.25	259.317
543.573	278.628
541.894	300.909
540.216	275.522
538.537	284.393
536.857	287.305
535.178	318.494
533.497	263.367
531.817	296.034
530.136	266.221
528.455	310.768
526.773	295.832
525.091	292.791
523.408	306.098
521.725	306.028
520.042	316.355
518.359	302.918
516.675	288.004
514.99	295.359
513.305	299.743
511.62	265.553
509.935	298.123
508.249	296.572
506.562	292.057
504.876	302.365
503.189	300.814
501.501	302.227
499.813	302.158
498.125	302.089
496.436	297.578
494.747	303.431
493.058	295.962
491.368	313.648
489.678	298.785
487.987	297.238
486.297	288.299
484.605	311.883
482.913	323.634
481.221	304.353
479.529	308.715
477.836	316.028
476.143	299.715
474.449	312.931
472.755	286.296
471.061	295.082
469.366	315.666
467.67	321.493
465.975	315.521
464.279	321.345
462.582	297.692
460.886	300.571
459.189	304.921
457.491	316.633
455.793	291.53
454.095	323.848
452.396	307.585
450.697	323.699
448.997	280.965
447.298	289.725
445.597	294.069
443.897	317.522
442.196	304.222
440.494	292.398
438.792	301.145
437.09	308.419
435.387	320.094
433.684	322.957
431.981	287.659
430.277	318.407
428.573	324.201
426.868	310.927
425.163	309.39
423.458	316.648
421.752	288.729
420.046	307.711
418.34	300.316
416.633	322.216
414.925	286.999
413.218	304.5
411.51	300.04
409.801	320.456
408.092	294.05
406.383	312.996
404.673	320.235
402.963	301.157
401.253	318.626
399.542	303.941
397.831	302.41
396.119	308.182
394.407	286.208
392.694	308.041
390.982	338.621
389.268	303.521
387.555	304.91
385.841	320.884
384.126	296.02
382.411	295.952
380.696	322.12
378.981	314.76
377.265	308.86
375.548	313.158
373.832	342.21
372.114	324.661
370.397	333.319
368.679	324.511
366.96	315.707
365.242	312.725
363.523	306.836
361.803	299.496
360.083	309.602
358.363	335.688
356.642	296.383
354.921	332.628
353.199	313.673
351.477	339.734
349.755	325.14
348.032	316.358
346.309	338.048
344.586	288.652
342.862	313.239
341.137	303.018
339.413	311.645
337.688	313.022
335.962	302.808
334.236	333.156
332.51	331.631
330.783	340.242
329.056	325.688
327.328	312.588
325.601	331.325
323.872	337.034
322.144	310.925
320.414	293.504
318.685	331.019
316.955	339.613
315.225	335.2
313.494	303.344
311.763	317.715
310.031	317.642
308.299	332.003
306.567	342.028
304.834	326.078
303.101	305.808
301.368	330.254
299.634	301.341
297.9	338.75
296.165	348.759
294.43	314.099
292.694	321.229
290.958	316.834
289.222	305.242
287.485	319.566
285.748	333.884
284.011	316.54
282.273	304.959
280.534	303.45
278.795	306.256
277.056	309.06
275.317	326.234
273.577	295.985
271.836	305.972
270.096	327.443
268.355	314.445
266.613	340.211
264.871	328.65
263.129	308.487
261.386	319.891
259.643	329.856
257.899	324.044
256.155	326.836
254.411	319.594
252.666	283.699
250.921	318.013
249.175	323.668
247.429	322.161
245.683	319.223
243.936	307.7
242.189	310.49
240.441	317.571
238.693	321.787
236.944	284.537
235.196	311.631
233.446	341.571
231.697	307.2
229.947	305.7
228.196	301.344
226.445	308.414
224.694	328.327
222.942	284.008
221.19	319.613
219.437	320.965
217.685	353.693
215.931	315.113
214.177	317.89
212.423	347.745
210.669	312.043
208.914	324.791
207.158	323.291
205.403	317.521
203.646	340.223
201.89	325.912
200.133	320.145
