4501.29	2959.46
4500.4	2996.24
4499.52	2879.74
4498.64	2938.63
4497.75	2955.09
4496.87	2878.24
4495.98	2872.08
4495.1	2945.07
4494.22	2998.25
4493.33	2873.41
4492.45	2932.23
4491.56	2849.81
4490.68	2843.67
4489.79	2829.06
4488.9	2800.34
4488.02	2909.93
4487.13	2833.23
4486.25	2818.63
4485.36	2942.26
4484.47	2933.29
4483.59	2890.48
4482.7	2853.32
4481.81	2790.8
4480.93	2804.41
4480.04	2710.93
4479.15	2831.61
4478.26	2862.1
4477.38	2737.68
4476.49	2835.76
4475.6	2807.11
4474.71	2679.95
4473.83	2800.51
4472.94	2805.65
4472.05	2872.69
4471.16	2824.36
4470.27	2728.24
4469.38	2699.64
4468.49	2738.54
4467.6	2676.22
4466.71	2838.77
4465.82	2801.74
4464.93	2778.77
4464.04	2767.05
4463.15	2791.85
4462.26	2841.91
4461.37	2754.38
4460.48	2725.82
4459.59	2725.35
4458.7	2781
4457.81	2701.95
4456.92	2698.68
4456.03	2804.79
4455.14	2801.49
4454.24	2879.51
4453.35	2764.07
4452.46	2724.35
4451.57	2765.91
4450.68	2751.42
4449.78	2924.62
4448.89	2778.47
4448	2808.79
4447.11	2813.9
4446.21	2695.83
4445.32	2776.53
4444.43	2798.43
4443.53	2823.13
4442.64	2674.37
4441.75	2799.76
4440.85	2782.5
4439.96	2754.05
4439.06	2812.28
4438.17	2755.88
4437.27	2780.55
4436.38	2841.54
4435.48	2701.36
4434.59	2756.75
4433.69	2873.56
4432.8	2878.64
4431.9	2897.68
4431.01	2925.08
4430.11	2882.71
4429.22	2831.99
4428.32	2784.07
4427.42	2878.41
4426.53	2833.29
4425.63	2935.96
4424.73	2835.09
4423.84	2990.68
4422.94	2914.91
4422.04	2989.63
4421.14	2941.75
4420.25	2941.24
4419.35	3004.77
4418.45	2890.09
4417.55	3009.29
4416.65	3014.33
4415.76	2916.4
4414.86	2938.15
4413.96	2987.71
4413.06	3045.6
4412.16	3117.37
4411.26	3025.07
4410.36	3166.31
4409.46	3060.14
4408.56	3170.76
4407.66	3064.63
4406.76	3083.54
4405.86	3102.44
4404.96	3063.02
4404.06	3115.24
4403.16	3120.24
4402.26	3153
4401.36	3210.73
4400.46	3290.63
4399.56	3109.74
4398.66	3150.79
4397.76	3103.1
4396.85	3224.55
4395.95	3212.9
4395.05	3237.28
4394.15	3245.03
4393.25	3272.16
4392.34	3332.53
4391.44	3259.94
4390.54	3281.52
4389.64	3292.02
4388.73	3407.71
4387.83	3299.17
4386.93	3268.15
4386.02	3422.52
4385.12	3325.1
4384.21	3388.13
4383.31	3395.83
4382.41	3406.29
4381.5	3488.63
4380.6	3416.16
4379.69	3324.36
4378.79	3345.88
4377.88	3571.82
4376.98	3480.05
4376.07	3520.86
4375.17	3580.98
4374.26	3704.57
4373.36	3634.92
4372.45	3521.15
4371.54	3686.07
4370.64	3630.25
4369.73	3472.41
4368.82	3593.13
4367.92	3501.51
4367.01	3547.76
4366.1	3643.6
4365.2	3653.99
4364.29	3749.78
4363.38	3823.49
4362.47	3621.77
4361.57	3827.66
4360.66	3804.96
4359.75	3815.3
4358.84	3767.84
4357.93	3786.44
4357.02	3857.31
4356.11	3787.86
4355.21	3784.45
4354.3	3913.03
4353.39	3805.11
4352.48	3930.89
4351.57	3908.21
4350.66	3899.28
4349.75	4016.74
4348.84	3705.63
4347.93	4001.59
4347.02	4022.86
4346.11	3882.13
4345.2	4054.38
4344.29	4004.27
4343.37	3978.87
4342.46	4063.22
4341.55	4131.08
4340.64	4122.13
4339.73	4028.17
4338.82	3912.31
4337.9	4114.47
4336.99	4130.19
4336.08	4123.98
4335.17	4153.39
4334.26	4147.18
4333.34	4176.58
4332.43	4192.27
4331.52	4016.32
4330.6	4157.95
4329.69	4124.38
4328.78	4296.04
4327.86	4174.9
4326.95	4185.11
4326.03	4107.8
4325.12	4142.62
4324.21	4171.96
4323.29	4206.76
4322.38	4200.56
4321.46	4257.2
4320.55	4332.94
4319.63	4381.35
4318.72	4216.71
4317.8	4265.12
4316.88	4310.78
4315.97	4367.34
4315.05	4271.05
4314.14	4322.14
4313.22	4315.93
4312.3	4345.17
4311.39	4363.49
4310.47	4340.91
4309.55	4277.44
4308.63	4415.7
4307.72	4472.15
4306.8	4389.62
4305.88	4397.02
4304.96	4344.49
4304.05	4248.41
4303.13	4449.15
4302.21	4481.03
4301.29	4423.08
4300.37	4343.38
4299.45	4424.24
4298.54	4447.95
4297.62	4390.04
4296.7	4538.84
4295.78	4404.81
4294.86	4520.93
4293.94	4503.82
4293.02	4426.93
4292.1	4526.68
4291.18	4553.05
4290.26	4552.25
4289.34	4527
4288.42	4496.33
4287.5	4506.4
4286.57	4407.89
4285.65	4442.39
4284.73	4533.86
4283.81	4354.01
4282.89	4556.67
4281.97	4531.45
4281.04	4522.52
4280.12	4453.95
4279.2	4412.51
4278.28	4633.94
4277.35	4603.31
4276.43	4388.49
4275.51	4588.15
4274.59	4630.66
4273.66	4675.87
4272.74	4599.25
4271.81	4555.13
4270.89	4475.85
4269.97	4556.22
4269.04	4555.42
4268.12	4592.48
4267.19	4559.21
4266.27	4550.3
4265.34	4649.51
4264.42	4597.34
4263.49	4526.26
4262.57	4706.48
4261.64	4603
4260.72	4658.9
4259.79	4598.67
4258.87	4611.35
4257.94	4678.02
4257.01	4717.68
4256.09	4630.49
4255.16	4559.53
4254.23	4618.06
4253.31	4630.73
4252.38	4638
4251.45	4753.11
4250.52	4684.88
4249.6	4538.51
4248.67	4707.47
4247.74	4760.52
4246.81	4686.95
4245.88	4791.15
4244.96	4712.21
4244.03	4722.15
4243.1	4842.44
4242.17	4663.96
4241.24	4725.02
4240.31	4699.97
4239.38	4672.24
4238.45	4768.22
4237.52	4673.27
4236.59	4696.63
4235.66	4795.26
4234.73	4791.72
4233.8	4678.01
4232.87	4760.47
4231.94	4942.27
4231.01	4721.18
4230.08	4865.34
4229.15	4689.97
4228.22	4775.03
4227.28	4723.2
4226.35	4802.85
4225.42	4826.15
4224.49	4739.46
4223.56	4580.4
4222.62	4794.08
4221.69	4661.87
4220.76	4800.42
4219.83	4780.81
4218.89	4817.47
4217.96	4830.01
4217.03	4837.19
4216.09	4879.18
4215.16	4690.89
4214.23	4810.52
4213.29	4855.17
4212.36	4677.69
4211.42	4853.44
4210.49	4908.76
4209.55	4886.49
4208.62	4808.07
4207.68	4839.3
4206.75	4889.23
4205.81	4797.49
4204.88	4892.84
4203.94	4835.86
4203.01	4867.05
4202.07	4711.28
4201.13	4900.04
4200.2	4915.19
4199.26	4938.34
4198.32	4950.8
4197.39	4933.91
4196.45	4855.66
4195.51	4878.81
4194.58	4992.62
4193.64	4917.07
4192.7	4894.87
4191.76	5008.62
4190.82	4994.4
4189.89	4849.62
4188.95	4902.04
4188.01	4869.2
4187.07	4972.2
4186.13	4835.52
4185.19	4879.92
4184.25	5084
4183.31	4822.29
4182.37	5034.3
4181.43	4847.18
4180.49	4958.03
4179.55	4975.76
4178.61	5097.19
4177.67	4944.75
4176.73	4983.74
4175.79	4940.33
4174.85	5136.07
4173.91	4933.26
4172.97	4966.91
4172.03	5120.05
4171.09	5034.17
4170.14	5126.19
4169.2	4878.43
4168.26	5020.86
4167.32	5054.46
4166.38	4973.98
4165.43	4882.91
4164.49	4990.77
4163.55	5087.98
4162.6	4933.32
4161.66	4977.5
4160.72	5029.61
4159.77	5026.06
4158.83	5030.46
4157.89	5032.21
4156.94	5124
4156	4937.75
4155.05	5164.52
4154.11	5018.04
4153.16	5056.84
4152.22	5029.48
4151.27	4965.09
4150.33	5022.39
4149.38	5021.49
4148.44	5068.19
4147.49	4974.77
4146.55	5108.66
4145.6	5031.12
4144.65	5112.12
4143.71	5042.53
4142.76	5168.4
4141.81	5072.42
4140.87	5047.75
4139.92	5057.41
4138.97	5072.34
4138.03	5227.11
4137.08	5110.1
4136.13	5082.81
4135.18	5168.93
4134.23	5168.01
4133.29	5127.54
4132.34	5171.43
4131.39	5157.33
4130.44	5090.54
4129.49	5208.18
4128.54	5136.13
4127.59	5127.31
4126.64	5079
4125.69	5114.95
4124.74	4961.37
4123.79	5089.43
4122.84	5104.31
4121.89	5198.1
4120.94	5205.06
4119.99	5204.13
4119.04	5063.85
4118.09	5173.35
4117.14	5238.13
4116.19	5192.52
4115.24	5078.62
4114.28	5240.57
4113.33	5276.41
4112.38	5165.17
4111.43	5203.63
4110.48	5184.32
4109.52	5217.51
4108.57	5129.99
4107.62	5102.83
4106.66	5086.18
4105.71	5074.78
4104.76	5110.58
4103.8	5159.48
4102.85	5174.28
4101.9	5207.42
4100.94	5120.02
4099.99	5145.3
4099.03	5267.49
4098.08	5253.45
4097.12	5184.43
4096.17	5180.89
4095.21	5166.87
4094.26	5179.03
4093.3	5136.24
4092.35	5237.34
4091.39	5249.48
4090.44	5222.39
4089.48	5378.33
4088.52	5212.67
4087.57	5115.03
4086.61	5155.93
4085.65	5322.22
4084.7	5334.33
4083.74	5213.22
4082.78	5314.13
4081.82	5187.86
4080.87	5197.37
4079.91	5321.71
4078.95	5208.55
4077.99	5186.74
4077.03	5352.76
4076.08	5341.37
4075.12	5256.97
4074.16	5256.02
4073.2	5229.01
4072.24	5191.59
4071.28	5305.31
4070.32	5267.88
4069.36	5300.8
4068.4	5294.64
4067.44	5343.16
4066.48	5287.53
4065.52	5200.68
4064.56	5257
4063.6	5313.3
4062.64	5249.91
4061.68	5311.39
4060.72	5235.02
4059.75	5403.09
4058.79	5329.33
4057.83	5252.99
4056.87	5415.77
4055.91	5326.45
4054.94	5465.78
4053.98	5345.32
4053.02	5320.99
4052.06	5260.31
4051.09	5204.85
4050.13	5370.03
4049.17	5265.26
4048.2	5407.01
4047.24	5325.62
4046.27	5267.61
4045.31	5165.53
4044.35	5268.3
4043.38	5358.08
4042.42	5383.04
4041.45	5431.3
4040.49	5401.83
4039.52	5258.39
4038.56	5513.84
4037.59	5352.3
4036.63	5426.42
4035.66	5373.67
4034.69	5354.59
4033.73	5405.37
4032.76	5293.16
4031.8	5514.65
4030.83	5317.11
4029.86	5468.71
4028.89	5408.27
4027.93	5438.31
4026.96	5300.36
4025.99	5263.23
4025.02	5326.87
4024.06	5364.65
4023.09	5366.27
4022.12	5484.07
4021.15	5243
4020.18	5384.02
4019.21	5235.95
4018.25	5302.09
4017.28	5368.21
4016.31	5323.39
4015.34	5190.92
4014.37	5344.68
4013.4	5387.54
4012.43	5383.99
4011.46	5413.94
4010.49	5400.08
4009.52	5267.74
4008.55	5426.46
4007.58	5278.71
4006.6	5403.91
4005.63	5493.03
4004.66	5381.37
4003.69	5375.25
4002.72	5384.57
4001.75	5329.59
4000.77	5421.21
3999.8	5227.38
3998.83	5357.55
3997.86	5482.53
3996.88	5342.77
3995.91	5452.29
3994.94	5479.56
3993.96	5409.22
3992.99	5336.34
3992.02	5399.57
3991.04	5503.84
3990.07	5353.98
3989.1	5350.45
3988.12	5505.99
3987.15	5574.26
3986.17	5373.2
3985.2	5408.13
3984.22	5517.4
3983.25	5406.17
3982.27	5405.2
3981.3	5463.16
3980.32	5413.49
3979.34	5315.18
3978.37	5473
3977.39	5510.42
3976.41	5491.5
3975.44	5295.97
3974.46	5448.57
3973.48	5342.68
3972.51	5341.71
3971.53	5304.93
3970.55	5482.99
3969.57	5397.62
3968.6	5498.9
3967.62	5434.01
3966.64	5502.02
3965.66	5503.58
3964.68	5492.37
3963.7	5419.86
3962.73	5505.7
3961.75	5497.05
3960.77	5434.78
3959.79	5546.1
3958.81	5491.51
3957.83	5521.13
3956.85	5576.25
3955.87	5394.16
3954.89	5464.58
3953.91	5496.74
3952.93	5432.02
3951.94	5451.42
3950.96	5465.72
3949.98	5487.66
3949	5479.02
3948.02	5475.48
3947.04	5372.64
3946.06	5496.41
3945.07	5436.87
3944.09	5484.24
3943.11	5539.22
3942.13	5466.99
3941.14	5394.78
3940.16	5587.07
3939.18	5436.05
3938.19	5531.66
3937.21	5479.83
3936.23	5555.07
3935.24	5523.57
3934.26	5550.51
3933.27	5414.9
3932.29	5599.29
3931.3	5501.79
3930.32	5477.95
3929.33	5558.17
3928.35	5547.01
3927.36	5424.23
3926.38	5433.39
3925.39	5447.62
3924.41	5649.49
3923.42	5580.01
3922.43	5406.63
3921.45	5537.44
3920.46	5384.4
3919.47	5499.96
3918.49	5504.02
3917.5	5523.28
3916.51	5527.35
3915.52	5533.94
3914.54	5553.18
3913.55	5496.5
3912.56	5290.56
3911.57	5562.8
3910.58	5407.51
3909.6	5487.45
3908.61	5461.17
3907.62	5450.06
3906.63	5585.55
3905.64	5357.11
3904.65	5414.25
3903.66	5471.36
3902.67	5341.56
3901.68	5393.62
3900.69	5551.69
3899.7	5515.34
3898.71	5494.15
3897.72	5230.73
3896.73	5454.31
3895.74	5488.63
3894.74	5396.84
3893.75	5368.13
3892.76	5392.36
3891.77	5406.5
3890.78	5493.72
3889.79	5301.23
3888.79	5368.28
3887.8	5503.31
3886.81	5411.66
3885.81	5564.26
3884.82	5331.65
3883.83	5547.13
3882.83	5327.19
3881.84	5419.31
3880.85	5589.38
3879.85	5422.37
3878.86	5423.9
3877.86	5528.5
3876.87	5447.06
3875.88	5375.7
3874.88	5427.48
3873.89	5471.72
3872.89	5387.83
3871.89	5339.13
3870.9	5451.15
3869.9	5319.61
3868.91	5416.53
3867.91	5239.88
3866.91	5407.03
3865.92	5433.64
3864.92	5369.95
3863.92	5381.5
3862.93	5410.61
3861.93	5482.32
3860.93	5376.06
3859.93	5395.12
3858.94	5291.42
3857.94	5370.61
3856.94	5332.06
3855.94	5358.63
3854.94	5420.25
3853.94	5389.22
3852.95	5340.69
3851.95	5504.86
3850.95	5361.25
3849.95	5272.73
3848.95	5281.77
3847.95	5310.81
3846.95	5614.83
3845.95	5471.34
3844.95	5447.85
3843.95	5406.87
3842.95	5425.87
3841.95	5374.93
3840.94	5368.95
3839.94	5385.45
3838.94	5317.07
3837.94	5348.54
3836.94	5507.27
3835.94	5299.18
3834.93	5445.39
3833.93	5481.8
3832.93	5358.62
3831.93	5392.54
3830.92	5478.8
3829.92	5260.98
3828.92	5471.81
3827.91	5411.02
3826.91	5439.92
3825.91	5351.76
3824.9	5497.69
3823.9	5529.05
3822.89	5411.05
3821.89	5484.72
3820.88	5443.91
3819.88	5288.68
3818.87	5362.33
3817.87	5376.27
3816.86	5405.12
3815.86	5550.79
3814.85	5348.46
3813.84	5374.82
3812.84	5440.91
3811.83	5362.91
3810.83	5391.74
3809.82	5440.41
3808.81	5461.76
3807.8	5465.72
3806.8	5427.5
3805.79	5498.46
3804.78	5388.3
3803.77	5511.33
3802.77	5388.8
3801.76	5444.84
3800.75	5426.49
3799.74	5502.33
3798.73	5409.64
3797.72	5440.85
3796.71	5449.77
3795.7	5466.1
3794.69	5398.24
3793.68	5511.14
3792.67	5460.62
3791.66	5494.27
3790.65	5416.56
3789.64	5586.27
3788.63	5417.04
3787.62	5324.55
3786.61	5454.62
3785.6	5470.93
3784.59	5509.47
3783.58	5604.84
3782.56	5472.86
3781.55	5370.57
3780.54	5641.27
3779.53	5422.93
3778.52	5567.6
3777.5	5613.48
3776.49	5476.71
3775.48	5446.09
3774.46	5509.24
3773.45	5579.76
3772.44	5549.14
3771.42	5368.12
3770.41	5416.44
3769.39	5482
3768.38	5461.28
3767.36	5534.2
3766.35	5464.2
3765.34	5694.73
3764.32	5538.53
3763.3	5567.06
3762.29	5462.65
3761.27	5675.78
3760.26	5620.6
3759.24	5469.48
3758.23	5598.85
3757.21	5622.42
3756.19	5589.42
3755.18	5610.52
3754.16	5693.06
3753.14	5657.61
3752.12	5619.71
3751.11	5517.95
3750.09	5627.47
3749.07	5658.36
3748.05	5782.55
3747.03	5685.74
3746.02	5733.78
3745	5575.67
3743.98	5714.5
3742.96	5568.71
3741.94	5575.05
3740.92	5586.28
3739.9	5644.1
3738.88	5785.24
3737.86	5622.41
3736.84	5699.79
3735.82	5740.39
3734.8	5768.73
3733.78	5755.42
3732.76	5734.78
3731.74	5711.69
3730.71	5612.72
3729.69	5836.84
3728.67	5644.91
3727.65	5744.18
3726.63	5674.63
3725.61	5764.07
3724.58	5797.24
3723.56	5764.39
3722.54	5875.76
3721.51	5921.11
3720.49	5761.21
3719.47	5796.79
3718.44	5629.64
3717.42	5838.6
3716.4	5781.38
3715.37	5838.89
3714.35	5786.57
3713.32	5890.42
3712.3	5786.87
3711.27	5834.59
3710.25	5818.88
3709.22	6086.02
3708.2	5977.63
3707.17	5910.72
3706.15	5853.58
3705.12	5830.57
3704.09	5909.89
3703.07	5930.72
3702.04	5834.65
3701.01	5862.79
3699.99	6041.84
3698.96	5960.41
3697.93	5990.95
3696.9	5826.84
3695.88	6013.06
3694.85	5990.06
3693.82	5894.13
3692.79	5922.21
3691.76	5996.47
3690.74	6029.38
3689.71	6042.85
3688.68	5939.7
3687.65	6157.2
3686.62	6037.07
3685.59	6174.35
3684.56	6233.9
3683.53	6113.82
3682.5	5974.37
3681.47	6201.33
3680.44	6239
3679.41	6138.41
3678.38	6190.62
3677.34	6124.02
3676.31	6278.02
3675.28	6196.88
3674.25	6336.27
3673.22	6385.97
3672.19	6350.88
3671.15	6436.89
3670.12	6568.87
3669.09	6560.39
3668.06	6472.05
3667.02	6451.49
3665.99	6479.33
3664.96	6553.12
3663.92	6496.28
3662.89	6674.02
3661.85	6556.74
3660.82	6686.05
3659.79	6549.48
3658.75	6727.07
3657.72	6878.03
3656.68	6681.1
3655.65	6848.92
3654.61	6990.11
3653.57	6894.66
3652.54	7002
3651.5	6957.27
3650.47	7122.46
3649.43	7246.58
3648.39	7146.35
3647.36	7188.43
3646.32	7334.17
3645.28	7448.51
3644.25	7451.95
3643.21	7426.48
3642.17	7586.52
3641.13	7695.91
3640.09	7441.62
3639.06	7782.15
3638.02	7686.82
3636.98	7962.19
3635.94	7910.18
3634.9	8067.51
3633.86	8126.16
3632.82	8218.45
3631.78	8231.36
3630.74	8460.64
3629.7	8463.88
3628.66	8522.39
3627.62	8513.6
3626.58	8694.61
3625.54	8484.02
3624.5	8729.81
3623.46	8865.06
3622.42	8832.2
3621.38	9032.19
3620.33	9100.11
3619.29	8932.86
3618.25	9255.06
3617.21	9164.59
3616.17	9359.53
3615.12	9072.48
3614.08	9226.61
3613.04	9198.53
3611.99	9280.69
3610.95	9187.93
3609.91	9191.01
3608.86	9297.08
3607.82	9060.69
3606.77	9264.89
3605.73	9191.36
3604.69	9141.79
3603.64	9082.67
3602.6	9162.32
3601.55	9005.15
3600.5	9151.74
3599.46	9178.73
3598.41	8947.54
3597.37	8991.28
3596.32	8879.69
3595.27	8710.8
3594.23	8840.56
3593.18	8963.1
3592.13	8708.33
3591.09	8534.82
3590.04	8817.27
3588.99	8880.07
3587.94	8723.33
3586.9	8652.52
3585.85	8732
3584.8	8625.45
3583.75	8700.14
3582.7	8760.5
3581.65	8415.67
3580.6	8576.14
3579.56	8586.46
3578.51	8601.53
3577.46	8407.02
3576.41	8591.19
3575.36	8353.9
3574.31	8445.17
3573.26	8484.05
3572.2	8546.72
3571.15	8623.63
3570.1	8512.61
3569.05	8511.03
3568	8426.23
3566.95	8531.63
3565.9	8349.41
3564.84	8359.73
3563.79	8512.6
3562.74	8558.52
3561.69	8400.18
3560.63	8460.35
3559.58	8494.39
3558.53	8495.18
3557.47	8360.7
3556.42	8238.13
3555.37	8407.4
3554.31	8424.8
3553.26	8368.69
3552.2	8419.29
3551.15	8256.52
3550.09	8380.6
3549.04	8542.54
3547.98	8206.89
3546.93	8262.21
3545.87	8506.97
3544.82	8228.34
3543.76	8513.26
3542.71	8428.83
3541.65	8342.06
3540.59	8442.24
3539.54	8275.07
3538.48	8458.01
3537.42	8264.89
3536.36	8348.46
3535.31	8290.17
3534.25	8326.43
3533.19	8348.51
3532.13	8330.41
3531.07	8376.1
3530.02	8313.13
3528.96	8377.69
3527.9	8397.37
3526.84	8468.97
3525.78	8436.71
3524.72	8357.27
3523.66	8535
3522.6	8203.2
3521.54	8222.89
3520.48	8367.53
3519.42	8439.04
3518.36	8340.83
3517.3	8445.31
3516.24	8537.97
3515.17	8239.58
3514.11	8400.54
3513.05	8260.04
3511.99	8463.31
3510.93	8369.93
3509.87	8391.9
3508.8	8465.62
3507.74	8318.18
3506.68	8406
3505.61	8303.31
3504.55	8407.56
3503.49	8335.46
3502.42	8423.21
3501.36	8318.25
3500.3	8384.82
3499.23	8639.28
3498.17	8438.04
3497.1	8452.9
3496.04	8430.19
3494.97	8524.84
3493.91	8408.25
3492.84	8409.03
3491.77	8456.71
3490.71	8337.86
3489.64	8540.31
3488.58	8510.57
3487.51	8494.91
3486.44	8408.95
3485.38	8430.81
3484.31	8693.96
3483.24	8537.73
3482.17	8702.41
3481.11	8450.24
3480.04	8406.52
3478.97	8430.69
3477.9	8398.69
3476.83	8579.6
3475.77	8353.43
3474.7	8445.41
3473.63	8415.77
3472.56	8591.87
3471.49	8665.06
3470.42	8499.84
3469.35	8381.41
3468.28	8424.23
3467.21	8583.81
3466.14	8549.51
3465.07	8573.59
3464	8436.58
3462.92	8558.7
3461.85	8659.77
3460.78	8536.82
3459.71	8318.28
3458.64	8451.98
3457.57	8608.96
3456.49	8546.73
3455.42	8463.54
3454.35	8681.01
3453.28	8632.78
3452.2	8577.58
3451.13	8650.5
3450.06	8516.14
3448.98	8577.4
3447.91	8505.95
3446.83	8560.21
3445.76	8621.43
3444.68	8505.81
3443.61	8501.89
3442.53	8632.85
3441.46	8524.27
3440.38	8583.11
3439.31	8509.44
3438.23	8545.02
3437.16	8573.62
3436.08	8472.11
3435	8677.23
3433.93	8636.12
3432.85	8344.28
3431.77	8614.3
3430.7	8635.89
3429.62	8715.48
3428.54	8609.44
3427.46	8508.08
3426.39	8529.67
3425.31	8681.09
3424.23	8728.14
3423.15	8624.52
3422.07	8706.32
3420.99	8609.68
3419.91	8691.46
3418.83	8645.81
3417.75	8590.93
3416.68	8526.8
3415.6	8624.73
3414.51	8588.39
3413.43	8598.34
3412.35	8703.14
3411.27	8634.42
3410.19	8579.6
3409.11	8695.9
3408.03	8715.07
3406.95	8768.9
3405.87	8637.84
3404.78	8636.21
3403.7	8646.13
3402.62	8535.95
3401.54	8709.83
3400.45	8655.09
3399.37	8637.3
3398.29	8619.52
3397.2	8654.81
3396.12	8630.11
3395.04	8503.93
3393.95	8721.4
3392.87	8735.89
3391.78	8524.47
3390.7	8504.43
3389.61	8613.43
3388.53	8754.64
3387.44	8732.26
3386.36	8723.7
3385.27	8639.16
3384.19	8734.22
3383.1	8578.36
3382.01	8650.38
3380.93	8575.12
3379.84	8727.62
3378.75	8670.78
3377.67	8793.31
3376.58	8858.32
3375.49	8709.54
3374.4	8427.51
3373.31	8738.41
3372.23	8720.68
3371.14	8544.47
3370.05	8522.18
3368.96	8465.47
3367.87	8640.63
3366.78	8705.56
3365.69	8637.36
3364.6	8667.85
3363.51	8661.62
3362.42	8565.95
3361.33	8527.65
3360.24	8720.9
3359.15	8551.93
3358.06	8614.48
3356.97	8507.45
3355.88	8629.54
3354.79	8616.46
3353.69	8717.88
3352.6	8537.64
3351.51	8641.33
3350.42	8728.95
3349.33	8702.12
3348.23	8590.66
3347.14	8600.47
3346.05	8694.9
3344.95	8629.23
3343.86	8511
3342.77	8564.25
3341.67	8724.87
3340.58	8382.79
3339.48	8522.83
3338.39	8733.62
3337.29	8663.46
3336.2	8625.29
3335.1	8527.79
3334.01	8489.66
3332.91	8481.2
3331.82	8637.01
3330.72	8509.92
3329.62	8380.6
3328.53	8591.06
3327.43	8662.37
3326.33	8549.05
3325.24	8522.37
3324.14	8689.34
3323.04	8539.63
3321.94	8574.45
3320.85	8397.5
3319.75	8587.14
3318.65	8489.91
3317.55	8654.42
3316.45	8338.8
3315.35	8462.33
3314.25	8544.88
3313.16	8634.21
3312.06	8557.55
3310.96	8535.47
3309.86	8542.94
3308.76	8498.14
3307.66	8476.08
3306.55	8522.17
3305.45	8525.09
3304.35	8530.29
3303.25	8446.94
3302.15	8547.47
3301.05	8518.62
3299.95	8598.68
3298.84	8592.51
3297.74	8599.95
3296.64	8625.52
3295.54	8424.38
3294.43	8615.44
3293.33	8425.71
3292.23	8589.51
3291.12	8524.45
3290.02	8620.22
3288.92	8487.24
3287.81	8304.51
3286.71	8447.8
3285.6	8489.19
3284.5	8331.45
3283.39	8764.23
3282.29	8398.4
3281.18	8607.11
3280.08	8524.08
3278.97	8592.54
3277.86	8337.76
3276.76	8381.37
3275.65	8386.55
3274.54	8599.55
3273.44	8367.55
3272.33	8679.83
3271.22	8465.96
3270.12	8518.52
3269.01	8386.01
3267.9	8443.07
3266.79	8542.98
3265.68	8663.15
3264.57	8429.23
3263.47	8357.73
3262.36	8761.89
3261.25	8390.61
3260.14	8454.36
3259.03	8457.25
3257.92	8489.43
3256.81	8499.07
3255.7	8461.42
3254.59	8468.82
3253.48	8359.17
3252.37	8303.57
3251.25	8538.22
3250.14	8367.88
3249.03	8478.74
3247.92	8618.78
3246.81	8212.47
3245.69	8390.72
3244.58	8346.43
3243.47	8344.83
3242.36	8471.29
3241.24	8366.36
3240.13	8225.53
3239.02	8268.87
3237.9	8352.59
3236.79	8472.19
3235.68	8436.91
3234.56	8388.19
3233.45	8263.22
3232.33	8405.17
3231.22	8325.09
3230.1	8478.18
3228.99	8568.45
3227.87	8374.1
3226.75	8226.88
3225.64	8346.27
3224.52	8214.78
3223.41	8266.95
3222.29	8258.65
3221.17	8407.04
3220.05	8358.44
3218.94	8124.15
3217.82	8366.43
3216.7	8293.26
3215.58	8202.23
3214.47	8339.28
3213.35	8337.68
3212.23	8349.5
3211.11	8372.48
3209.99	8319.5
3208.87	8215.16
3207.75	8387.78
3206.63	8229.88
3205.51	8299.74
3204.39	8293.69
3203.27	8352.35
3202.15	8216.89
3201.03	8295.62
3199.91	8287.34
3198.79	8299.14
3197.67	8125.89
3196.55	8003.98
3195.42	8236.43
3194.3	8286.1
3193.18	8306.79
3192.06	8078.03
3190.93	8232.36
3189.81	8290.89
3188.69	8249.24
3187.56	8252.11
3186.44	8268.33
3185.32	8077.65
3184.19	8020.5
3183.07	8152.39
3181.94	8208.63
3180.82	8191.5
3179.7	8267.72
3178.57	8055.04
3177.44	8120.14
3176.32	8282.96
3175.19	8181.43
3174.07	8091.05
3172.94	8127.24
3171.82	8028.02
3170.69	8088.62
3169.56	8237.94
3168.43	8016.75
3167.31	8066.22
3166.18	8120.11
3165.05	8087.51
3163.92	8099.26
3162.8	8157.54
3161.67	8224.67
3160.54	8005.99
3159.41	8050.97
3158.28	7949.77
3157.15	7979.24
3156.02	8088.39
3154.89	8049.21
3153.76	7892.78
3152.63	7842.59
3151.5	7947.26
3150.37	7892.66
3149.24	7959.68
3148.11	7909.52
3146.98	7846.12
3145.85	7882.17
3144.72	8002.17
3143.59	8082.37
3142.45	7895.3
3141.32	7776.76
3140.19	7954.08
3139.06	7915.03
3137.92	7856.13
3136.79	7777.4
3135.66	8018.56
3134.52	7736.92
3133.39	7880.96
3132.26	7769.22
3131.12	7904.39
3129.99	7794.88
3128.85	7857.28
3127.72	7802.9
3126.58	8056.89
3125.45	7703
3124.31	7774.18
3123.18	7834.32
3122.04	7870.22
3120.9	7923.72
3119.77	7816.59
3118.63	7861.28
3117.49	7760.81
3116.36	7805.49
3115.22	7716.05
3114.08	7791.49
3112.95	7719.67
3111.81	7731.37
3110.67	7855.09
3109.53	7677.88
3108.39	7812.54
3107.25	7804.45
3106.11	7800.75
3104.98	7702.69
3103.84	7751.67
3102.7	7820.37
3101.56	7893.44
3100.42	7685.79
3099.28	7741.31
3098.14	7742.01
3096.99	7554.24
3095.85	7730.26
3094.71	7737.54
3093.57	7674.72
3092.43	7863.75
3091.29	7842.53
3090.15	7549.88
3089	7489.33
3087.86	7588.55
3086.72	7663.65
3085.57	7620.62
3084.43	7726.3
3083.29	7764.17
3082.14	7651.18
3081	7680.3
3079.86	7698.49
3078.71	7559.36
3077.57	7789.45
3076.42	7676.56
3075.28	7637.96
3074.13	7691.06
3072.99	7838
3071.84	7836.49
3070.7	7553.52
3069.55	7648.04
3068.4	7755.61
3067.26	7509.89
3066.11	7728.64
3064.96	7716.24
3063.82	7738.73
3062.67	7619.57
3061.52	7674.74
3060.37	7594.85
3059.23	7599.91
3058.08	7639.81
3056.93	7592.62
3055.78	7680.38
3054.63	7654.96
3053.48	7631.73
3052.33	7467.12
3051.18	7646.17
3050.03	7651.22
3048.88	7749.73
3047.73	7678.69
3046.58	7761.95
3045.43	7612.71
3044.28	7502.63
3043.13	7522.9
3041.98	7549.67
3040.83	7711.02
3039.68	7655.27
3038.52	7695.02
3037.37	7576.37
3036.22	7566.23
3035.07	7671.03
3033.91	7470.06
3032.76	7416.58
3031.61	7634.06
3030.45	7647.76
3029.3	7494.61
3028.14	7458.49
3026.99	7506.86
3025.84	7459.94
3024.68	7506.12
3023.53	7368.3
3022.37	7433.96
3021.22	7477.96
3020.06	7413.77
3018.9	7444.78
3017.75	7356.84
3016.59	7459.19
3015.44	7520.43
3014.28	7501.68
3013.12	7407.31
3011.96	7328.1
3010.81	7408.76
3009.65	7433.24
3008.49	7451.23
3007.33	7432.52
3006.18	7456.97
3005.02	7436.11
3003.86	7417.4
3002.7	7484.99
3001.54	7410.21
3000.38	7445.43
2999.22	7472.01
2998.06	7509.36
2996.9	7337.66
2995.74	7366.4
2994.58	7390.82
2993.42	7466.91
2992.26	7555.9
2991.1	7489.85
2989.94	7273.15
2988.77	7306.17
2987.61	7397.27
2986.45	7419.5
2985.29	7250.29
2984.12	7328.45
2982.96	7350.67
2981.8	7381.49
2980.64	7427.33
2979.47	7400.11
2978.31	7418
2977.14	7352.12
2975.98	7294.86
2974.82	7420.12
2973.65	7371.45
2972.49	7509.52
2971.32	7295.63
2970.16	7365.01
2968.99	7161.95
2967.82	7469.37
2966.66	7410.02
2965.49	7239.23
2964.33	7276.4
2963.16	7373.56
2961.99	7348.55
2960.83	7334.27
2959.66	7305
2958.49	7367.82
2957.32	7195.12
2956.15	7320
2954.99	7166.64
2953.82	7524.69
2952.65	7345.68
2951.48	7239.45
2950.31	7210.24
2949.14	7454.69
2947.97	7361.33
2946.8	7398.36
2945.63	7270.86
2944.46	7297.21
2943.29	7278.71
2942.12	7305.05
2940.95	7384.75
2939.78	7372.64
2938.61	7343.46
2937.44	7167.07
2936.26	7368.33
2935.09	7356.23
2933.92	7218.32
2932.75	7340.57
2931.57	7317.82
2930.4	7152.29
2929.23	7255.3
2928.05	7189.98
2926.88	7346.19
2925.71	7404.39
2924.53	7249.65
2923.36	7318.48
2922.18	7412.82
2921.01	7264.55
2919.83	7258.88
2918.66	7276.61
2917.48	7213.51
2916.31	7263.14
2915.13	7263.84
2913.95	7179.54
2912.78	7182.38
2911.6	7270.21
2910.42	7287.91
2909.25	7373.56
2908.07	7323.28
2906.89	7128.67
2905.71	7133.64
2904.54	7206.52
2903.36	7283.61
2902.18	7118.86
2901	7159.88
2899.82	7251.78
2898.64	7167.68
2897.46	7140.85
2896.28	7126.74
2895.1	7068.14
2893.92	7092.17
2892.74	7126.79
2891.56	7241.86
2890.38	7096.48
2889.2	7069.7
2888.02	7125.45
2886.84	7157.91
2885.65	7200.93
2884.47	7081.09
2883.29	7172.74
2882.11	7192.48
2880.92	7015.63
2879.74	7246.73
2878.56	7232.63
2877.38	7169.95
2876.19	7250.92
2875.01	7154.47
2873.82	7146.74
2872.64	7090.46
2871.45	7165.05
2870.27	7075.02
2869.08	7115.83
2867.9	7253.64
2866.71	6997.05
2865.53	7126.4
2864.34	7106.04
2863.16	7041.42
2861.97	7103.25
2860.78	7169.28
2859.6	7140.49
2858.41	7189.63
2857.22	7091.37
2856.03	7037.35
2854.85	7002.3
2853.66	7129.28
2852.47	7188.9
2851.28	6983.45
2850.09	7144.02
2848.9	7174.16
2847.71	7097.07
2846.52	6908.62
2845.34	7125.81
2844.15	6882.8
2842.96	7066.29
2841.76	6934.7
2840.57	7071.92
2839.38	7039.04
2838.19	7069.14
2837	7155.89
2835.81	7003.43
2834.62	7197.14
2833.43	7111.83
2832.23	7066.4
2831.04	7077.59
2829.85	6948.34
2828.65	6949.08
2827.46	6970.76
2826.27	7005
2825.07	6961.74
2823.88	7077.63
2822.69	6998.78
2821.49	6999.5
2820.3	6847.44
2819.1	6975.82
2817.91	7108.33
2816.71	6983.54
2815.52	6750.05
2814.32	6928.52
2813.13	7012.86
2811.93	6911.17
2810.73	7095.77
2809.54	6994.1
2808.34	6996.9
2807.14	7043.56
2805.94	6891.85
2804.75	6973.99
2803.55	6878.7
2802.35	6929.51
2801.15	6940.67
2799.95	7043.59
2798.75	6996.32
2797.56	7180.51
2796.36	6947.71
2795.16	6887.99
2793.96	6924.14
2792.76	6779.03
2791.56	7008.89
2790.36	6980.44
2789.16	6933.26
2787.95	6992.26
2786.75	7040.84
2785.55	6993.67
2784.35	7042.22
2783.15	6970.11
2781.95	7043.61
2780.74	6925.78
2779.54	6957.68
2778.34	6914.74
2777.13	6967.4
2775.93	6812.29
2774.73	7010.35
2773.52	7023.51
2772.32	6968.14
2771.12	7093.4
2769.91	7031.81
2768.71	6872.71
2767.5	6952.27
2766.3	6923.93
2765.09	6847.91
2763.89	6821.68
2762.68	7064.95
2761.47	6804.48
2760.27	6830.07
2759.06	6928.17
2757.85	6997.23
2756.65	6919.22
2755.44	6830.89
2754.23	6897.86
2753.02	6964.8
2751.81	6855.82
2750.61	6922.74
2749.4	6939.99
2748.19	6905.53
2746.98	6949.65
2745.77	6849.05
2744.56	6810.49
2743.35	6960
2742.14	6944.16
2740.93	7035.75
2739.72	6935.22
2738.51	6995.8
2737.3	6938.68
2736.09	6881.57
2734.88	6824.5
2733.66	6866.47
2732.45	6974.45
2731.24	6981.32
2730.03	6870.65
2728.82	7038.34
2727.6	6869.99
2726.39	6922.21
2725.18	6999.14
2723.96	6927.72
2722.75	6769.82
2721.53	6947.63
2720.32	6876.25
2719.11	6846.07
2717.89	6844.72
2716.68	6771.35
2715.46	7002.47
2714.25	7044.27
2713.03	6933.89
2711.81	6905.79
2710.6	6929.09
2709.38	6742.76
2708.16	6821.56
2706.95	6908.54
2705.73	6812.69
2704.51	6899.64
2703.29	6914.7
2702.08	6923.59
2700.86	6920.17
2699.64	6863.4
2698.42	6886.65
2697.2	7041.17
2695.98	6877.77
2694.76	6974.82
2693.54	6913.99
2692.32	6980.25
2691.1	6911.25
2689.88	6924.22
2688.66	7017.06
2687.44	6905.09
2686.22	6846.39
2685	6959.67
2683.78	6819.12
2682.56	6830.04
2681.33	6982.12
2680.11	6943.92
2678.89	7028.43
2677.67	6928.89
2676.44	6939.78
2675.22	6993.59
2674	6863.47
2672.77	6954.04
2671.55	6958.78
2670.33	7055.42
2669.1	6992.77
2667.88	6858.7
2666.65	6965.5
2665.43	6990.64
2664.2	6956.61
2662.97	6975.63
2661.75	7012.99
2660.52	7072.76
2659.3	6969.43
2658.07	6906.91
2656.84	6895.35
2655.62	6987.69
2654.39	7025
2653.16	7039.89
2651.93	7056.82
2650.7	6939.38
2649.48	6990.92
2648.25	7022.09
2647.02	6902.69
2645.79	7102.69
2644.56	7038.23
2643.33	6959.57
2642.1	6948.02
2640.87	7119.39
2639.64	7020.44
2638.41	6998.73
2637.18	6905.93
2635.95	6910.65
2634.72	7073.73
2633.48	7015.48
2632.25	6995.82
2631.02	7091.83
2629.79	7126.93
2628.56	6989.61
2627.32	6998.36
2626.09	7047.66
2624.86	7092.88
2623.62	7188.74
2622.39	6994.81
2621.16	6952.9
2619.92	7008.23
2618.69	7097.96
2617.45	7017.58
2616.22	7068.82
2614.98	7057.29
2613.75	7013.39
2612.51	6983.67
2611.27	7265.45
2610.04	7035.48
2608.8	7114.96
2607.57	7277.27
2606.33	7108.08
2605.09	7130.91
2603.85	7099.18
2602.62	7150.28
2601.38	7235.69
2600.14	7242.32
2598.9	6996.62
2597.66	7001.28
2596.42	7221.84
2595.18	7194.17
2593.94	7164.5
2592.71	7215.5
2591.47	7020.5
2590.23	7101.75
2588.98	7211.18
2587.74	7175.48
2586.5	7137.79
2585.26	7033.64
2584.02	7142.99
2582.78	7173.78
2581.54	7093.84
2580.29	7132.67
2579.05	7127.22
2577.81	7149.94
2576.57	7222.93
2575.32	7247.63
2574.08	7177.82
2572.84	7122.11
2571.59	7287.5
2570.35	7207.68
2569.1	7280.57
2567.86	7068.21
2566.61	7110.98
2565.37	7209.94
2564.12	7188.43
2562.88	7106.71
2561.63	7263.81
2560.39	7131.95
2559.14	7244.86
2557.89	7183.24
2556.65	7151.73
2555.4	7120.23
2554.15	7291.17
2552.9	7177.49
2551.66	7240.17
2550.41	7034.41
2549.16	7207.23
2547.91	7257.84
2546.66	7254.39
2545.41	7202.9
2544.16	7215.46
2542.91	7184.01
2541.66	7194.57
2540.41	7061.14
2539.16	7499.59
2537.91	7230.22
2536.66	7218.78
2535.41	7147.4
2534.16	7062.06
2532.91	7236.41
2531.66	7213
2530.4	7233.51
2529.15	7144.23
2527.9	7170.74
2526.65	7314.96
2525.39	7425.21
2524.14	7212.3
2522.89	7330.5
2521.63	7157.57
2520.38	7106.3
2519.12	7226.44
2517.87	7071.57
2516.61	7137.88
2515.36	7166.32
2514.1	7270.43
2512.85	7163.45
2511.59	7193.86
2510.33	7116.79
2509.08	7232.75
2507.82	7195.49
2506.56	7102.55
2505.31	7224.42
2504.05	7215.01
2502.79	7312.95
2501.53	7074.99
2500.28	7272.26
2499.02	7193.33
2497.76	7177.98
2496.5	7186.46
2495.24	7282.3
2493.98	7175.63
2492.72	7281.36
2491.46	7083.46
2490.2	7179.24
2488.94	7070.7
2487.68	7065.31
2486.42	7204.65
2485.16	7201.22
2483.9	7179.95
2482.63	7136.9
2481.37	7139.43
2480.11	7250.88
2478.85	7132.59
2477.59	7265.78
2476.32	7254.42
2475.06	7179.74
2473.8	7079.37
2472.53	7174.87
2471.27	7319.78
2470	6986.11
2468.74	7172.52
2467.47	7078.17
2466.21	7187.41
2464.94	7029.88
2463.68	7131.18
2462.41	7110
2461.15	7185.57
2459.88	7118.98
2458.61	7133.33
2457.35	7200.96
2456.08	7177.81
2454.81	7273.02
2453.54	7145.33
2452.28	7078.82
2451.01	7089.22
2449.74	7172.55
2448.47	7208.54
2447.2	7067.21
2445.93	7241.09
2444.66	7241.6
2443.39	7281.49
2442.12	7089.07
2440.85	7119.13
2439.58	7178.69
2438.31	7078.87
2437.04	7093.18
2435.77	7266.78
2434.5	7096.22
2433.23	7104.61
2431.96	7166.08
2430.68	7141.05
2429.41	7072.81
2428.14	7232.45
2426.87	7164.22
2425.59	7054.78
2424.32	6992.5
2423.04	7142.21
2421.77	7087.79
2420.5	6962.76
2419.22	7094.73
2417.95	7214.89
2416.67	7187.94
2415.4	7151.2
2414.12	7155.64
2412.85	7246.29
2411.57	7344.74
2410.29	7260.99
2409.02	7032.35
2407.74	7146.45
2406.46	7237.01
2405.18	7215.97
2403.91	7294.74
2402.63	7181.75
2401.35	7160.74
2400.07	7041.96
2398.79	7165.66
2397.52	7041.06
2396.24	7100.22
2394.96	7190.62
2393.68	7097.35
2392.4	7209.2
2391.12	7106.19
2389.84	7229.71
2388.56	7204.82
2387.27	7127.25
2385.99	6897.51
2384.71	7175.08
2383.43	6994.19
2382.15	7080.53
2380.87	7112.24
2379.58	7165.37
2378.3	7043.09
2377.02	7228.72
2375.73	7137.64
2374.45	7019.34
2373.17	7015.97
2371.88	6950.3
2370.6	7235.02
2369.31	7161.55
2368.03	7140.64
2366.74	7094.45
2365.46	6978.26
2364.17	6992.4
2362.89	7142.63
2361.6	7147.01
2360.31	7085.32
2359.03	7050.85
2357.74	7105.75
2356.45	7084.89
2355.17	7149.47
2353.88	7097.54
2352.59	7082.52
2351.3	7065.55
2350.01	7161.13
2348.72	7099.54
2347.43	7133.01
2346.15	7090.84
2344.86	7027.37
2343.57	7076.33
2342.28	7063.27
2340.99	7042.46
2339.69	7064.27
2338.4	7008.61
2337.11	7133.04
2335.82	7052.23
2334.53	7172.72
2333.24	7062.9
2331.95	7245.26
2330.65	7121.93
2329.36	6917.43
2328.07	7155.77
2326.77	7040.26
2325.48	7058.16
2324.19	7176.53
2322.89	7196.32
2321.6	7061.58
2320.3	7092.97
2319.01	7020.09
2317.71	6954.96
2316.42	7084.79
2315.12	7077.55
2313.83	7051.04
2312.53	7084.32
2311.23	7156.15
2309.94	7087.22
2308.64	7035.66
2307.34	7049.64
2306.05	7071.33
2304.75	7179.7
2303.45	7141.64
2302.15	7117.08
2300.85	7065.57
2299.55	7164.22
2298.25	7053.07
2296.96	7093.96
2295.66	7169.46
2294.36	7127.61
2293.06	7049.25
2291.76	7088.18
2290.45	7192.45
2289.15	6893.12
2287.85	7003.15
2286.55	7113.14
2285.25	7073.28
2283.95	6979.67
2282.65	7060.8
2281.34	7234.02
2280.04	7142.35
2278.74	7069.91
2277.43	7133.68
2276.13	7047.84
2274.83	7075.17
2273.52	7133.15
2272.22	7102.95
2270.91	7164.73
2269.61	7046.4
2268.3	7062.2
2267	7200.56
2265.69	7019.11
2264.39	7054.05
2263.08	7029.64
2261.77	6924.88
2260.47	7065.04
2259.16	7088.46
2257.85	7044.94
2256.54	7133.36
2255.24	7055.44
2253.93	7048.27
2252.62	7178.67
2251.31	7104.61
2250	7028.67
2248.69	7180
2247.38	7035.34
2246.07	6906.01
2244.76	7078.26
2243.45	6985.23
2242.14	7000.97
2240.83	7056.76
2239.52	7051.5
2238.21	7164.45
2236.9	7050.52
2235.59	7157.7
2234.27	7036.21
2232.96	7057.63
2231.65	7109.51
2230.34	7068.07
2229.02	6992.37
2227.71	6857.71
2226.4	7067.53
2225.08	7244.93
2223.77	6946.71
2222.45	7015.65
2221.14	7192.94
2219.82	7126.84
2218.51	7163.39
2217.19	7131.52
2215.88	7059.76
2214.56	7250.16
2213.24	7092.95
2211.93	6901.63
2210.61	7016.01
2209.29	7155.02
2207.97	7087.14
2206.66	7119.83
2205.34	7148.72
2204.02	7139.67
2202.7	6874.67
2201.38	7028.7
2200.06	7184.56
2198.74	7139.5
2197.42	7056.58
2196.1	7091.12
2194.78	7066.94
2193.46	7021.95
2192.14	7120.83
2190.82	6988.79
2189.5	6998.7
2188.18	7082.39
2186.86	7101.74
2185.54	7079.49
2184.21	7093.16
2182.89	7019.88
2181.57	7033.55
2180.24	7092.57
2178.92	7145.89
2177.6	6953.68
2176.27	6982.46
2174.95	7167.92
2173.62	6947.51
2172.3	6887.58
2170.97	6991.82
2169.65	6939.45
2168.32	7015.35
2167	7078.01
2165.67	7072.78
2164.34	6897.94
2163.02	7115.1
2161.69	6962.92
2160.36	7163.03
2159.04	7018.44
2157.71	6992.52
2156.38	6972.26
2155.05	7046.1
2153.72	7093.57
2152.39	7013.1
2151.06	7068.09
2149.74	6908.68
2148.41	7245.66
2147.08	7123.87
2145.75	7058.51
2144.41	7062.69
2143.08	7177.71
2141.75	6945.22
2140.42	7071.48
2139.09	7160.13
2137.76	7040.41
2136.43	6960.15
2135.09	7093.8
2133.76	7013.55
2132.43	6976.48
2131.09	7051.91
2129.76	6971.73
2128.43	7103.36
2127.09	7137.5
2125.76	6997.39
2124.42	7158.91
2123.09	7144.32
2121.75	6983.71
2120.42	7032.81
2119.08	6997.67
2117.75	7028.04
2116.41	7129.48
2115.07	7116.79
2113.74	6954.5
2112.4	7037.2
2111.06	7009.58
2109.72	7015.61
2108.38	7060.87
2107.05	6911.84
2105.71	7005.66
2104.37	7021.02
2103.03	7000.9
2101.69	7012.52
2100.35	7072.66
2099.01	6959.25
2097.67	7038.03
2096.33	7126.09
2094.99	7111.57
2093.65	7063.49
2092.31	6994.94
2090.97	7047.53
2089.62	7077.75
2088.28	7063.25
2086.94	7113.93
2085.6	7028.68
2084.25	7084.93
2082.91	7033.22
2081.57	7055.95
2080.22	7024.73
2078.88	6945.16
2077.53	6988.35
2076.19	6927.41
2074.84	7098.85
2073.5	6987.73
2072.15	7066.18
2070.81	7090.73
2069.46	7022.4
2068.12	7132.36
2066.77	7207
2065.42	7159.11
2064.08	7051.85
2062.73	7141.3
2061.38	6969.17
2060.03	7145.76
2058.68	7044.16
2057.34	7081.63
2055.99	7050.51
2054.64	7030.52
2053.29	7071.67
2051.94	7170.23
2050.59	7079.86
2049.24	7059.87
2047.89	7102.84
2046.54	7077.31
2045.19	7120.25
2043.83	7079.92
2042.48	6997.07
2041.13	7104.73
2039.78	7143.93
2038.43	6957.6
2037.07	7185.32
2035.72	7119.16
2034.37	7160.18
2033.01	7145.76
2031.66	7111.04
2030.31	7085.57
2028.95	7181.92
2027.6	7071.56
2026.24	7083
2024.89	7218.04
2023.53	7185.19
2022.17	7104.41
2020.82	7156.4
2019.46	7162.28
2018.11	7282.42
2016.75	7245.9
2015.39	7266.5
2014.03	7137.92
2012.68	7158.53
2011.32	7217.79
2009.96	7253.1
2008.6	7264.48
2007.24	7261.13
2005.88	7202.6
2004.52	7164.33
2003.16	7225.35
2001.8	7067.61
2000.44	7130.46
1999.08	7220.85
1997.72	7144.03
1996.36	7080.1
1995	7286.12
1993.64	7060.63
1992.27	7171.13
1990.91	7131.1
1989.55	7215.85
1988.19	7234.52
1986.82	7117.48
1985.46	7101.33
1984.1	7149.35
1982.73	7052.56
1981.37	7212.34
1980	7307.94
1978.64	7077.46
1977.27	7178.54
1975.91	7220.99
1974.54	7111.48
1973.18	7104.51
1971.81	7189.03
1970.44	7224.12
1969.08	7193.35
1967.71	7129.68
1966.34	7241.55
1964.97	7241.87
1963.61	7198.33
1962.24	7171.25
1960.87	7100.34
1959.5	7104.34
1958.13	7159.46
1956.76	7150.67
1955.39	7183.85
1954.02	7140.39
1952.65	7188.16
1951.28	7173.89
1949.91	7145.04
1948.54	7101.61
1947.17	7050.92
1945.8	7085.89
1944.42	7155.48
1943.05	7130.3
1941.68	6963.07
1940.31	7121.87
1938.93	7114.92
1937.56	7229.93
1936.19	7060.99
1934.81	7059.52
1933.44	7161.73
1932.06	7014.74
1930.69	7035.1
1929.31	7040.9
1927.94	7199.38
1926.56	7099.74
1925.18	7018.32
1923.81	7085.88
1922.43	7169.75
1921.05	6941.3
1919.68	7016.09
1918.3	7128.96
1916.92	7047.63
1915.54	6877.44
1914.17	7120.87
1912.79	7113.94
1911.41	7001.86
1910.03	6897.07
1908.65	6997.12
1907.27	7100.74
1905.89	7019.55
1904.51	6916.66
1903.13	6918.83
1901.75	6897.47
1900.37	6874.31
1898.99	6872.87
1897.6	6929.33
1896.22	6877.23
1894.84	6731.12
1893.46	6767.68
1892.07	6874.72
1890.69	6963.65
1889.31	6832.09
1887.92	6832.47
1886.54	6876.19
1885.15	6853.08
1883.77	6810.12
1882.38	6787.03
1881	6751.32
1879.61	6872.6
1878.23	6883.79
1876.84	6761.51
1875.46	6758.29
1874.07	6713.61
1872.68	6802.32
1871.29	6741.43
1869.91	6785.05
1868.52	6778.23
1867.13	6758.8
1865.74	6905.02
1864.35	6775.77
1862.96	6666.36
1861.57	6796.32
1860.19	6845.26
1858.8	6795.26
1857.4	6745.28
1856.01	6772.64
1854.62	6713.69
1853.23	6636.81
1851.84	6741.42
1850.45	6702.28
1849.06	6664.96
1847.67	6817.98
1846.27	6769.87
1844.88	6673.32
1843.49	6664.74
1842.09	6684.87
1840.7	6635.04
1839.31	6683.86
1837.91	6698.59
1836.52	6595.01
1835.12	6579.28
1833.73	6633.45
1832.33	6603.39
1830.93	6691.56
1829.54	6654.34
1828.14	6713.81
1826.75	6619.32
1825.35	6614.35
1823.95	6655.9
1822.55	6713.53
1821.16	6592.29
1819.76	6676.73
1818.36	6578.79
1816.96	6514.85
1815.56	6656.44
1814.16	6635.38
1812.76	6612.55
1811.36	6557.59
1809.96	6575.85
1808.56	6581.6
1807.16	6517.75
1805.76	6478.91
1804.36	6638.1
1802.96	6675.94
1801.56	6603.21
1800.15	6534.07
1798.75	6527.35
1797.35	6552.7
1795.94	6528.16
1794.54	6448.41
1793.14	6491.57
1791.73	6543.62
1790.33	6597.43
1788.92	6425.18
1787.52	6454.07
1786.11	6557.68
1784.71	6529.61
1783.3	6535.35
1781.9	6546.42
1780.49	6562.81
1779.08	6502.78
1777.68	6432.12
1776.27	6469.84
1774.86	6386.78
1773.45	6545.24
1772.05	6362.78
1770.64	6533.61
1769.23	6470.12
1767.82	6403.11
1766.41	6492.22
1765	6411.04
1763.59	6292.67
1762.18	6447.34
1760.77	6371.54
1759.36	6515.49
1757.95	6448.57
1756.54	6512.74
1755.12	6313.03
1753.71	6517.07
1752.3	6395.33
1750.89	6324.96
1749.47	6481.09
1748.06	6454.96
1746.65	6382.85
1745.23	6425.71
1743.82	6388.99
1742.4	6428.29
1740.99	6393.36
1739.58	6390.24
1738.16	6406.55
1736.74	6373.41
1735.33	6299.67
1733.91	6370.72
1732.5	6413.49
1731.08	6456.24
1729.66	6313.75
1728.24	6342.4
1726.83	6452.15
1725.41	6216.3
1723.99	6442.37
1722.57	6460.39
1721.15	6215.88
1719.73	6390.71
1718.31	6361.18
1716.89	6280.6
1715.47	6281.03
1714.05	6406.42
1712.63	6332.92
1711.21	6365.01
1709.79	6342.55
1708.37	6532.89
1706.95	6461.18
1705.52	6447.5
1704.1	6403.96
1702.68	6358.68
1701.26	6339.76
1699.83	6275.19
1698.41	6423.11
1696.98	6411.22
1695.56	6453.74
1694.14	6217.23
1692.71	6307.14
1691.28	6386.49
1689.86	6346.55
1688.43	6289.1
1687.01	6289.52
1685.58	6221.59
1684.15	6316.64
1682.73	6218.95
1681.3	6378.76
1679.87	6419.43
1678.44	6363.8
1677.02	6406.2
1675.59	6431.09
1674.16	6406.98
1672.73	6347.9
1671.3	6344.8
1669.87	6448.36
1668.44	6343.85
1667.01	6263.86
1665.58	6360.38
1664.15	6395.71
1662.72	6373.4
1661.28	6366.8
1659.85	6402.11
1658.42	6379.81
1656.99	6266.76
1655.55	6357.9
1654.12	6325.15
1652.69	6353.45
1651.25	6381.74
1649.82	6345.52
1648.39	6258.77
1646.95	6161.6
1645.52	6296.18
1644.08	6359.28
1642.64	6317.88
1641.21	6400.1
1639.77	6356.97
1638.34	6437.41
1636.9	6399.5
1635.46	6384.22
1634.02	6337.64
1632.59	6303.25
1631.15	6232.37
1629.71	6413.55
1628.27	6422.61
1626.83	6330.9
1625.39	6418.13
1623.95	6329.94
1622.51	6432.76
1621.07	6273.43
1619.63	6419.61
1618.19	6310.66
1616.75	6394.32
1615.31	6318.38
1613.87	6289.29
1612.43	6359.03
1610.98	6411.4
1609.54	6371.91
1608.1	6386.14
1606.66	6317.23
1605.21	6329.73
1603.77	6316.26
1602.32	6264.72
1600.88	6266.84
1599.43	6497.37
1597.99	6329.9
1596.54	6439.25
1595.1	6469
1593.65	6472.8
1592.21	6457.59
1590.76	6406.1
1589.31	6442.74
1587.86	6310.09
1586.42	6376.09
1584.97	6267.68
1583.52	6399.26
1582.07	6409.98
1580.62	6436.22
1579.17	6424.49
1577.72	6417.94
1576.28	6349.32
1574.83	6313.48
1573.37	6356.95
1571.92	6384.89
1570.47	6381.8
1569.02	6397.66
1567.57	6454.85
1566.12	6322.61
1564.67	6238.62
1563.21	6481.69
1561.76	6452.77
1560.31	6299.99
1558.85	6370.89
1557.4	6342.01
1555.95	6180.76
1554.49	6358.2
1553.04	6296.69
1551.58	6267.86
1550.13	6397.07
1548.67	6289.22
1547.21	6310.19
1545.76	6281.37
1544.3	6302.34
1542.84	6335.31
1541.39	6332.24
1539.93	6212.53
1538.47	6269.51
1537.01	6213.3
1535.56	6386.81
1534.1	6436.85
1532.64	6336.1
1531.18	6362.15
1529.72	6316.25
1528.26	6171.07
1526.8	6265.61
1525.34	6192.38
1523.88	6230.41
1522.42	6184.6
1520.95	6299.58
1519.49	6376.89
1518.03	6300.3
1516.57	6304.07
1515.1	6065.17
1513.64	6330.42
1512.18	6265.85
1510.71	6264.51
1509.25	6222.18
1507.79	6282.3
1506.32	6212.68
1504.86	6300.08
1503.39	6155.42
1501.92	6244.5
1500.46	6065.81
1498.99	6182.15
1497.53	6296.73
1496.06	6266.41
1494.59	6156.01
1493.12	6175.13
1491.66	6304.95
1490.19	6169.07
1488.72	6344.8
1487.25	6195.36
1485.78	6297.83
1484.31	6197.8
1482.84	6162.45
1481.37	6205.34
1479.9	6101.99
1478.43	6306.36
1476.96	6152.05
1475.49	6094.66
1474.02	6074.66
1472.54	6300.93
1471.07	6235.05
1469.6	6104.69
1468.13	6049.07
1466.65	6059.64
1465.18	6156.74
1463.71	6062.12
1462.23	6106.6
1460.76	6129.03
1459.28	6124.32
1457.81	6056.9
1456.33	6179.29
1454.86	6086.48
1453.38	6152.91
1451.9	6175.29
1450.43	6026.68
1448.95	6108.32
1447.47	6129
1445.99	6203.81
1444.52	6210.93
1443.04	6035.41
1441.56	6035.8
1440.08	6124.09
1438.6	6046.72
1437.12	6131.58
1435.64	6044.11
1434.16	6085.03
1432.68	6019.55
1431.2	6021.63
1429.72	5984.89
1428.24	6130.4
1426.75	6100.4
1425.27	5928.73
1423.79	6035.37
1422.31	5951.46
1420.82	5983.89
1419.34	6075.28
1417.86	6117.78
1416.37	5949.69
1414.89	6007.35
1413.4	6039.73
1411.92	5925.63
1410.43	5983.26
1408.95	5854.08
1407.46	5967.22
1405.97	5937.34
1404.49	5887.29
1403	5916.28
1401.51	5987.28
1400.03	6001.11
1398.54	6008.21
1397.05	5914.52
1395.56	6030.8
1394.07	6002.63
1392.58	6001.34
1391.09	5959.76
1389.6	5933.3
1388.11	5943.76
1386.62	5877.06
1385.13	5911
1383.64	5990.2
1382.15	5895.04
1380.66	5846.84
1379.17	5817.09
1377.67	5889.54
1376.18	5866.49
1374.69	5853.5
1373.19	5987.82
1371.7	5966.44
1370.21	5829.62
1368.71	5972.22
1367.22	5780.26
1365.72	5809.11
1364.23	5975.03
1362.73	5838.35
1361.23	5887.22
1359.74	5927.71
1358.24	5832.88
1356.74	5941.84
1355.25	5930.53
1353.75	5942.6
1352.25	5956.33
1350.75	5945.03
1349.25	5895.37
1347.76	5922.44
1346.26	5892.81
1344.76	5928.21
1343.26	5938.59
1341.76	5930.63
1340.26	5987.66
1338.75	6029.67
1337.25	5965.08
1335.75	5905.51
1334.25	6010.76
1332.75	5922.92
1331.25	5886.69
1329.74	5976.9
1328.24	5787.67
1326.74	5929.41
1325.23	5800.12
1323.73	5901.91
1322.22	5840.8
1320.72	5891.04
1319.21	5883.11
1317.71	5845.3
1316.2	5945.31
1314.7	5867.66
1313.19	5785.07
1311.68	5850.18
1310.18	5760.99
1308.67	5923.92
1307.16	5776.72
1305.65	5734.02
1304.14	5782.5
1302.63	5696.73
1301.13	5668.99
1299.62	5835.04
1298.11	5560.54
1296.6	5774.55
1295.09	5599.5
1293.58	5656.2
1292.06	5527.58
1290.55	5718.25
1289.04	5627.7
1287.53	5595.07
1286.02	5742.62
1284.5	5594.28
1282.99	5687.24
1281.48	5624.88
1279.96	5541.08
1278.45	5624.09
1276.94	5660.83
1275.42	5677.75
1273.91	5562.65
1272.39	5627.43
1270.87	5504.15
1269.36	5568.91
1267.84	5669.92
1266.33	5548.35
1264.81	5604.82
1263.29	5547.58
1261.77	5594.14
1260.26	5614.33
1258.74	5441.87
1257.22	5493.36
1255.7	5566.22
1254.18	5462.99
1252.66	5394.35
1251.14	5579.03
1249.62	5380.48
1248.1	5408.9
1246.58	5557.29
1245.06	5473.92
1243.54	5402.07
1242.01	5435.39
1240.49	5450.62
1238.97	5424.81
1237.45	5366.17
1235.92	5499.57
1234.4	5306.39
1232.88	5342.97
1231.35	5418.88
1229.83	5384.9
1228.3	5478.81
1226.78	5384.19
1225.25	5404.32
1223.72	5301.56
1222.2	5334.8
1220.67	5330.36
1219.14	5339.01
1217.62	5280.56
1216.09	5325.22
1214.56	5315.88
1213.03	5260.73
1211.5	5338.08
1209.98	5263.34
1208.45	5249.11
1206.92	5448.99
1205.39	5246.81
1203.86	5379.62
1202.33	5224.91
1200.79	5249.9
1199.26	5183.44
1197.73	5245.97
1196.2	5208.92
1194.67	5062.57
1193.13	5221.32
1191.6	5034.26
1190.07	5109.79
1188.53	5069.55
1187	5236.3
1185.47	5112.95
1183.93	5191.65
1182.4	5050.45
1180.86	5085.16
1179.33	5217.54
1177.79	5074.8
1176.25	5068.8
1174.72	4950.56
1173.18	5130.01
1171.64	5114.25
1170.1	5114.76
1168.57	5033.99
1167.03	5080.01
1165.49	4963.54
1163.95	4996.56
1162.41	5021.45
1160.87	5021.97
1159.33	4882.89
1157.79	4883.44
1156.25	4981.35
1154.71	4822.9
1153.17	4974.29
1151.63	4896.99
1150.08	4942.93
1148.54	4865.67
1147	4994.23
1145.46	4829.51
1143.91	4843.02
1142.37	4830.62
1140.82	4829.56
1139.28	4844.69
1137.73	4806.4
1136.19	4902.42
1134.64	4857.67
1133.1	4825.87
1131.55	4777.92
1130.01	4802.74
1128.46	4945.52
1126.91	4837.79
1125.36	4744.64
1123.82	4735.52
1122.27	4747.4
1120.72	4722.14
1119.17	4700.12
1117.62	4684.56
1116.07	4723.86
1114.52	4692.17
1112.97	4710.49
1111.42	4665.93
1109.87	4648.78
1108.32	4718.66
1106.77	4538.78
1105.22	4682.76
1103.66	4672.06
1102.11	4637.22
1100.56	4604
1099	4574.02
1097.45	4560.14
1095.9	4652.44
1094.34	4593.51
1092.79	4563.56
1091.23	4548.08
1089.68	4637.09
1088.12	4611.96
1086.56	4524.19
1085.01	4593.87
1083.45	4644.24
1081.89	4577.39
1080.34	4589.22
1078.78	4474.27
1077.22	4551.9
1075.66	4502.77
1074.1	4408.76
1072.54	4576.14
1070.98	4496.58
1069.43	4500.4
1067.86	4507.42
1066.3	4488.8
1064.74	4499.02
1063.18	4494.82
1061.62	4372.16
1060.06	4494.44
1058.5	4487.05
1056.93	4442.86
1055.37	4448.27
1053.81	4528.85
1052.24	4363.17
1050.68	4483.69
1049.12	4453.93
1047.55	4460.94
1045.99	4479.12
1044.42	4435.01
1042.85	4382.93
1041.29	4441.03
1039.72	4400.15
1038.16	4309.82
1036.59	4375.87
1035.02	4424.34
1033.45	4517.44
1031.88	4417.6
1030.32	4381.56
1028.75	4347.13
1027.18	4282.44
1025.61	4340.42
1024.04	4293.28
1022.47	4395.82
1020.9	4335.95
1019.33	4282.47
1017.76	4341.98
1016.18	4423.74
1014.61	4371.87
1013.04	4326.38
1011.47	4346.09
1009.89	4246.59
1008.32	4321.92
1006.75	4311.43
1005.17	4389.88
1003.6	4258.7
1002.02	4372.06
1000.45	4317.13
998.873	4233.66
997.297	4353.29
995.721	4269.85
994.145	4348.19
992.568	4264.78
990.991	4222.62
989.413	4229.61
987.835	4192.23
986.257	4375.05
984.678	4245.8
983.099	4267.02
981.52	4171.1
979.94	4225.56
978.36	4245.2
976.78	4324.93
975.199	4293.92
973.618	4302.45
972.037	4238.26
970.455	4398.53
968.873	4211.1
967.29	4333.39
965.707	4201.33
964.124	4230.4
962.541	4294.19
960.957	4279.03
959.373	4211.8
957.788	4220.33
956.203	4198.89
954.618	4273.65
953.032	4245.89
951.446	4273.32
949.86	4146.3
948.273	4206.82
946.686	4152.33
945.099	4223.85
943.511	4255.98
941.923	4261.33
940.334	4205.29
938.745	4176.04
937.156	4195.56
935.567	4172.6
933.977	4121.36
932.387	4158.17
930.796	4227.97
929.205	4121.75
927.614	4175.82
926.022	4157.61
924.43	4139.41
922.838	4282.92
921.245	4206.63
919.652	4183.72
918.058	4215.74
916.465	4210.09
914.87	4140.15
913.276	4147.07
911.681	4058.36
910.086	4195.37
908.49	4166.23
906.894	4119.87
905.298	4203.52
903.701	4154.05
902.104	4057.63
900.507	4081.76
898.909	4127.8
897.311	4178.5
895.713	4136.9
894.114	4082.81
892.515	4103.79
890.916	4121.63
889.316	4047.26
887.715	4135.41
886.115	4142.3
884.514	4066.42
882.913	4156.06
881.311	4187.91
879.709	4118.31
878.107	4103.35
876.504	4175.75
874.901	4112.43
873.298	4186.35
871.694	4079.42
870.09	4105
868.485	4161.73
866.88	4064.22
865.275	4089.79
863.669	4093.55
862.064	4044.37
860.457	4129.07
858.851	4025.45
857.244	4064.99
855.636	4182.29
854.028	4038.3
852.42	4085.59
850.812	4142.18
849.203	4159.9
847.594	4214.9
845.984	4108.33
844.375	4154
842.764	4137.55
841.154	4139.72
839.543	4219.49
837.931	4150.28
836.32	4160.21
834.708	4094.15
833.095	4155.25
831.482	4110.91
829.869	4179.73
828.256	4186.54
826.642	4204.19
825.028	4093.29
823.413	4146.57
821.798	4188.98
820.183	4073.51
818.567	4098.9
816.951	4190.8
815.335	4087.79
813.718	4125.53
812.101	4118.42
810.483	4182.41
808.865	4130.48
807.247	4220.7
805.629	4193.5
804.01	4161.67
802.39	4199.33
800.771	4138.19
799.151	4195.9
797.53	4204.22
795.91	4212.53
794.288	4166.86
792.667	4198.3
791.045	4151.12
789.423	4194.88
787.8	4126.14
786.177	4163.72
784.554	4141.23
782.93	4246.54
781.306	4284.07
779.682	4189.22
778.057	4171.36
776.432	4231.95
774.807	4098.73
773.181	4334.61
771.554	4256.77
769.928	4220.46
768.301	4261
766.674	4180.16
765.046	4274.44
763.418	4253.52
761.789	4300.15
760.161	4251.61
758.531	4335.05
756.902	4361.69
755.272	4372.98
753.642	4241.64
752.011	4248.36
750.38	4324.04
748.749	4255.64
747.117	4320.56
745.485	4409.96
743.852	4379.87
742.22	4388.07
740.586	4380.96
738.953	4303.45
737.319	4320.84
735.685	4517.2
734.05	4427.48
732.415	4460.12
730.779	4390.32
729.144	4447.41
727.507	4470.85
725.871	4411.8
724.234	4552.84
722.597	4382.32
720.959	4448.5
719.321	4578.76
717.683	4582.3
716.044	4593.47
714.405	4568.03
712.765	4506.01
711.126	4608.66
709.485	4635.05
707.845	4580.67
706.204	4573.54
704.563	4685.22
702.921	4688.73
701.279	4646.57
699.636	4741.41
697.993	4703.82
696.35	4622.12
694.707	4767.1
693.063	4636.76
691.419	4615.95
689.774	4797.31
688.129	4715.68
686.483	4693.34
684.838	4794.06
683.191	4756.53
681.545	4788.85
679.898	4816.61
678.251	4771.51
676.603	4712.77
674.955	4804.24
673.307	4898.7
671.658	4771.74
670.009	4767.63
668.359	4775.65
666.709	4760.93
665.059	4773.48
663.408	4820.87
661.757	4856.12
660.106	4736.94
658.454	4616.29
656.802	4633.41
655.15	4770.03
653.497	4684.25
651.844	4690.75
650.19	4617.12
648.536	4590.37
646.881	4560.62
645.227	4645.7
643.572	4514.75
641.916	4513.73
640.26	4583.66
638.604	4446.78
636.947	4454.82
635.29	4404.02
633.633	4421.13
631.975	4442.74
630.317	4450.78
628.659	4445.25
627	4281.48
625.34	4431.18
623.681	4425.66
622.021	4426.16
620.36	4307.71
618.7	4347.38
617.038	4396.05
615.377	4364.96
613.715	4279.73
612.053	4226.12
610.39	4346.95
608.727	4351.98
607.064	4245.78
605.4	4322.96
603.736	4333.99
602.071	4328.5
600.406	4247.93
598.741	4233.46
597.075	4343.56
595.409	4348.57
593.743	4284.58
592.076	4246.11
590.409	4330.61
588.741	4275.66
587.073	4292.67
585.405	4300.69
583.736	4358.14
582.067	4337.67
580.397	4222.88
578.728	4203.95
577.057	4291.31
575.387	4279.85
573.716	4238.48
572.044	4273.42
570.373	4253
568.7	4331.28
567.028	4165.87
565.355	4239.64
563.682	4189.37
562.008	4261.61
560.334	4268.1
558.66	4340.29
556.985	4327.36
555.31	4317.42
553.634	4319.42
551.958	4306.5
550.282	4278.67
548.605	4240.42
546.928	4223.06
545.25	4244.45
543.573	4346.29
541.894	4223.15
540.216	4217.72
538.537	4306.09
536.857	4263.43
535.178	4296.69
533.497	4326.95
531.817	4330.43
530.136	4192.61
528.455	4276.41
526.773	4166.91
525.091	4270
523.408	4228.91
521.725	4262.11
520.042	4289.35
518.359	4240.86
516.675	4321.54
514.99	4250.79
513.305	4273.56
511.62	4213.25
509.935	4231.57
508.249	4331.43
506.562	4263.73
504.876	4276.09
503.189	4193.61
501.501	4262.29
499.813	4339.81
498.125	4224.8
496.436	4188.3
494.747	4274.67
493.058	4251.5
491.368	4272.71
489.678	4261.38
487.987	4162.81
486.297	4237.26
484.605	4239.24
482.913	4230.88
481.221	4235.82
479.529	4221.56
477.836	4143.8
476.143	4331.84
474.449	4217.19
472.755	4192.61
471.061	4228.53
469.366	4205.44
467.67	4247.24
465.975	4294.92
464.279	4257.09
462.582	4362.22
460.886	4137.27
459.189	4180.51
457.491	4310.62
455.793	4262.52
454.095	4252.71
452.396	4241.43
450.697	4289.01
448.997	4261.55
447.298	4341.46
445.597	4227.25
443.897	4260.09
442.196	4272.34
440.494	4290.46
438.792	4227.78
437.09	4195.96
435.387	4214.09
433.684	4227.8
431.981	4146.11
430.277	4187.71
428.573	4246.89
426.868	4160.85
425.163	4195.09
423.458	4258.63
421.752	4247.39
420.046	4145.31
418.34	4182.44
416.633	4210.77
414.925	4259.59
413.218	4183.95
411.51	4221.04
409.801	4160.08
408.092	4226.42
406.383	4256.16
404.673	4179.14
402.963	4150.41
401.253	4156.76
399.542	4087.12
397.831	4246.88
396.119	4222.54
394.407	4218.65
392.694	4169.5
390.982	4202.11
389.268	4196.76
387.555	4201.63
385.841	4248.8
384.126	4269.69
382.411	4242.47
380.696	4123.43
378.981	4218.65
377.265	4273.04
375.548	4254.58
373.832	4215.74
372.114	4191.47
370.397	4119.19
368.679	4125.51
366.96	4134.75
365.242	4287.97
363.523	4188.1
361.803	4230.75
360.083	4160
358.363	4221.53
356.642	4178.43
354.921	4231.2
353.199	4227.32
351.477	4195.86
349.755	4331.33
348.032	4227.3
346.309	4130.57
344.586	4226.8
342.862	4362.14
341.137	4139.31
339.413	4207.93
337.688	4146.09
335.962	4179.91
334.236	4261.5
332.51	4296.72
330.783	4271.12
329.056	4233.94
327.328	4199.68
325.601	4269.61
323.872	4288.87
322.144	4224.25
320.414	4279.66
318.685	4361.06
316.955	4266.12
315.225	4292.58
313.494	4307.48
311.763	4251.61
310.031	4351.69
308.299	4340.58
306.567	4319.37
304.834	4295.29
303.101	4196.2
301.368	4288.97
299.634	4289.42
297.9	4262.48
296.165	4296.08
294.43	4303.73
292.694	4309.94
290.958	4356.46
289.222	4145.24
287.485	4243.61
285.748	4236.87
284.011	4290.56
282.273	4223.4
280.534	4228.17
278.795	4227.19
277.056	4269.33
275.317	4179.24
273.577	4251.55
271.836	4267.8
270.096	4322.82
268.355	4140.91
266.613	4246.17
264.871	4146.16
263.129	4142.33
261.386	4250.39
259.643	4196.34
257.899	4242.68
256.155	4122.72
254.411	4227.82
252.666	4116.51
250.921	4212.96
249.175	4117.46
247.429	4211
245.683	4118.41
243.936	4254.85
242.189	4060.7
240.441	4109.82
238.693	4110.3
236.944	4137.94
235.196	4254.19
233.446	4258.92
231.697	4223.64
229.947	4245.52
228.196	4230.25
226.445	4182.14
224.694	4271.11
222.942	4234.43
221.19	4256.28
219.437	4258.14
217.685	4207.23
215.931	4304.64
214.177	4233.79
212.423	4172.94
210.669	4365.75
208.914	4168.15
207.158	4335.24
205.403	4314.29
203.646	4344.61
201.89	4266.74
200.133	4336.89
