4501.29	3341.42
4500.4	3443.27
4499.52	3272.94
4498.64	3331.77
4497.75	3229.39
4496.87	3276.89
4495.98	3380.92
4495.1	3323.8
4494.22	3196.06
4493.33	3302.87
4492.45	3242.97
4491.56	3267.83
4490.68	3219.25
4489.79	3167.87
4488.9	3153.2
4488.02	3144.19
4487.13	3123.89
4486.25	3207.99
4485.36	3086.13
4484.47	3232.25
4483.59	3195.03
4482.7	3121.17
4481.81	3148.82
4480.93	3179.27
4480.04	3111.09
4479.15	3093.64
4478.26	3169.16
4477.38	3081.3
4476.49	3103.29
4475.6	3102.75
4474.71	3099.39
4473.83	3096.04
4472.94	3109.57
4472.05	3123.1
4471.16	3077.54
4470.27	3034.82
4469.38	3034.29
4468.49	3016.89
4467.6	3086.64
4466.71	3077.67
4465.82	3060.28
4464.93	3090.65
4464.04	3196.86
4463.15	3016.55
4462.26	3018.83
4461.37	2942.49
4460.48	3023.39
4459.59	2977.96
4458.7	2952.18
4457.81	3033.03
4456.92	3066.17
4456.03	2959.05
4455.14	2944.51
4454.24	2929.98
4453.35	2940.68
4452.46	3010.24
4451.57	3093.79
4450.68	2941.95
4449.78	2893.81
4448.89	2924.11
4448	2979.61
4447.11	2998.69
4446.21	3012.16
4445.32	3028.43
4444.43	2929.96
4443.53	2979.81
4442.64	2959.71
4441.75	2953.6
4440.85	2961.47
4439.96	3011.28
4439.06	3080.64
4438.17	3004.64
4437.27	3068.39
4436.38	2984.03
4435.48	2952.78
4434.59	2910.37
4433.69	3032.74
4432.8	3107.59
4431.9	2945.14
4431.01	3064.64
4430.11	3055.73
4429.22	3111
4428.32	3082.56
4427.42	3135.02
4426.53	3092.64
4425.63	2958.26
4424.73	3088.77
4423.84	3074.29
4422.94	3059.82
4422.04	3062.07
4421.14	3131.18
4420.25	3141.78
4419.35	3068.82
4418.45	3082.21
4417.55	3195.8
4416.65	3078.35
4415.76	3211.38
4414.86	3013.27
4413.96	3132.37
4413.06	3148.51
4412.16	3106.24
4411.26	3114.04
4410.36	3180.21
4409.46	3340.86
4408.56	3142.97
4407.66	3197.99
4406.76	3139.1
4405.86	3071.89
4404.96	3246.3
4404.06	3237.4
4403.16	3342.32
4402.26	3289
4401.36	3221.83
4400.46	3232.36
4399.56	3251.21
4398.66	3258.96
4397.76	3369.32
4396.85	3268.91
4395.95	3370.91
4395.05	3334.29
4394.15	3408.52
4393.25	3302.64
4392.34	3476.58
4391.44	3415.04
4390.54	3527.98
4389.64	3366.78
4388.73	3355.11
4387.83	3470.77
4386.93	3478.46
4386.02	3419.75
4385.12	3344.46
4384.21	3415.79
4383.31	3440.08
4382.41	3395.24
4381.5	3413.99
4380.6	3521.18
4379.69	3498.46
4378.79	3572.44
4377.88	3577.34
4376.98	3640.24
4376.07	3578.85
4375.17	3661.05
4374.26	3610.72
4373.36	3596.28
4372.45	3750.19
4371.54	3630.89
4370.64	3715.77
4369.73	3604.79
4368.82	3626.22
4367.92	3689
4367.01	3760.02
4366.1	3808.97
4365.2	3736.66
4364.29	3752.53
4363.38	3727.08
4362.47	3822.82
4361.57	3800.12
4360.66	3763.66
4359.75	3889.63
4358.84	3861.42
4357.93	3838.73
4357.02	3818.79
4356.11	3886.89
4355.21	3924.71
4354.3	3866.28
4353.39	3945.33
4352.48	3873.17
4351.57	3880.73
4350.66	3899.28
4349.75	3945.3
4348.84	3897.91
4347.93	3908.21
4347.02	3899.29
4346.11	3884.87
4345.2	3966.54
4344.29	4028.97
4343.37	4020.03
4342.46	3978.17
4341.55	4078.96
4340.64	4133.1
4339.73	4000.75
4338.82	4043.91
4337.9	4119.95
4336.99	4146.63
4336.08	4077.4
4335.17	4109.56
4334.26	4144.44
4333.34	4138.24
4332.43	4041.67
4331.52	4092.97
4330.6	4111.42
4329.69	3995.75
4328.78	4085.34
4327.86	4177.64
4326.95	4206.99
4326.03	4080.45
4325.12	4131.68
4324.21	4221.17
4323.29	4250.5
4322.38	4255.22
4321.46	4298.19
4320.55	4275.57
4319.63	4214.73
4318.72	4181.21
4317.8	4306.08
4316.88	4318.97
4315.97	4269.08
4315.05	4216.47
4314.14	4341.24
4313.22	4310.47
4312.3	4176.05
4311.39	4202.59
4310.47	4229.12
4309.55	4127.5
4308.63	4284.87
4307.72	4360.42
4306.8	4449.57
4305.88	4192.7
4304.96	4317.25
4304.05	4365.51
4303.13	4223.15
4302.21	4238.74
4301.29	4360.48
4300.37	4288.95
4299.45	4358.94
4298.54	4420.74
4297.62	4360.12
4296.7	4345.75
4295.78	4342.27
4294.86	4393.15
4293.94	4370.63
4293.02	4500.31
4292.1	4355.51
4291.18	4352.02
4290.26	4313.23
4289.34	4524.28
4288.42	4317.13
4287.5	4381.52
4286.57	4359.03
4285.65	4393.54
4284.73	4501.3
4283.81	4242.79
4282.89	4320.7
4281.97	4395.86
4281.04	4541.5
4280.12	4481.06
4279.2	4558.87
4278.28	4390.05
4277.35	4481.39
4276.43	4450.8
4275.51	4360.63
4274.59	4552.13
4273.66	4508
4272.74	4523.45
4271.81	4484.76
4270.89	4470.43
4269.97	4458.82
4269.04	4593.29
4268.12	4519.45
4267.19	4572.73
4266.27	4434.04
4265.34	4498.13
4264.42	4418.96
4263.49	4531.67
4262.57	4552.48
4261.64	4538.17
4260.72	4569.77
4259.79	4563.57
4258.87	4433.16
4257.94	4529.56
4257.01	4612.42
4256.09	4500.97
4255.16	4600
4254.23	4669.32
4253.31	4522.85
4252.38	4597.55
4251.45	4542.82
4250.52	4593.23
4249.6	4692.13
4248.67	4459.57
4247.74	4631.2
4246.81	4649.24
4245.88	4656.49
4244.96	4545.27
4244.03	4566
4243.1	4750.92
4242.17	4782.37
4241.24	4601.24
4240.31	4600.43
4239.38	4709.89
4238.45	4590.73
4237.52	4662.51
4236.59	4653.62
4235.66	4752.25
4234.73	4603.6
4233.8	4688.76
4232.87	4443.46
4231.94	4609.21
4231.01	4654.04
4230.08	4607.57
4229.15	4601.38
4228.22	4699.88
4227.28	4779.55
4226.35	4802.85
4225.42	4624.95
4224.49	4712.64
4223.56	4714.48
4222.62	4823.58
4221.69	4602.9
4220.76	4671.77
4219.83	4558.39
4218.89	4536.14
4217.96	4671.96
4217.03	4617.56
4216.09	4707.79
4215.16	4720.34
4214.23	4839.97
4213.29	4737.4
4212.36	4795.43
4211.42	4906.95
4210.49	4750.93
4209.55	4739.38
4208.62	4743.89
4207.68	4839.3
4206.75	4683.39
4205.81	4677.22
4204.88	4759.22
4203.94	4670.21
4203.01	4637.33
4202.07	4727.31
4201.13	4683.74
4200.2	4701.6
4199.26	4743.47
4198.32	4798.68
4197.39	4675.08
4196.45	4879.68
4195.51	4673.41
4194.58	4789.93
4193.64	4775.74
4192.7	4697.58
4191.76	4830.02
4190.82	4861.14
4189.89	4830.97
4188.95	4883.39
4188.01	4794.62
4187.07	4841.71
4186.13	4662.44
4185.19	4826.67
4184.25	4703.37
4183.31	4787.69
4182.37	4667.1
4181.43	4711.5
4180.49	4668.1
4179.55	4677.91
4178.61	4735.57
4177.67	4721.44
4176.73	4869.44
4175.79	4889.84
4174.85	4716.26
4173.91	4789.8
4172.97	4685.36
4172.03	4788.09
4171.09	4771.31
4170.14	4775.77
4169.2	4727.14
4168.26	4816.53
4167.32	4850.16
4166.38	4926.23
4165.43	4872.3
4164.49	4807.79
4163.55	4928.9
4162.6	4739.8
4161.66	4977.5
4160.72	4777.86
4159.77	4933.33
4158.83	4823.84
4157.89	4873.3
4156.94	4840.66
4156	4845.09
4155.05	4852.17
4154.11	4843.36
4153.16	4739.29
4152.22	4849.57
4151.27	4840.77
4150.33	4834.61
4149.38	4876.06
4148.44	4867.26
4147.49	4980.05
4146.55	4743.95
4145.6	4957.14
4144.65	4850.57
4143.71	5021.4
4142.76	4885.81
4141.81	4840.05
4140.87	4910.47
4139.92	4888.48
4138.97	4979.97
4138.03	4836.6
4137.08	4859.48
4136.13	4837.51
4135.18	4876.2
4134.23	4854.24
4133.29	4882.37
4132.34	4926.3
4131.39	4899.07
4130.44	4942.99
4129.49	4844.63
4128.54	4946.49
4127.59	5003.54
4126.64	4770.94
4125.69	4983.32
4124.74	5032.44
4123.79	4905.22
4122.84	4820.15
4121.89	4982.39
4120.94	5052.51
4119.99	4814.94
4119.04	4963.94
4118.09	4970.94
4117.14	4899.09
4116.19	4956.02
4115.24	5054.97
4114.28	4985.77
4113.33	4955.99
4112.38	5039.13
4111.43	4980.47
4110.48	4940.2
4109.52	5157.15
4108.57	5114.24
4107.62	4963.78
4106.66	5078.31
4105.71	4975.12
4104.76	4955.87
4103.8	4989.07
4102.85	5153.31
4101.9	5031.83
4100.94	5096.44
4099.99	4920
4099.03	4966.27
4098.08	5146.08
4097.12	5066.6
4096.17	5029.05
4095.21	4926.06
4094.26	4974.9
4093.3	5049.89
4092.35	5179.79
4091.39	4914.69
4090.44	4913.8
4089.48	5145.63
4088.52	5045.37
4087.57	5130.71
4086.61	4952.09
4085.65	5170.68
4084.7	5002.56
4083.74	5132.26
4082.78	4992.93
4081.82	5151.3
4080.87	5087.73
4079.91	5073.77
4078.95	4997.18
4077.99	5103.25
4077.03	4964.09
4076.08	5101.42
4075.12	5196.99
4074.16	5073.52
4073.2	5210.76
4072.24	5037.82
4071.28	5133.33
4070.32	5135.01
4069.36	5045.52
4068.4	5070.66
4067.44	4952.58
4066.48	5040.2
4065.52	5122.59
4064.56	5069.62
4063.6	5235.24
4062.64	5073.01
4061.68	5059.09
4060.72	5170.01
4059.75	5174.28
4058.79	5095.36
4057.83	5102.24
4056.87	5070.14
4055.91	4975.69
4054.94	5213.79
4053.98	5018.05
4053.02	5097.65
4052.06	5161.65
4051.09	5165.91
4050.13	5105.29
4049.17	5208.17
4048.2	5264.31
4047.24	4993.58
4046.27	5086.05
4045.31	5149.97
4044.35	5060.89
4043.38	5127.38
4042.42	5160.15
4041.45	5211.04
4040.49	5109.07
4039.52	5211.76
4038.56	5159.02
4037.59	5238.37
4036.63	5056.2
4035.66	5143.3
4034.69	5113.9
4033.73	5050.88
4032.76	5339.72
4031.8	5219.78
4030.83	5187.81
4029.86	5212.73
4028.89	5157.5
4027.93	5177.25
4026.96	5134.97
4025.99	5268.4
4025.02	5218.37
4024.06	5127.03
4023.09	5154.51
4022.12	5212.97
4021.15	5276.56
4020.18	5143.98
4019.21	5233.37
4018.25	5136.97
4017.28	5234.07
4016.31	5171.22
4015.34	5273.44
4014.37	5293.11
4013.4	5253.49
4012.43	5100.48
4011.46	5135.64
4010.49	5219.73
4009.52	5303.8
4008.55	5326.02
4007.58	5317.34
4006.6	5257.16
4005.63	5160.97
4004.66	5190.93
4003.69	5244.02
4002.72	5392.29
4001.75	5190.69
4000.77	5302.91
3999.8	5196.53
3998.83	5298.42
3997.86	5215.22
3996.88	5324.78
3995.91	5203.06
3994.94	5179
3993.96	5352.72
3992.99	5310.66
3992.02	5337.95
3991.04	5229.16
3990.07	5233.35
3989.1	5232.41
3988.12	5257.12
3987.15	5433.17
3986.17	5329.6
3985.2	5241.45
3984.22	5248.19
3983.25	5216.48
3982.27	5333.44
3981.3	5242.79
3980.32	5308.45
3979.34	5199.91
3978.37	5181.04
3977.39	5279.97
3976.41	5317.41
3975.44	5252.46
3974.46	5384.59
3973.48	5319.65
3972.51	5270.08
3971.53	5230.76
3970.55	5303.97
3969.57	5400.18
3968.6	5371.08
3967.62	5313.88
3966.64	5223.47
3965.66	5327.28
3964.68	5234.35
3963.7	5256.39
3962.73	5278.43
3961.75	5420.45
3960.77	5312.25
3959.79	5375.1
3958.81	5305.23
3957.83	5245.58
3956.85	5239.53
3955.87	5412.01
3954.89	5405.93
3953.91	5382.01
3952.93	5207.7
3951.94	5484.55
3950.96	5503.94
3949.98	5462.18
3949	5321.1
3948.02	5383.8
3947.04	5454.12
3946.06	5333.48
3945.07	5449.6
3944.09	5463.88
3943.11	5473.07
3942.13	5375.41
3941.14	5506.69
3940.16	5409.06
3939.18	5446.22
3938.19	5442.69
3937.21	5441.7
3936.23	5466.13
3935.24	5447.35
3934.26	5451.44
3933.27	5417.44
3932.29	5396.14
3931.3	5428.17
3930.32	5444.95
3929.33	5456.65
3928.35	5402.37
3927.36	5330.36
3926.38	5352.22
3925.39	5513.56
3924.41	5406.06
3923.42	5458.32
3922.43	5452.26
3921.45	5496.89
3920.46	5437.61
3919.47	5380.89
3918.49	5412.84
3917.5	5429.58
3916.51	5299.47
3915.52	5417.49
3914.54	5396.25
3913.55	5390.21
3912.56	5452.49
3911.57	5405.96
3910.58	5412.57
3909.6	5563.31
3908.61	5529.43
3907.62	5424.78
3906.63	5517.31
3905.64	5485.99
3904.65	5452.14
3903.66	5531.99
3902.67	5621.9
3901.68	5527.45
3900.69	5440.61
3899.7	5639.03
3898.71	5418.44
3897.72	5460.35
3896.73	5431.6
3895.74	5539.08
3894.74	5447.28
3893.75	5519.41
3892.76	5462.95
3891.77	5409.02
3890.78	5513.88
3889.79	5409.57
3888.79	5436.3
3887.8	5465.53
3886.81	5401.58
3885.81	5508.86
3884.82	5429.83
3883.83	5542.09
3882.83	5714.72
3881.84	5557.69
3880.85	5712.64
3879.85	5439.97
3878.86	5514.42
3877.86	5508.39
3876.87	5494.82
3875.88	5699.9
3874.88	5540.56
3873.89	5640.04
3872.89	5415.46
3871.89	5577.71
3870.9	5528.99
3869.9	5648.48
3868.91	5584.7
3867.91	5721.71
3866.91	5550.05
3865.92	5629.31
3864.92	5440.17
3863.92	5557.04
3862.93	5653.81
3861.93	5492.35
3860.93	5571.55
3859.93	5542.97
3858.94	5579.54
3857.94	5621.1
3856.94	5577.5
3855.94	5614.05
3854.94	5525.4
3853.94	5486.84
3852.95	5568.43
3851.95	5670
3850.95	5578.9
3849.95	5512.85
3848.95	5564.36
3847.95	5670.86
3846.95	5692.33
3845.95	5566.32
3844.95	5742.73
3843.95	5706.7
3842.95	5650.7
3841.95	5669.65
3840.94	5646.14
3839.94	5752.47
3838.94	5539.23
3837.94	5585.64
3836.94	5716.88
3835.94	5683.4
3834.93	5702.32
3833.93	5621.47
3832.93	5720.18
3831.93	5626.89
3830.92	5685.69
3829.92	5771.87
3828.92	5606.36
3827.91	5565.48
3826.91	5599.33
3825.91	5717.85
3824.9	5617.2
3823.9	5720.73
3822.89	5652.49
3821.89	5599.19
3820.88	5692.72
3819.88	5552.37
3818.87	5745.35
3817.87	5779.11
3816.86	5743.25
3815.86	5687.51
3814.85	5669.07
3813.84	5735.13
3812.84	5793.7
3811.83	5740.48
3810.83	5935.63
3809.82	5750.79
3808.81	5754.71
3807.8	5671.74
3806.8	5705.45
3805.79	5585.3
3804.78	5762.9
3803.77	5766.8
3802.77	5693.83
3801.76	5638.24
3800.75	5706.62
3799.74	5772.49
3798.73	5835.86
3797.72	5780.29
3796.71	5672.71
3795.7	5897.05
3794.69	5777.11
3793.68	5785.96
3792.67	5866.58
3791.66	5808.58
3790.65	5884.23
3789.64	5791.61
3788.63	5864.75
3787.62	5779.59
3786.61	5857.66
3785.6	5794.78
3784.59	5813.49
3783.58	5901.39
3782.56	5771.83
3781.55	5815.23
3780.54	5922.84
3779.53	5783.47
3778.52	5821.91
3777.5	5791.22
3776.49	5859.26
3775.48	5850.78
3774.46	5815.17
3773.45	5643.9
3772.44	5825.37
3771.42	5774.98
3770.41	5803.51
3769.39	5787.65
3768.38	5798.91
3767.36	5802.77
3766.35	5794.32
3765.34	5891.78
3764.32	5784.8
3763.3	5938.86
3762.29	5740.83
3761.27	5697.93
3760.26	5960.19
3759.24	5855.76
3758.23	5869.45
3757.21	5885.58
3756.19	5958.27
3755.18	5893.26
3754.16	5992.96
3753.14	5856.68
3752.12	5939.15
3751.11	6046.16
3750.09	5981.18
3749.07	5845.01
3748.05	5858.67
3747.03	5970.52
3746.02	5871.24
3745	5983.05
3743.98	6043.29
3742.96	6047.08
3741.94	5992.01
3740.92	6066.93
3739.9	6068.26
3738.88	5912.71
3737.86	5945.93
3736.84	6060.01
3735.82	5919.25
3734.8	5854.47
3733.78	5958.7
3732.76	5957.6
3731.74	5934.47
3730.71	6060.66
3729.69	5983.68
3728.67	6085.35
3727.65	5837.14
3726.63	5884.98
3725.61	6037.97
3724.58	6024.63
3723.56	6126.19
3722.54	6068.85
3721.51	5955.32
3720.49	5988.43
3719.47	6067.94
3718.44	6088.8
3717.42	6197.57
3716.4	6054.82
3715.37	6014.65
3714.35	5981.81
3713.32	6105.15
3712.3	6067.43
3711.27	6085.83
3710.25	6067.63
3709.22	6278.65
3708.2	6060.52
3707.17	6132.53
3706.15	6284.92
3705.12	6203.36
3704.09	6224.14
3703.07	6188.89
3702.04	6129.31
3701.01	6184.17
3699.99	6260.93
3698.96	6211.1
3697.93	6073.68
3696.9	6281.79
3695.88	6088.47
3694.85	6194.35
3693.82	6351.26
3692.79	6223.67
3691.76	6159.32
3690.74	6357.46
3689.71	6305.26
3688.68	6372.12
3687.65	6375.8
3686.62	6338.2
3685.59	6380.73
3684.56	6449.95
3683.53	6504.58
3682.5	6491.25
3681.47	6613.78
3680.44	6479.14
3679.41	6502.2
3678.38	6537.37
3677.34	6567.68
3676.31	6556.77
3675.28	6579.79
3674.25	6673.08
3673.22	6824.47
3672.19	6643.96
3671.15	6572.51
3670.12	6554.34
3669.09	6761.32
3668.06	6764.91
3667.02	6601.52
3665.99	6733.37
3664.96	6840.98
3663.92	6832.46
3662.89	6903.74
3661.85	6945.98
3660.82	6889.1
3659.79	6953.08
3658.75	7033.95
3657.72	7119.62
3656.68	7166.61
3655.65	7165.28
3654.61	7118.08
3653.57	7283.33
3652.54	7323.02
3651.5	7369.92
3650.47	7494.02
3649.43	7441.98
3648.39	7553.95
3647.36	7530.85
3646.32	7838.06
3645.28	8005.35
3644.25	7907.46
3643.21	8033.7
3642.17	8155.08
3641.13	7910.29
3640.09	8125.57
3639.06	8177.04
3638.02	8250.15
3636.98	8426.74
3635.94	8461.27
3634.9	8654.59
3633.86	8744.4
3632.82	8641.76
3631.78	8861.39
3630.74	8929.47
3629.7	8903.78
3628.66	9164.1
3627.62	9294.56
3626.58	9439.39
3625.54	9401.6
3624.5	9279.78
3623.46	9429.33
3622.42	9343.55
3621.38	9757.07
3620.33	9565.67
3619.29	9710.26
3618.25	9828.4
3617.21	9617.91
3616.17	9767.2
3615.12	9767.78
3614.08	9710.83
3613.04	9802.5
3611.99	9862.98
3610.95	9844.38
3609.91	9878.48
3608.86	9644.34
3607.82	9858.05
3606.77	9803.55
3605.73	9703.59
3604.69	9579.74
3603.64	9604.28
3602.6	9662.3
3601.55	9811.19
3600.5	9503.27
3599.46	9573.23
3598.41	9502.13
3597.37	9591.18
3596.32	9288.31
3595.27	9343.92
3594.23	9339.8
3593.18	9180.43
3592.13	9099.93
3591.09	9294
3590.04	9203.96
3588.99	9233.27
3587.94	9245.87
3586.9	9413.52
3585.85	8956.21
3584.8	8942.62
3583.75	9007.71
3582.7	9001.27
3581.65	9040.11
3580.6	8807.28
3579.56	8865.21
3578.51	8799.24
3577.46	8828.56
3576.41	8979.31
3575.36	8934.79
3574.31	8847.43
3573.26	8864.83
3572.2	8858.42
3571.15	8887.69
3570.1	8838.47
3569.05	8865.36
3568	8735.31
3566.95	8819.26
3565.9	8682.15
3564.84	8799.34
3563.79	8690.79
3562.74	8826.94
3561.69	8511.8
3560.63	8659.81
3559.58	8843.37
3558.53	8730.17
3557.47	8654.97
3556.42	8613.02
3555.37	8511.78
3554.31	8586.09
3553.26	8650.89
3552.2	8672.98
3551.15	8678.47
3550.09	8596.27
3549.04	8535.43
3547.98	8585.96
3546.93	8577.25
3545.87	8630.12
3544.82	8529.06
3543.76	8572.45
3542.71	8561.38
3541.65	8666.28
3540.59	8614.97
3539.54	8400.45
3538.48	8578.64
3537.42	8543.93
3536.36	8651.09
3535.31	8647.12
3534.25	8680.95
3533.19	8535.19
3532.13	8675.35
3531.07	8498.93
3530.02	8596.53
3528.96	8592.56
3527.9	8579.15
3526.84	8546.87
3525.78	8332.88
3524.72	8472.89
3523.66	8426.48
3522.6	8658.41
3521.54	8736.97
3520.48	8570.29
3519.42	8667.7
3518.36	8545.88
3517.3	8468.87
3516.24	8476.71
3515.17	8607.04
3514.11	8612.49
3513.05	8584.98
3511.99	8541
3510.93	8548.82
3509.87	8643.7
3508.8	8597.38
3507.74	8315.83
3506.68	8584.75
3505.61	8519.66
3504.55	8558.03
3503.49	8532.92
3502.42	8608.88
3501.36	8708.31
3500.3	8415.36
3499.23	8505.39
3498.17	8588.34
3497.1	8652.48
3496.04	8413.75
3494.97	8635.16
3493.91	8417.64
3492.84	8624.88
3491.77	8627.96
3490.71	8422.29
3489.64	8573.14
3488.58	8536.36
3487.51	8525.39
3486.44	8446.45
3485.38	8554.99
3484.31	8466.71
3483.24	8668.9
3482.17	8606.39
3481.11	8541.56
3480.04	8577.41
3478.97	8503.24
3477.9	8576.53
3476.83	8584.28
3475.77	8641.15
3474.7	8613.81
3473.63	8715.08
3472.56	8605.9
3471.49	8756.22
3470.42	8457.77
3469.35	8568.34
3468.28	8578.42
3467.21	8653.89
3466.14	8605.55
3465.07	8582.93
3464	8590.65
3462.92	8512.02
3461.85	8533.76
3460.78	8634.81
3459.71	8761.48
3458.64	8594.25
3457.57	8669.59
3456.49	8649.31
3455.42	8563.77
3454.35	8620.42
3453.28	8805.2
3452.2	8479.74
3451.13	8531.71
3450.06	8751.34
3448.98	8561.1
3447.91	8769
3446.83	8595.12
3445.76	8556.28
3444.68	8584.91
3443.61	8634.47
3442.53	8584.01
3441.46	8728.89
3440.38	8657.5
3439.31	8639.6
3438.23	8617.06
3437.16	8761.82
3436.08	8527.87
3435	8579.68
3433.93	8526.98
3432.85	8634.5
3431.77	8725.72
3430.7	8712.48
3429.62	8671.39
3428.54	8834.48
3427.46	8698.28
3426.39	8752.3
3425.31	8764.57
3424.23	8711.92
3423.15	8705.64
3422.07	8650.7
3420.99	8653.71
3419.91	8760.95
3418.83	8879.74
3417.75	8646.5
3416.68	8584.68
3415.6	8617.78
3414.51	8583.76
3413.43	8667.75
3412.35	8689.25
3411.27	8685.3
3410.19	8706.79
3409.11	8628.85
3408.03	8698.89
3406.95	8639.47
3405.87	8637.84
3404.78	8765.59
3403.7	8526.01
3402.62	8568.29
3401.54	8575.91
3400.45	8652.78
3399.37	8655.77
3398.29	8672.6
3397.2	8629.43
3396.12	8560.9
3395.04	8759.95
3393.95	8781.36
3392.87	8673.64
3391.78	8761.91
3390.7	8557.44
3389.61	8703.3
3388.53	8657.88
3387.44	8739.17
3386.36	8461.16
3385.27	8765.8
3384.19	8752.64
3383.1	8691.14
3382.01	8443.26
3380.93	8678.65
3379.84	8739.12
3378.75	8654.68
3377.67	8687.53
3376.58	8653.71
3375.49	8649.77
3374.4	8592.98
3373.31	8554.59
3372.23	8697.71
3371.14	8636.34
3370.05	8687.53
3368.96	8582.57
3367.87	8711.79
3366.78	8556.37
3365.69	8605.24
3364.6	8729.8
3363.51	8611.16
3362.42	8526.97
3361.33	8596.44
3360.24	8693.39
3359.15	8689.45
3358.06	8655.73
3356.97	8605.97
3355.88	8645.58
3354.79	8717.24
3353.69	8749.94
3352.6	8604.04
3351.51	8542.89
3350.42	8651.13
3349.33	8471.01
3348.23	8567.79
3347.14	8737.72
3346.05	8564.54
3344.95	8530.91
3343.86	8634.45
3342.77	8699.1
3341.67	8555.77
3340.58	8467.33
3339.48	8538.82
3338.39	8642.26
3337.29	8684.01
3336.2	8577.35
3335.1	8450.18
3334.01	8585.51
3332.91	8494.89
3331.82	8511.53
3330.72	8738.01
3329.62	8608.65
3328.53	8486.17
3327.43	8557.51
3326.33	8446.49
3325.24	8433.5
3324.14	8538.98
3323.04	8473.58
3321.94	8572.18
3320.85	8465.81
3319.75	8441.44
3318.65	8558.19
3317.55	8586.15
3316.45	8463.94
3315.35	8480.53
3314.25	8376.57
3313.16	8591.01
3312.06	8352.93
3310.96	8551.38
3309.86	8524.75
3308.76	8543.59
3307.66	8562.41
3306.55	8360.9
3305.45	8638.64
3304.35	8528.02
3303.25	8612.66
3302.15	8635.99
3301.05	8489.12
3299.95	8412.64
3298.84	8492.7
3297.74	8547.78
3296.64	8489.47
3295.54	8335.97
3294.43	8497.58
3293.33	8715.79
3292.23	8419.58
3291.12	8488.2
3290.02	8525.09
3288.92	8491.77
3287.81	8392.8
3286.71	8592.67
3285.6	8532.19
3284.5	8535.09
3283.39	8488.22
3282.29	8457.21
3281.18	8362.88
3280.08	8580.61
3278.97	8339.35
3277.86	8482.41
3276.76	8523.74
3275.65	8519.85
3274.54	8534.04
3273.44	8293.02
3272.33	8528.54
3271.22	8371.14
3270.12	8299.58
3269.01	8372.47
3267.9	8431.79
3266.79	8450.49
3265.68	8313.55
3264.57	8449.53
3263.47	8323.92
3262.36	8344.87
3261.25	8555.13
3260.14	8343.95
3259.03	8369.39
3257.92	8370.05
3256.81	8384.22
3255.7	8362.36
3254.59	8430.55
3253.48	8514.47
3252.37	8197.8
3251.25	8569.72
3250.14	8304.9
3249.03	8283.08
3247.92	8463.63
3246.81	8486.75
3245.69	8181.69
3244.58	8377.89
3243.47	8281.92
3242.36	8412.88
3241.24	8218.12
3240.13	8429.88
3239.02	8387.86
3237.9	8278.51
3236.79	8218.58
3235.68	8347.16
3234.56	8276.02
3233.45	8296.87
3232.33	8207.82
3231.22	8271.28
3230.1	8262.98
3228.99	8516.91
3227.87	8192.59
3226.75	8417.31
3225.64	8274.59
3224.52	8250.61
3223.41	8222.16
3222.29	8303.43
3221.17	8205.59
3220.05	8324.87
3218.94	8307.62
3217.82	8279.19
3216.7	8288.79
3215.58	8137.38
3214.47	8256.55
3213.35	8143.21
3212.23	8260.1
3211.11	8182.55
3209.99	8093.86
3208.87	8181.66
3207.75	8229.22
3206.63	8214.25
3205.51	8183.66
3204.39	8045.95
3203.27	8046.64
3202.15	8147.73
3201.03	8103.79
3199.91	8062.1
3198.79	8259
3197.67	8043.41
3196.55	8124.34
3195.42	8051.47
3194.3	8076.67
3193.18	8144.18
3192.06	8075.8
3190.93	8116.56
3189.81	8101.65
3188.69	8142.39
3187.56	8183.12
3186.44	7992.42
3185.32	8055.4
3184.19	7927.08
3183.07	7958.92
3181.94	7992.97
3180.82	7962.54
3179.7	8125.48
3178.57	8059.48
3177.44	8209.01
3176.32	8154.13
3175.19	7866.08
3174.07	7957.83
3172.94	8007.36
3171.82	8221.12
3170.69	7957.69
3169.56	8004.97
3168.43	7959.07
3167.31	7953.11
3166.18	7776.41
3165.05	7963.36
3163.92	7988.43
3162.8	7911.55
3161.67	7859.08
3160.54	7928.46
3159.41	8132.92
3158.28	7967.49
3157.15	7866.33
3156.02	8021.98
3154.89	7954.05
3153.76	7779.93
3152.63	7997.45
3151.5	7903.02
3150.37	7817.47
3149.24	7917.67
3148.11	7902.89
3146.98	7731.19
3145.85	7787.16
3144.72	7732.64
3143.59	7936.58
3142.45	7921.8
3141.32	7737.01
3140.19	7916.55
3139.06	7793.63
3137.92	8079.02
3136.79	7909.78
3135.66	7789.14
3134.52	7785.44
3133.39	7982.4
3132.26	7830.95
3131.12	7816.22
3129.99	7768.43
3128.85	7901.35
3127.72	7593.61
3126.58	7830.03
3125.45	7887.98
3124.31	7771.97
3123.18	7671.42
3122.04	7843.81
3120.9	7690.47
3119.77	7660.39
3118.63	7784.3
3117.49	7736.62
3116.36	7794.49
3115.22	7786.4
3114.08	7657.42
3112.95	7735.06
3111.81	7634.7
3110.67	7793.58
3109.53	7734.98
3108.39	7612.72
3107.25	7650.77
3106.11	7627.35
3104.98	7674.16
3103.84	7731.92
3102.7	7636.11
3101.56	7540.33
3100.42	7609.04
3099.28	7620.73
3098.14	7638.99
3096.99	7593.69
3095.85	7671.1
3094.71	7625.81
3093.57	7751.38
3092.43	7664.48
3091.29	7682.7
3090.15	7617.74
3089	7618.46
3087.86	7612.61
3086.72	7611.15
3085.57	7574.68
3084.43	7625.71
3083.29	7713.88
3082.14	7546.25
3081	7597.25
3079.86	7567.38
3078.71	7493.82
3077.57	7549.17
3076.42	7532.42
3075.28	7607.39
3074.13	7440.01
3072.99	7554.25
3071.84	7637.9
3070.7	7634.24
3069.55	7543.33
3068.4	7360.85
3067.26	7544.78
3066.11	7344.93
3064.96	7626.87
3063.82	7407.47
3062.67	7521.52
3061.52	7504.82
3060.37	7490.3
3059.23	7386.5
3058.08	7463.45
3056.93	7446.77
3055.78	7449.69
3054.63	7419.96
3053.48	7403.3
3052.33	7356.19
3051.18	7550.49
3050.03	7631.65
3048.88	7425.83
3047.73	7498.29
3046.58	7516.4
3045.43	7388.94
3044.28	7446.15
3043.13	7290.52
3041.98	7252.2
3040.83	7333.29
3039.68	7323.19
3038.52	7267.52
3037.37	7452.7
3036.22	7318.94
3035.07	7482.35
3033.91	7431.03
3032.76	7377.56
3031.61	7408.64
3030.45	7366.03
3029.3	7351.6
3028.14	7345.85
3026.99	7366.08
3025.84	7358.16
3024.68	7122.91
3023.53	7467.87
3022.37	7459.93
3021.22	7462.81
3020.06	7335.89
3018.9	7319.33
3017.75	7276.82
3016.59	7294.87
3015.44	7265.36
3014.28	7244.5
3013.12	7206.36
3011.96	7345.39
3010.81	7294.28
3009.65	7282.07
3008.49	7282.82
3007.33	7223.12
3006.18	7217.4
3005.02	7345.47
3003.86	7287.95
3002.7	7243.4
3001.54	7192.39
3000.38	7244.9
2999.22	7334.04
2998.06	7121.39
2996.9	7275.16
2995.74	7316.84
2994.58	7203.41
2993.42	7337.69
2992.26	7192
2991.1	7186.29
2989.94	7189.2
2988.77	7112.49
2987.61	7012.13
2986.45	7167.8
2985.29	7172.86
2984.12	7261.79
2982.96	6993.78
2981.8	7183.73
2980.64	7266.15
2979.47	7155.15
2978.31	7125.84
2977.14	7291.98
2975.98	7224
2974.82	7078.74
2973.65	7124.59
2972.49	7198.32
2971.32	7201.21
2970.16	6927.35
2968.99	7112.62
2967.82	7194.87
2966.66	7019.8
2965.49	7072.02
2964.33	7085.65
2963.16	7116.41
2961.99	7228.58
2960.83	6910.15
2959.66	7133.68
2958.49	7005.96
2957.32	7122.34
2956.15	7093.13
2954.99	7098.16
2953.82	7135.29
2952.65	7082.57
2951.48	7006.33
2950.31	6996.41
2949.14	7119.05
2947.97	7115.52
2946.8	7120.55
2945.63	6901.23
2944.46	7075.05
2943.29	7131.34
2942.12	7001.83
2940.95	6940.68
2939.78	7105.82
2938.61	6961.45
2937.44	6915.29
2936.26	7048.34
2935.09	7044.83
2933.92	6855.8
2932.75	7037.82
2931.57	7134.5
2930.4	6932.78
2929.23	6905.86
2928.05	7085.59
2926.88	6975.58
2925.71	6925.24
2924.53	7023.96
2923.36	6943.83
2922.18	7134.02
2921.01	6900.69
2919.83	7037.62
2918.66	6906.5
2917.48	6845.61
2916.31	6950.58
2915.13	6832.31
2913.95	6945.74
2912.78	6812.64
2911.6	6875.05
2910.42	6935.3
2909.25	6929.7
2908.07	6943.21
2906.89	7043.75
2905.71	6932.01
2904.54	6909.43
2903.36	6825.34
2902.18	6826.13
2901	6937.2
2899.82	6798.01
2898.64	6879.36
2897.46	6755.08
2896.28	6751.64
2895.1	6900.76
2893.92	6831.62
2892.74	6787.93
2891.56	6909.41
2890.38	6897.48
2889.2	6807.23
2888.02	6958.27
2886.84	6923.05
2885.65	6818.04
2884.47	6842.09
2883.29	6694.84
2882.11	6706.22
2880.92	6874.01
2879.74	6838.85
2878.56	6845.96
2877.38	6918.56
2876.19	6703.88
2875.01	6784.92
2873.82	6707.59
2872.64	6809.71
2871.45	6747.17
2870.27	6728.97
2869.08	6750.86
2867.9	6779.07
2866.71	6760.87
2865.53	6746.89
2864.34	6766.65
2863.16	6782.18
2861.97	6820.89
2860.78	6819.56
2859.6	6679.2
2858.41	6877.95
2857.22	6716.59
2856.03	6713.16
2854.85	6638.18
2853.66	6758.93
2852.47	6839.66
2851.28	6810.97
2850.09	6654.01
2848.9	6696.86
2847.71	6781.74
2846.52	6647.99
2845.34	6802.19
2844.15	6571.85
2842.96	6473.94
2841.76	6789.79
2840.57	6641.47
2839.38	6575.09
2838.19	6605.28
2837	6606.09
2835.81	6615.28
2834.62	6599.3
2833.43	6637.85
2832.23	6705.74
2831.04	6769.42
2829.85	6644.42
2828.65	6605.39
2827.46	6685.81
2826.27	6602.8
2825.07	6467.46
2823.88	6623.24
2822.69	6649.15
2821.49	6467.84
2820.3	6652.82
2819.1	6540.62
2817.91	6568.62
2816.71	6678.18
2815.52	6536.76
2814.32	6497.84
2813.13	6640.79
2811.93	6578.88
2810.73	6623.56
2809.54	6567.94
2808.34	6604.24
2807.14	6521.5
2805.94	6436.71
2804.75	6458.4
2803.55	6574
2802.35	6656.17
2801.15	6535.95
2799.95	6495.04
2798.75	6349.87
2797.56	6367.38
2796.36	6453.68
2795.16	6512.85
2793.96	6488.65
2792.76	6414.45
2791.56	6469.43
2790.36	6545.2
2789.16	6562.65
2787.95	6421.89
2786.75	6566.31
2785.55	6440.17
2784.35	6407.69
2783.15	6379.39
2781.95	6552.82
2780.74	6383.11
2779.54	6383.94
2778.34	6469.97
2777.13	6308.69
2775.93	6328.22
2774.73	6422.52
2773.52	6331.96
2772.32	6509.27
2771.12	6420.8
2769.91	6382.18
2768.71	6349.79
2767.5	6404.55
2766.3	6359.73
2765.09	6339.81
2763.89	6290.87
2762.68	6302.07
2761.47	6300.82
2760.27	6463.29
2759.06	6242.4
2757.85	6460.74
2756.65	6366.27
2755.44	6418.84
2754.23	6210.56
2753.02	6283.84
2751.81	6292.95
2750.61	6328.95
2749.4	6424.92
2748.19	6256.13
2746.98	6163.92
2745.77	6338.42
2744.56	6347.5
2743.35	6311.12
2742.14	6175.57
2740.93	6347.87
2739.72	6144.22
2738.51	6279.29
2737.3	6358.56
2736.09	6237.59
2734.88	6213.65
2733.66	6294.96
2732.45	6139
2731.24	6162.53
2730.03	6221.11
2728.82	6329.15
2727.6	6327.9
2726.39	6170.02
2725.18	6111.11
2723.96	6235.56
2722.75	6219.91
2721.53	6315.46
2720.32	6223.63
2719.11	6183.29
2717.89	6182.06
2716.68	6057.39
2715.46	6218.7
2714.25	6205.13
2713.03	6236.8
2711.81	6212.95
2710.6	6150.06
2709.38	6183.77
2708.16	6151.73
2706.95	6109.42
2705.73	6097.95
2704.51	6074.15
2703.29	6247.46
2702.08	6149.74
2700.86	6070.54
2699.64	6048.82
2698.42	6252.76
2697.2	6175.63
2695.98	6119.04
2694.76	6072.73
2693.54	6128.92
2692.32	6103.11
2691.1	6118.29
2689.88	6119.13
2688.66	6062.61
2687.44	6055.26
2686.22	6123.67
2685	6153.16
2683.78	5973.89
2682.56	6036.14
2681.33	6061.53
2680.11	6164.64
2678.89	6112.3
2677.67	6168.33
2676.44	5938.17
2675.22	6004.43
2674	6142.18
2672.77	6110.32
2671.55	6080.51
2670.33	6093.6
2669.1	6004.59
2667.88	5968.7
2666.65	5943.02
2665.43	6025.5
2664.2	6038.59
2662.97	5976.2
2661.75	6001.52
2660.52	6063.53
2659.3	6117.36
2658.07	5857.32
2656.84	5956
2655.62	6011.86
2654.39	5874.19
2653.16	5982.99
2651.93	6008.27
2650.7	5925.65
2649.48	6058.8
2648.25	5892.77
2647.02	5891.6
2645.79	5861.95
2644.56	6013.31
2643.33	5808.79
2642.1	5980.42
2640.87	6011.75
2639.64	5904.89
2638.41	6078.43
2637.18	5800.98
2635.95	6021.18
2634.72	5900.19
2633.48	5799.55
2632.25	5863.34
2631.02	5975.8
2629.79	5893.46
2628.56	5904.46
2627.32	5868.81
2626.09	5835.2
2624.86	5878.63
2623.62	5877.46
2622.39	6034.34
2621.16	5944
2619.92	5963.07
2618.69	5832.28
2617.45	5806.82
2616.22	5795.54
2614.98	5802.48
2613.75	5815.49
2612.51	5889.18
2611.27	5807.1
2610.04	5876.72
2608.8	5784.57
2607.57	5848.1
2606.33	5826.72
2605.09	5811.41
2603.85	5870.86
2602.62	5825.26
2601.38	5852.37
2600.14	5697.75
2598.9	5730.93
2597.66	5901.34
2596.42	5882
2595.18	5761.79
2593.94	5716.27
2592.71	5842.18
2591.47	5772.46
2590.23	5702.77
2588.98	5667.37
2587.74	5783.11
2586.5	5850.45
2585.26	5655.91
2584.02	5795.75
2582.78	5625.47
2581.54	5737.07
2580.29	5762.09
2579.05	5618.07
2577.81	5729.61
2576.57	5760.65
2575.32	5616.71
2574.08	5734.22
2572.84	5618.49
2571.59	5663.59
2570.35	5742.83
2569.1	5673.38
2567.86	5605.96
2566.61	5622.91
2565.37	5663.95
2564.12	5546.39
2562.88	5639.61
2561.63	5574.27
2560.39	5531.03
2559.14	5668.32
2557.89	5546.86
2556.65	5631.96
2555.4	5570.7
2554.15	5627.71
2552.9	5708.73
2551.66	5581.38
2550.41	5646.36
2549.16	5601.17
2547.91	5628.08
2546.66	5610.94
2545.41	5609.81
2544.16	5652.71
2542.91	5435.52
2541.66	5506.44
2540.41	5527.33
2539.16	5452.25
2537.91	5545.1
2536.66	5512.02
2535.41	5578.85
2534.16	5509.81
2532.91	5434.8
2531.66	5573.5
2530.4	5474.55
2529.15	5533.34
2527.9	5554.18
2526.65	5654.83
2525.39	5685.61
2524.14	5494.99
2522.89	5382.21
2521.63	5582.5
2520.38	5469.76
2519.12	5552.36
2517.87	5543.28
2516.61	5436.58
2515.36	5487.28
2514.1	5518.04
2512.85	5518.92
2511.59	5593.45
2510.33	5433.12
2509.08	5465.85
2507.82	5424.97
2506.56	5497.47
2505.31	5373.07
2504.05	5499.24
2502.79	5502.11
2501.53	5377.79
2500.28	5392.6
2499.02	5363.71
2497.76	5438.1
2496.5	5466.8
2495.24	5535.18
2493.98	5389.17
2492.72	5517.08
2491.46	5385.02
2490.2	5306.57
2488.94	5482.02
2487.68	5292.54
2486.42	5438.18
2485.16	5326.09
2483.9	5404.29
2482.63	5365.55
2481.37	5402.11
2480.11	5381.22
2478.85	5310.83
2477.59	5428.55
2476.32	5284.94
2475.06	5483.75
2473.8	5320.41
2472.53	5329.23
2471.27	5347.93
2470	5323.13
2468.74	5363.57
2467.47	5232.04
2466.21	5199.36
2464.94	5387.99
2463.68	5380.98
2462.41	5385.82
2461.15	5250.46
2459.88	5227.69
2458.61	5325.33
2457.35	5340.04
2456.08	5226.5
2454.81	5268.85
2453.54	5259.9
2452.28	5341.65
2451.01	5200.6
2449.74	5386.8
2448.47	5259.6
2447.2	5240.8
2445.93	5265.36
2444.66	5154.01
2443.39	5267.17
2442.12	5283.82
2440.85	5272.92
2439.58	5232.5
2438.31	5239.31
2437.04	5208.75
2435.77	5156.56
2434.5	5151.59
2433.23	5185.94
2431.96	5208.47
2430.68	5193.67
2429.41	5259.42
2428.14	5179.79
2426.87	5245.51
2425.59	5181.62
2424.32	5227.69
2423.04	5120.65
2421.77	5129.42
2420.5	5110.73
2419.22	5182.27
2417.95	5102.78
2416.67	5189.98
2415.4	5188.93
2414.12	5213.36
2412.85	5155.48
2411.57	5136.81
2410.29	5210.2
2409.02	5148.44
2407.74	5053.42
2406.46	5248.15
2405.18	5053.33
2403.91	5167.76
2402.63	5145.19
2401.35	4989.63
2400.07	5115.73
2398.79	5157.71
2397.52	5094.12
2396.24	5055.95
2394.96	5140.9
2393.68	5126.19
2392.4	4961.08
2391.12	5112.4
2389.84	5181.65
2388.56	5145.46
2387.27	5039.04
2385.99	5114.11
2384.71	5052.6
2383.43	4936.5
2382.15	5107.11
2380.87	5098.27
2379.58	5091.39
2378.3	5096.21
2377.02	5106.86
2375.73	5064.92
2374.45	5019.1
2373.17	5090.13
2371.88	5061.84
2370.6	5076.39
2369.31	4964.43
2368.03	5072.38
2366.74	5022.72
2365.46	5091.72
2364.17	4993.46
2362.89	5140.2
2361.6	4962.28
2360.31	4947.67
2359.03	5067.13
2357.74	5089.41
2356.45	4977.68
2355.17	5046.57
2353.88	5031.96
2352.59	4994.06
2351.3	4948.41
2350.01	4992.03
2348.72	4946.4
2347.43	4982.25
2346.15	4847.44
2344.86	5013.18
2343.57	5017.97
2342.28	5047.96
2340.99	4878.38
2339.69	4898.7
2338.4	5064.25
2337.11	4857.98
2335.82	4944.11
2334.53	4892.78
2333.24	4988.54
2331.95	4807.6
2330.65	5009.72
2329.36	5047.38
2328.07	4928.41
2326.77	4888.75
2325.48	5003.72
2324.19	4960.19
2322.89	4837.47
2321.6	4894.43
2320.3	4837.43
2319.01	4940.71
2317.71	4876
2316.42	4950.28
2315.12	4993.65
2313.83	4861.45
2312.53	4891.32
2311.23	4905.75
2309.94	4792.93
2308.64	4913.4
2307.34	4725.46
2306.05	4936.44
2304.75	4939.29
2303.45	4801.54
2302.15	4796.71
2300.85	4857.34
2299.55	4925.64
2298.25	4843.81
2296.96	4817.82
2295.66	4814.91
2294.36	4808.16
2293.06	4891.79
2291.76	4771.59
2290.45	4905.17
2289.15	4852.28
2287.85	4776.36
2286.55	4802.28
2285.25	4793.62
2283.95	4806.08
2282.65	4770.55
2281.34	4819.48
2280.04	4812.74
2278.74	4717.75
2277.43	4751.31
2276.13	4781.03
2274.83	4797.31
2273.52	4828.92
2272.22	4741.69
2270.91	4844.19
2269.61	4709.1
2268.3	4725.38
2267	4624.83
2265.69	4761.74
2264.39	4689.94
2263.08	4748.31
2261.77	4755
2260.47	4740.63
2259.16	4795.13
2257.85	4717.66
2256.54	4710.96
2255.24	4650.74
2253.93	4707.13
2252.62	4646.93
2251.31	4726.22
2250	4688.96
2248.69	4632.62
2247.38	4667.95
2246.07	4764.35
2244.76	4727.11
2243.45	4749.04
2242.14	4727.09
2240.83	4668.9
2239.52	4774.73
2238.21	4708.94
2236.9	4601.23
2235.59	4623.16
2234.27	4540.29
2232.96	4722.23
2231.65	4610.8
2230.34	4752.67
2229.02	4616.53
2227.71	4760.24
2226.4	4627.96
2225.08	4625.11
2223.77	4673.62
2222.45	4606.1
2221.14	4650.79
2219.82	4668.85
2218.51	4629.88
2217.19	4613.73
2215.88	4622.28
2214.56	4602.34
2213.24	4578.61
2211.93	4642.23
2210.61	4698.22
2209.29	4672.59
2207.97	4635.58
2206.66	4691.54
2205.34	4574.88
2204.02	4554.98
2202.7	4599.55
2201.38	4555.01
2200.06	4557.86
2198.74	4551.24
2197.42	4565.46
2196.1	4562.63
2194.78	4610.93
2193.46	4661.1
2192.14	4423.54
2190.82	4592.95
2189.5	4537.14
2188.18	4405.69
2186.86	4603.37
2185.54	4526.79
2184.21	4584.46
2182.89	4583.52
2181.57	4610.93
2180.24	4592.98
2178.92	4571.25
2177.6	4591.09
2176.27	4559.94
2174.95	4509.92
2173.62	4497.67
2172.3	4523.16
2170.97	4629.77
2169.65	4521.3
2168.32	4556.2
2167	4455.34
2165.67	4559.99
2164.34	4572.24
2163.02	4529.85
2161.69	4553.41
2160.36	4467.71
2159.04	4540.23
2157.71	4418.81
2156.38	4577.9
2155.05	4550.61
2153.72	4389.74
2152.39	4433.98
2151.06	4508.3
2149.74	4413.35
2148.41	4525.25
2147.08	4531.84
2145.75	4530.9
2144.41	4496.15
2143.08	4303.62
2141.75	4396.64
2140.42	4491.5
2139.09	4422.99
2137.76	4341.37
2136.43	4456.82
2135.09	4339.58
2133.76	4530.02
2132.43	4401.56
2131.09	4366.9
2129.76	4420.36
2128.43	4333.24
2127.09	4339.84
2125.76	4329.58
2124.42	4456.06
2123.09	4282.85
2121.75	4383.07
2120.42	4445.81
2119.08	4388.75
2117.75	4468.3
2116.41	4357.01
2115.07	4371.07
2113.74	4469.28
2112.4	4479.58
2111.06	4373.98
2109.72	4369.34
2108.38	4267.54
2107.05	4440.39
2105.71	4383.44
2104.37	4393.74
2103.03	4379.76
2101.69	4395.66
2100.35	4269.72
2099.01	4453.55
2097.67	4404.13
2096.33	4229.78
2094.99	4303.49
2093.65	4356.66
2092.31	4322.21
2090.97	4362.31
2089.62	4324.15
2088.28	4289.73
2086.94	4316.78
2085.6	4243.27
2084.25	4285.21
2082.91	4275.02
2081.57	4396.94
2080.22	4377.43
2078.88	4313.29
2077.53	4412.81
2076.19	4276.18
2074.84	4329.2
2073.5	4333.88
2072.15	4247.51
2070.81	4211.34
2069.46	4242.04
2068.12	4274.59
2066.77	4240.29
2065.42	4282.1
2064.08	4307.2
2062.73	4261.77
2061.38	4294.28
2060.03	4258.16
2058.68	4259.13
2057.34	4223.02
2055.99	4285.17
2054.64	4249.07
2053.29	4200.02
2051.94	4260.28
2050.59	4151.98
2049.24	4149.27
2047.89	4342.78
2046.54	4280.81
2045.19	4242.91
2043.83	4275.33
2042.48	4230.06
2041.13	4255.07
2039.78	4355.87
2038.43	4247.76
2037.07	4148.93
2035.72	4330.99
2034.37	4241.43
2033.01	4205.45
2031.66	4195.35
2030.31	4216.63
2028.95	4202.84
2027.6	4189.05
2026.24	4239.84
2024.89	4194.69
2023.53	4186.44
2022.17	4237.2
2020.82	4162.58
2019.46	4025.33
2018.11	4166.38
2016.75	4281.58
2015.39	4253.07
2014.03	4091.97
2012.68	4111.37
2011.32	4167.58
2009.96	4308.43
2008.6	4108.81
2007.24	4118.99
2005.88	4132.85
2004.52	4231.29
2003.16	4167.9
2001.8	4229.54
2000.44	4133.09
1999.08	4091.81
1997.72	4107.49
1996.36	4091.95
1995	4173.73
1993.64	4176.53
1992.27	4195.85
1990.91	4222.51
1989.55	4115.22
1988.19	4046.49
1986.82	4095.16
1985.46	4173.16
1984.1	4128.29
1982.73	4054.12
1981.37	4084.43
1980	4122.05
1978.64	4123.02
1977.27	4098.36
1975.91	4005.96
1974.54	4036.25
1973.18	4097.63
1971.81	4054.69
1970.44	4052.02
1969.08	3965.21
1967.71	4063.13
1966.34	4022.07
1964.97	4121.76
1963.61	4159.28
1962.24	4019.55
1960.87	3954.78
1959.5	4067.19
1958.13	4060.86
1956.76	4047.24
1955.39	4097.5
1954.02	4040.08
1952.65	3896.93
1951.28	3916.18
1949.91	4030.25
1948.54	4082.29
1947.17	3944.72
1945.8	4107.92
1944.42	3948.54
1943.05	3996.91
1941.68	4101.71
1940.31	3984.31
1938.93	4034.46
1937.56	4091.86
1936.19	3978.18
1934.81	4010.1
1933.44	4045.64
1932.06	4064.8
1930.69	4060.32
1929.31	4030.38
1927.94	4031.36
1926.56	4046.87
1925.18	4004.24
1923.81	4025.2
1922.43	3977.14
1921.05	3958.16
1919.68	4049.91
1918.3	4041.8
1916.92	4099.02
1915.54	3994.76
1914.17	3939.51
1912.79	4022.1
1911.41	3932.43
1910.03	4034.92
1908.65	4003.27
1907.27	3928.15
1905.89	3929.14
1904.51	4065.96
1903.13	3911.2
1901.75	3948.4
1900.37	3938.52
1898.99	3943.13
1897.6	3926.02
1896.22	3950.52
1894.84	3842.99
1893.46	3869.31
1892.07	3855.85
1890.69	3996.01
1889.31	3928.32
1887.92	3838.97
1886.54	3942.93
1885.15	3887.93
1883.77	3901.56
1882.38	3857.42
1881	3959.48
1879.61	3991.13
1878.23	3900.09
1876.84	3823.53
1875.46	3911.08
1874.07	3816.52
1872.68	3880.6
1871.29	3829.33
1869.91	3778.08
1868.52	3874.56
1867.13	3933.18
1865.74	3928.75
1864.35	3877.52
1862.96	3961.3
1861.57	3843.51
1860.19	3826.51
1858.8	3874.27
1857.4	3859.07
1856.01	3894.22
1854.62	3848.47
1853.23	3827.89
1851.84	3834.27
1850.45	3802.93
1849.06	3787.76
1847.67	3883.93
1846.27	3832.85
1844.88	3742.3
1843.49	3859.95
1842.09	3751.49
1840.7	3772.23
1839.31	3827.03
1837.91	3745.55
1836.52	3818.26
1835.12	3735.01
1833.73	3863.24
1832.33	3921.55
1830.93	3820.42
1829.54	3812.45
1828.14	3824.19
1826.75	3866.34
1825.35	3861.95
1823.95	3803.88
1822.55	3785.19
1821.16	3757.57
1819.76	3737.11
1818.36	3875.77
1816.96	3744.48
1815.56	3784.79
1814.16	3769.7
1812.76	3784.98
1811.36	3702.04
1809.96	3772.68
1808.56	3902.19
1807.16	3829.98
1805.76	3907.69
1804.36	3740.96
1802.96	3736.6
1801.56	3671.62
1800.15	3708.29
1798.75	3793.06
1797.35	3917.01
1795.94	3814.63
1794.54	3829.86
1793.14	3722.19
1791.73	3698.26
1790.33	3717.06
1788.92	3778.57
1787.52	3672.79
1786.11	3728.95
1784.71	3724.6
1783.3	3823.4
1781.9	3673.25
1780.49	3752.47
1779.08	3714.35
1777.68	3777.54
1776.27	3625.74
1774.86	3738.64
1773.45	3673.93
1772.05	3710.44
1770.64	3608.48
1769.23	3655.63
1767.82	3699.22
1766.41	3701.98
1765	3740.22
1763.59	3702.19
1762.18	3676.59
1760.77	3661.64
1759.36	3692.76
1757.95	3695.53
1756.54	3753.19
1755.12	3683.34
1753.71	3787.02
1752.3	3658.77
1750.89	3712.86
1749.47	3666.07
1748.06	3672.37
1746.65	3680.44
1745.23	3616.01
1743.82	3668.28
1742.4	3748.81
1740.99	3613.71
1739.58	3579.38
1738.16	3608.65
1736.74	3696.19
1735.33	3684.81
1733.91	3675.21
1732.5	3702.67
1731.08	3652.48
1729.66	3706.4
1728.24	3705.61
1726.83	3593.73
1725.41	3719.91
1723.99	3653.91
1722.57	3681.33
1721.15	3620.64
1719.73	3648.06
1718.31	3701.88
1716.89	3660.6
1715.47	3714.4
1714.05	3674.89
1712.63	3691.71
1711.21	3650.47
1709.79	3570.54
1708.37	3580.34
1706.95	3588.37
1705.52	3638.58
1704.1	3679.99
1702.68	3635.29
1701.26	3678.43
1699.83	3693.46
1698.41	3604.88
1696.98	3623.43
1695.56	3684.09
1694.14	3597.32
1692.71	3573.75
1691.28	3622.11
1689.86	3656.41
1688.43	3692.46
1687.01	3649.6
1685.58	3606.77
1684.15	3628.78
1682.73	3608.74
1681.3	3546.67
1679.87	3601.96
1678.44	3546.92
1677.02	3609.18
1675.59	3601.41
1674.16	3663.63
1672.73	3743.32
1671.3	3625.35
1669.87	3580.87
1668.44	3580.11
1667.01	3568.86
1665.58	3606.54
1664.15	3680.9
1662.72	3664.4
1661.28	3565.83
1659.85	3528.41
1658.42	3497.98
1656.99	3556.57
1655.55	3561.05
1654.12	3504.48
1652.69	3566.51
1651.25	3672.12
1649.82	3519.67
1648.39	3646.16
1646.95	3539.09
1645.52	3500.01
1644.08	3593.32
1642.64	3568.17
1641.21	3619.65
1639.77	3618.88
1638.34	3518.91
1636.9	3497.28
1635.46	3553.94
1634.02	3567.1
1632.59	3526.34
1631.15	3504.73
1629.71	3580.46
1628.27	3471.96
1626.83	3599.79
1625.39	3564.28
1623.95	3523.58
1622.51	3628.74
1621.07	3537.7
1619.63	3464.05
1618.19	3463.32
1616.75	3488.6
1615.31	3463.57
1613.87	3572.08
1612.43	3505.44
1610.98	3499.49
1609.54	3554.2
1608.1	3522.25
1606.66	3441.82
1605.21	3512.09
1603.77	3525.2
1602.32	3425.77
1600.88	3473.5
1599.43	3410.47
1597.99	3473.75
1596.54	3557.76
1595.1	3441.14
1593.65	3459.42
1592.21	3474.24
1590.76	3473.5
1589.31	3484.85
1587.86	3456.47
1586.42	3485.09
1584.97	3574.13
1583.52	3418
1582.07	3489.76
1580.62	3409.64
1579.17	3462.39
1577.72	3401.29
1576.28	3428.15
1574.83	3361.9
1573.37	3430.13
1571.92	3407
1570.47	3464.85
1569.02	3415.87
1567.57	3404.81
1566.12	3371.37
1564.67	3360.32
1563.21	3344.11
1561.76	3451.8
1560.31	3457.94
1558.85	3440
1557.4	3440.99
1555.95	3350.85
1554.49	3451.55
1553.04	3421.59
1551.58	3348.7
1550.13	3250.07
1548.67	3307.76
1547.21	3454.72
1545.76	3378.45
1544.3	3408.62
1542.84	3298.07
1541.39	3398.58
1539.93	3435.59
1538.47	3361.11
1537.01	3351.82
1535.56	3289.39
1534.1	3341.82
1532.64	3346.24
1531.18	3343.81
1529.72	3413.31
1528.26	3306.42
1526.8	3283.45
1525.34	3298.15
1523.88	3299.16
1522.42	3339.51
1520.95	3290.9
1519.49	3293.62
1518.03	3255.3
1516.57	3326.39
1515.1	3318.84
1513.64	3277.12
1512.18	3284.96
1510.71	3277.42
1509.25	3240.86
1507.79	3334.06
1506.32	3294.09
1504.86	3274.61
1503.39	3236.37
1501.92	3285.14
1500.46	3185.53
1498.99	3253.04
1497.53	3289.85
1496.06	3335.15
1494.59	3254.36
1493.12	3320.09
1491.66	3222.3
1490.19	3310.15
1488.72	3285.61
1487.25	3264.48
1485.78	3275.69
1484.31	3137.18
1482.84	3279.38
1481.37	3222.56
1479.9	3281.37
1478.43	3219.47
1476.96	3227.28
1475.49	3206.19
1474.02	3191.91
1472.54	3165.75
1471.07	3188.84
1469.6	3240.78
1468.13	3272.33
1466.65	3232.6
1465.18	3233.6
1463.71	3214.25
1462.23	3210.16
1460.76	3195.91
1459.28	3196.92
1457.81	3133.52
1456.33	3222.65
1454.86	3213.49
1453.38	3250.05
1451.9	3242.58
1450.43	3277.43
1448.95	3183.64
1447.47	3128.8
1445.99	3175.5
1444.52	3316.89
1443.04	3201.19
1441.56	3154.85
1440.08	3149.1
1438.6	3145.04
1437.12	3184.91
1435.64	3158.88
1434.16	3136.25
1432.68	3182.85
1431.2	3195.67
1429.72	3139.28
1428.24	3221.29
1426.75	3156.48
1425.27	3138.94
1423.79	3099.47
1422.31	3085.32
1420.82	3035.77
1419.34	3139.6
1417.86	3152.4
1416.37	3042.23
1414.89	3108.93
1413.4	3084.69
1411.92	3109.27
1410.43	3074.94
1408.95	3070.91
1407.46	3134.18
1405.97	3125.09
1404.49	3178.23
1403	3125.42
1401.51	3081.04
1400.03	3085.42
1398.54	3109.95
1397.05	3174.79
1395.56	3130.44
1394.07	3124.73
1392.58	3135.8
1391.09	3116.66
1389.6	3137.8
1388.11	3103.57
1386.62	3101.22
1385.13	3115.64
1383.64	3101.56
1382.15	3055.63
1380.66	3078.43
1379.17	3143.11
1377.67	3093.85
1376.18	3046.29
1374.69	3017.16
1373.19	3080.12
1371.7	3114.6
1370.21	3140.7
1368.71	3071.43
1367.22	3033.97
1365.72	3106.89
1364.23	3136.31
1362.73	3083.81
1361.23	3024.66
1359.74	3029.01
1358.24	3020
1356.74	3092.83
1355.25	3127.22
1353.75	3108.18
1352.25	3034.08
1350.75	3045.1
1349.25	3091.15
1347.76	2985.4
1346.26	3018.11
1344.76	3045.79
1343.26	3068.46
1341.76	3017.81
1340.26	3020.49
1338.75	2973.19
1337.25	3105.77
1335.75	3005.2
1334.25	3016.2
1332.75	3028.86
1331.25	3016.55
1329.74	2956.01
1328.24	2991.96
1326.74	2923.14
1325.23	3070.46
1323.73	2996.66
1322.22	3024.26
1320.72	2923.92
1319.21	3027.93
1317.71	3015.64
1316.2	3016.65
1314.7	2959.56
1313.19	3018.66
1311.68	2940.02
1310.18	2950.99
1308.67	2968.59
1307.16	2959.66
1305.65	2914.26
1304.14	3046.21
1302.63	2931.22
1301.13	3008.44
1299.62	2997.85
1298.11	3076.68
1296.6	2885.62
1295.09	2999.2
1293.58	2983.66
1292.06	3001.21
1290.55	2957.55
1289.04	2933.75
1287.53	2995.94
1286.02	2967.19
1284.5	2943.4
1282.99	2860.15
1281.48	2933.86
1279.96	2976.16
1278.45	2993.68
1276.94	2912.13
1275.42	2956.06
1273.91	2937.27
1272.39	2971.27
1270.87	2970.62
1269.36	2978.22
1267.84	2921.52
1266.33	2858.24
1264.81	2888.93
1263.29	2997.05
1261.77	2915.68
1260.26	2954.57
1258.74	2861.71
1257.22	2928.58
1255.7	2954.28
1254.18	2968.44
1252.66	2939.83
1251.14	2847.08
1249.62	2867.84
1248.1	2959.28
1246.58	2864.94
1245.06	2780.51
1243.54	2931.05
1242.01	2918.91
1240.49	2931.41
1238.97	2868.38
1237.45	2852.98
1235.92	2867.13
1234.4	2751.65
1232.88	2824.87
1231.35	2837.37
1229.83	2843.31
1228.3	2842.69
1226.78	2956.8
1225.25	2848
1223.72	2871.95
1222.2	2838.56
1220.67	2898.53
1219.14	2819.31
1217.62	2890.72
1216.09	2927.73
1214.56	2850.19
1213.03	2821.76
1211.5	2824.41
1209.98	2856.49
1208.45	2901.64
1206.92	2778.43
1205.39	2785.99
1203.86	2795.18
1202.33	2820.7
1200.79	2839.68
1199.26	2853.75
1197.73	2879.24
1196.2	2841.08
1194.67	2825.77
1193.13	2771.33
1191.6	2788.66
1190.07	2786.42
1188.53	2745.05
1187	2711.86
1185.47	2774.81
1183.93	2774.2
1182.4	2798.02
1180.86	2709.48
1179.33	2801.68
1177.79	2802.69
1176.25	2776.04
1174.72	2726.63
1173.18	2708.14
1171.64	2738.44
1170.1	2728.09
1168.57	2714.49
1167.03	2666.76
1165.49	2718.17
1163.95	2761.43
1162.41	2700.74
1160.87	2680.66
1159.33	2792.08
1157.79	2749.27
1156.25	2771.38
1154.71	2653.97
1153.17	2750.7
1151.63	2665.78
1150.08	2731.66
1148.54	2667.85
1147	2659.16
1145.46	2697.46
1143.91	2670.95
1142.37	2725.42
1140.82	2668.16
1139.28	2693.47
1137.73	2696.12
1136.19	2684.2
1134.64	2703.02
1133.1	2589.22
1131.55	2708.3
1130.01	2717.4
1128.46	2665.09
1126.91	2640.26
1125.36	2618.68
1123.82	2608.41
1122.27	2656.28
1120.72	2615.34
1119.17	2605.08
1117.62	2644.85
1116.07	2649.11
1114.52	2675.94
1112.97	2712.44
1111.42	2636.07
1109.87	2532.33
1108.32	2641.36
1106.77	2685.89
1105.22	2606.36
1103.66	2621.9
1102.11	2622.93
1100.56	2660.99
1099	2620.16
1097.45	2671.08
1095.9	2536.96
1094.34	2685.98
1092.79	2643.58
1091.23	2607.63
1089.68	2592.59
1088.12	2648.26
1086.56	2599.48
1085.01	2627.82
1083.45	2681.84
1081.89	2629.87
1080.34	2621.27
1078.78	2636.74
1077.22	2612.09
1075.66	2579.43
1074.1	2628.58
1072.54	2597.53
1070.98	2619.4
1069.43	2636.45
1067.86	2672.72
1066.3	2603.25
1064.74	2612.28
1063.18	2659.74
1061.62	2539.09
1060.06	2674.58
1058.5	2621.18
1056.93	2641.4
1055.37	2602.42
1053.81	2600.25
1052.24	2590.08
1050.68	2613.49
1049.12	2625.69
1047.55	2597.95
1045.99	2600.57
1044.42	2620.76
1042.85	2564.3
1041.29	2616.41
1039.72	2619.02
1038.16	2564.19
1036.59	2597.12
1035.02	2599.74
1033.45	2624.68
1031.88	2617.72
1030.32	2604.39
1028.75	2541.67
1027.18	2558.63
1025.61	2558.06
1024.04	2575.01
1022.47	2537.82
1020.9	2577.06
1019.33	2525.56
1017.76	2560
1016.18	2562.62
1014.61	2506.39
1013.04	2564.66
1011.47	2522.77
1009.89	2493.6
1008.32	2539.13
1006.75	2565.57
1005.17	2525.29
1003.6	2505.68
1002.02	2570.21
1000.45	2504.57
998.873	2516.71
997.297	2512.98
995.721	2586.97
994.145	2503.93
992.568	2501.79
990.991	2539.28
989.413	2519.7
987.835	2520.73
986.257	2493.24
984.678	2468.93
983.099	2525.38
981.52	2490
979.94	2472.03
978.36	2507.88
976.78	2396.59
975.199	2519.42
973.618	2495.14
972.037	2504.07
970.455	2418.17
968.873	2469.77
967.29	2429.73
965.707	2514.48
964.124	2524.98
962.541	2428.11
960.957	2421.26
959.373	2466.48
957.788	2380.74
956.203	2478.01
954.618	2496.38
953.032	2502.13
951.446	2503.15
949.86	2526.23
948.273	2426.41
946.686	2495.18
945.099	2478.87
943.511	2420.07
941.923	2399.06
940.334	2420.56
938.745	2456.21
937.156	2471.4
935.567	2459.84
933.977	2363.37
932.387	2471.32
930.796	2458.2
929.205	2462.36
927.614	2414.68
926.022	2407.86
924.43	2449.73
922.838	2496.28
921.245	2404.68
919.652	2457.5
918.058	2425.58
916.465	2429.74
914.87	2459
913.276	2455.31
911.681	2412.44
910.086	2413.47
908.49	2483.44
906.894	2362.27
905.298	2410.29
903.701	2372.18
902.104	2457.75
900.507	2429.03
898.909	2423.79
897.311	2340.34
895.713	2432.09
894.114	2447.19
892.515	2409.12
890.916	2341.37
889.316	2436.17
887.715	2424.69
886.115	2474.13
884.514	2379.88
882.913	2385.6
881.311	2486.52
879.709	2432.91
878.107	2435.49
876.504	2380.35
874.901	2488.98
873.298	2412.03
871.694	2361.6
870.09	2471.73
868.485	2425.99
866.88	2389.62
865.275	2362.61
863.669	2478.86
862.064	2391.13
860.457	2417.05
858.851	2464.75
857.244	2445.53
855.636	2398.32
854.028	2452.21
852.42	2411.24
850.812	2438.68
849.203	2486.31
847.594	2464
845.984	2433.94
844.375	2464.45
842.764	2367.64
841.154	2444.72
839.543	2431.76
837.931	2401.73
836.32	2457.04
834.708	2465.79
833.095	2451.29
831.482	2458.49
829.869	2433.14
828.256	2491.47
826.642	2453.74
825.028	2453.19
823.413	2437.15
821.798	2435.06
820.183	2474.75
818.567	2512.88
816.951	2438.06
815.335	2435.97
813.718	2460.16
812.101	2541.55
810.483	2455.97
808.865	2518.77
807.247	2410.06
805.629	2514.55
804.01	2498.55
802.39	2453.21
800.771	2466.55
799.151	2391.93
797.53	2477.79
795.91	2444.84
794.288	2472.05
792.667	2425.24
791.045	2483.27
789.423	2436.48
787.8	2409.74
786.177	2497
784.554	2444.08
782.93	2405.04
781.306	2462.99
779.682	2396.26
778.057	2474.19
776.432	2370.57
774.807	2408.49
773.181	2384.88
771.554	2479.66
769.928	2445.29
768.301	2389.42
766.674	2379.66
765.046	2443.64
763.418	2443.09
761.789	2378.06
760.161	2389.8
758.531	2429.16
756.902	2410.2
755.272	2448.01
753.642	2427.52
752.011	2454.57
750.38	2394.24
748.749	2396.77
747.117	2434.53
745.485	2473.81
743.852	2358.39
742.22	2428.29
740.586	2392.54
738.953	2378.22
737.319	2423.59
735.685	2421.51
734.05	2413.32
732.415	2415.83
730.779	2410.7
729.144	2393.35
727.507	2405.03
725.871	2482.4
724.234	2436.02
722.597	2449.21
720.959	2439.5
719.321	2539.68
717.683	2375.84
716.044	2419.54
714.405	2484.58
712.765	2508.42
711.126	2443.82
709.485	2467.66
707.845	2429.01
706.204	2431.5
704.563	2467.51
702.921	2409.09
701.279	2469.44
699.636	2388.21
697.993	2425.72
696.35	2486.03
694.707	2448.96
693.063	2419.51
691.419	2418.96
689.774	2497.46
688.129	2430.03
686.483	2389.97
684.838	2444.12
683.191	2382.82
681.545	2395.94
679.898	2409.07
678.251	2446.46
676.603	2524.81
674.955	2411.98
673.307	2411.44
671.658	2474.57
670.009	2454.31
668.359	2488.61
666.709	2383.49
665.059	2443.55
663.408	2441.48
661.757	2378.85
660.106	2463.09
658.454	2392.91
656.802	2527.04
655.15	2384.26
653.497	2435.14
651.844	2342.35
650.19	2317.63
648.536	2398.72
646.881	2364.94
645.227	2388.57
643.572	2372.93
641.916	2363.33
640.26	2411.1
638.604	2368.29
636.947	2370.77
635.29	2358.17
633.633	2300.31
631.975	2325.43
630.317	2332.44
628.659	2380.15
627	2320.83
625.34	2326.33
623.681	2245.97
622.021	2295.16
620.36	2232.9
618.7	2265.51
617.038	2367.34
615.377	2341.22
613.715	2313.61
612.053	2404.83
610.39	2311.06
608.727	2318.05
607.064	2260.41
605.4	2356.06
603.736	2343.51
602.071	2285.9
600.406	2307.91
598.741	2283.36
597.075	2293.35
595.409	2336.35
593.743	2329.81
592.076	2224.29
590.409	2271.77
588.741	2242.77
587.073	2291.72
585.405	2283.71
583.736	2296.67
582.067	2335.09
580.397	2340.55
578.728	2352
577.057	2248.18
575.387	2309.03
573.716	2339.92
572.044	2287.03
570.373	2264.08
568.7	2263.57
567.028	2339.28
565.355	2289.43
563.682	2251.56
562.008	2285.4
560.334	2314.75
558.66	2296.31
556.985	2324.15
555.31	2317.65
553.634	2305.18
551.958	2265.87
550.282	2277.29
548.605	2254.4
546.928	2288.17
545.25	2304.05
543.573	2275.21
541.894	2289.59
540.216	2241.41
538.537	2272.16
536.857	2301.42
535.178	2233.92
533.497	2254.24
531.817	2342.98
530.136	2279.98
528.455	2288.39
526.773	2332.46
525.091	2314.09
523.408	2282.36
521.725	2238.76
520.042	2215.97
518.359	2301.59
516.675	2255.04
514.99	2232.26
513.305	2280.72
511.62	2278.71
509.935	2230.73
508.249	2230.22
506.562	2257.88
504.876	2269.22
503.189	2289.45
501.501	2225.22
499.813	2177.31
498.125	2247.89
496.436	2336.21
494.747	2220.22
493.058	2335.14
491.368	2265.07
489.678	2239.41
487.987	2249.25
486.297	2176.29
484.605	2177.27
482.913	2246.23
481.221	2232.41
479.529	2289.51
477.836	2250.59
476.143	2229.4
474.449	2225.94
472.755	2191.49
471.061	2238.2
469.366	2289.32
467.67	2204.73
465.975	2258.78
464.279	2199.3
462.582	2210.58
460.886	2249.86
459.189	2178.64
457.491	2234.1
455.793	2190.89
454.095	2166.83
452.396	2223.73
450.697	2217.34
448.997	2165.34
447.298	2207.5
445.597	2227.58
443.897	2205.01
442.196	2203.04
440.494	2226.04
438.792	2197.62
437.09	2166.27
435.387	2176.06
433.684	2177.02
431.981	2230.83
430.277	2290.47
428.573	2203.4
426.868	2223.42
425.163	2184.79
423.458	2282.51
421.752	2148.61
420.046	2199.4
418.34	2197.43
416.633	2174.96
414.925	2180.31
413.218	2157.85
411.51	2177.85
409.801	2249.05
408.092	2119.79
406.383	2126.62
404.673	2196.32
402.963	2182.65
401.253	2221.62
399.542	2205.03
397.831	2226.44
396.119	2228.85
394.407	2194.75
392.694	2170.88
390.982	2259.42
389.268	2228.25
387.555	2205.86
385.841	2233.06
384.126	2188.8
382.411	2185.38
380.696	2244.64
378.981	2185.83
377.265	2236.32
375.548	2253.28
373.832	2273.15
372.114	2188.19
370.397	2240.08
368.679	2239.56
366.96	2234.68
365.242	2254.53
363.523	2259.83
361.803	2284.02
360.083	2299.49
358.363	2266.98
356.642	2314.41
354.921	2245.6
353.199	2263.96
351.477	2333.13
349.755	2342.75
348.032	2227.57
346.309	2375.04
344.586	2236.69
342.862	2356.54
341.137	2322.65
339.413	2291.68
337.688	2302.74
335.962	2339.88
334.236	2300.23
332.51	2347.49
330.783	2306.4
329.056	2381.14
327.328	2328.49
325.601	2349.66
323.872	2373.7
322.144	2338.45
320.414	2372.61
318.685	2389.41
316.955	2394.63
315.225	2339.18
313.494	2353.08
311.763	2424.74
310.031	2337.55
308.299	2352.89
306.567	2395.64
304.834	2359.02
303.101	2459.44
301.368	2422.82
299.634	2394.87
297.9	2434.67
296.165	2412.49
294.43	2436.43
292.694	2391.21
290.958	2517.39
289.222	2384.34
287.485	2438.49
285.748	2479.66
284.011	2392.76
282.273	2442.55
280.534	2390.21
278.795	2391.09
277.056	2440.85
275.317	2427.35
273.577	2359.26
271.836	2472.19
270.096	2386.89
268.355	2429.41
266.613	2496.31
264.871	2421.11
263.129	2437.76
261.386	2511.79
259.643	2445.24
257.899	2486.25
256.155	2458.44
254.411	2476.5
252.666	2501.71
250.921	2466.75
249.175	2474.77
247.429	2445.56
245.683	2357.67
243.936	2388.61
242.189	2420.96
240.441	2454.73
238.693	2491.35
236.944	2473.61
235.196	2557.38
233.446	2542.49
231.697	2487.6
229.947	2568.45
228.196	2523.58
226.445	2564.4
224.694	2640.89
222.942	2574.63
221.19	2594
219.437	2564.87
217.685	2654.12
215.931	2600.75
214.177	2728.44
212.423	2646.57
210.669	2651.65
208.914	2689.5
207.158	2658.96
205.403	2758.02
203.646	2757.37
201.89	2711.19
200.133	2733.32
