4501.29	919.526
4500.4	922.355
4499.52	885.42
4498.64	899.408
4497.75	899.252
4496.87	901.923
4495.98	907.42
4495.1	895.956
4494.22	938.189
4493.33	875.867
4492.45	903.964
4491.56	884.036
4490.68	878.234
4489.79	883.728
4488.9	863.814
4488.02	821.327
4487.13	824.006
4486.25	863.363
4485.36	860.392
4484.47	817.935
4483.59	800.873
4482.7	865.582
4481.81	837.241
4480.93	882.192
4480.04	856.676
4479.15	879.067
4478.26	895.816
4477.38	785.815
4476.49	867.344
4475.6	813.697
4474.71	807.925
4473.83	788.083
4472.94	855.483
4472.05	849.707
4471.16	852.372
4470.27	795.971
4469.38	798.645
4468.49	840.68
4467.6	750.577
4466.71	815.092
4465.82	837.431
4464.93	814.808
4464.04	825.902
4463.15	836.993
4462.26	758.217
4461.37	803.009
4460.48	847.784
4459.59	816.762
4458.7	825.039
4457.81	810.866
4456.92	833.167
4456.03	821.803
4455.14	827.268
4454.24	785.066
4453.35	843.799
4452.46	812.821
4451.57	823.888
4450.68	792.924
4449.78	781.581
4448.89	798.249
4448	795.31
4447.11	839.969
4446.21	797.832
4445.32	839.676
4444.43	833.933
4443.53	752.647
4442.64	816.857
4441.75	811.12
4440.85	799.793
4439.96	777.285
4439.06	841.446
4438.17	818.939
4437.27	765.7
4436.38	773.948
4435.48	787.781
4434.59	835.125
4433.69	832.187
4432.8	840.418
4431.9	868.187
4431.01	826.169
4430.11	856.721
4429.22	831.46
4428.32	778.312
4427.42	800.489
4426.53	808.715
4425.63	783.48
4424.73	839.097
4423.84	864.035
4422.94	836.017
4422.04	849.802
4421.14	810.653
4420.25	824.437
4419.35	829.863
4418.45	785.169
4417.55	840.708
4416.65	865.611
4415.76	859.894
4414.86	806.879
4413.96	851.247
4413.06	853.88
4412.16	881.539
4411.26	892.506
4410.36	892.35
4409.46	881.076
4408.56	889.259
4407.66	822.42
4406.76	897.281
4405.86	913.789
4404.96	874.751
4404.06	835.727
4403.16	929.966
4402.26	874.292
4401.36	907.439
4400.46	860.113
4399.56	926.54
4398.66	859.812
4397.76	873.527
4396.85	912.19
4395.95	925.891
4395.05	922.957
4394.15	931.109
4393.25	925.405
4392.34	875.379
4391.44	977.705
4390.54	919.38
4389.64	916.45
4388.73	949.508
4387.83	885.683
4386.93	913.201
4386.02	937.942
4385.12	951.609
4384.21	984.632
4383.31	973.398
4382.41	978.757
4381.5	981.35
4380.6	912.08
4379.69	917.447
4378.79	925.575
4377.88	964.087
4376.98	980.489
4376.07	1010.69
4375.17	935.97
4374.26	993.776
4373.36	963.241
4372.45	985.148
4371.54	976.698
4370.64	1039.97
4369.73	990.146
4368.82	1050.64
4367.92	907.085
4367.01	1000.65
4366.1	978.426
4365.2	1025.1
4364.29	1008.39
4363.38	1038.51
4362.47	974.985
4361.57	1038.15
4360.66	1026.95
4359.75	1043.29
4358.84	1032.1
4357.93	1078.7
4357.02	1078.51
4356.11	1045.31
4355.21	1072.63
4354.3	1006.44
4353.39	1121.74
4352.48	1058.32
4351.57	1091.11
4350.66	1030.47
4349.75	1098.97
4348.84	1024.61
4347.93	1112.32
4347.02	1043.47
4346.11	1175.07
4345.2	1125.45
4344.29	1144.47
4343.37	1081.15
4342.46	1113.89
4341.55	1091.75
4340.64	1118.98
4339.73	1127.01
4338.82	1115.84
4337.9	1123.87
4336.99	1129.16
4336.08	1074.15
4335.17	1084.92
4334.26	1117.6
4333.34	1142.05
4332.43	1103.52
4331.52	1136.18
4330.6	1111.34
4329.69	1070.09
4328.78	1110.95
4327.86	1198.3
4326.95	1096.88
4326.03	1173.27
4325.12	1118.37
4324.21	1142.78
4323.29	1205.45
4322.38	1238.03
4321.46	1199.56
4320.55	1133.78
4319.63	1160.89
4318.72	1089.68
4317.8	1190.52
4316.88	1149.36
4315.97	1195.56
4315.05	1086.18
4314.14	1189.68
4313.22	1203.11
4312.3	1153.8
4311.39	1199.96
4310.47	1188.84
4309.55	1153.19
4308.63	1199.33
4307.72	1130.98
4306.8	1204.35
4305.88	1187.79
4304.96	1122.21
4304.05	1181.93
4303.13	1217.12
4302.21	1263.18
4301.29	1211.24
4300.37	1172.93
4299.45	1082.93
4298.54	1207.88
4297.62	1207.67
4296.7	1161.22
4295.78	1199.09
4294.86	1193.44
4293.94	1182.35
4293.02	1222.91
4292.1	1209.11
4291.18	1246.93
4290.26	1241.27
4289.34	1197.6
4288.42	1137.66
4287.5	1259.62
4286.57	1207.83
4285.65	1223.9
4284.73	1239.96
4283.81	1242.45
4282.89	1196.12
4281.97	1252.86
4281.04	1258.06
4280.12	1222.6
4279.2	1244.07
4278.28	1186.94
4277.35	1230.08
4276.43	1172.97
4275.51	1205.27
4274.59	1275.46
4273.66	1210.26
4272.74	1288.55
4271.81	1245.01
4270.89	1250.21
4269.97	1179.64
4269.04	1247.06
4268.12	1246.84
4267.19	1214.17
4266.27	1186.92
4265.34	1216.44
4264.42	1245.96
4263.49	1248.44
4262.57	1213.09
4261.64	1229.09
4260.72	1215.37
4259.79	1255.66
4258.87	1304.03
4257.94	1252.51
4257.01	1214.51
4256.09	1260.16
4255.16	1230.26
4254.23	1221.95
4253.31	1267.59
4252.38	1232.31
4251.45	1261.74
4250.52	1280.39
4249.6	1309.81
4248.67	1263.77
4247.74	1263.54
4246.81	1247.16
4245.88	1319.65
4244.96	1222.48
4244.03	1300.34
4243.1	1294.73
4242.17	1216.45
4241.24	1243.14
4240.31	1304.8
4239.38	1307.26
4238.45	1245.17
4237.52	1255.71
4236.59	1282.37
4235.66	1252.57
4234.73	1330.29
4233.8	1303.18
4232.87	1294.89
4231.94	1262.43
4231.01	1219.24
4230.08	1178.74
4229.15	1259.07
4228.22	1299.11
4227.28	1167.38
4226.35	1317.43
4225.42	1258.18
4224.49	1247.23
4223.56	1260.41
4222.62	1278.96
4221.69	1243.88
4220.76	1265.1
4219.83	1299.72
4218.89	1286.09
4217.96	1251.03
4217.03	1250.81
4216.09	1255.95
4215.16	1303.92
4214.23	1295.65
4213.29	1282.04
4212.36	1313.93
4211.42	1286.94
4210.49	1326.84
4209.55	1230.31
4208.62	1254.16
4207.68	1291.37
4206.75	1336.59
4205.81	1328.33
4204.88	1290.68
4203.94	1242.36
4203.01	1282.21
4202.07	1289.99
4201.13	1289.76
4200.2	1340.26
4199.26	1305.32
4198.32	1273.06
4197.39	1318.2
4196.45	1251.27
4195.51	1309.73
4194.58	1325.5
4193.64	1269.27
4192.7	1282.37
4191.76	1274.15
4190.82	1289.91
4189.89	1292.34
4188.95	1356.05
4188.01	1305.2
4187.07	1339.59
4186.13	1288.76
4185.19	1301.84
4184.25	1336.21
4183.31	1194.93
4182.37	1343.72
4181.43	1255.69
4180.49	1316.64
4179.55	1332.37
4178.61	1300.22
4177.67	1270.75
4176.73	1299.76
4175.79	1352.68
4174.85	1304.61
4173.91	1277.81
4172.97	1336.02
4172.03	1378.27
4171.09	1282.44
4170.14	1255.66
4169.2	1348.34
4168.26	1300.33
4167.32	1353.16
4166.38	1329.05
4165.43	1360.64
4164.49	1280.84
4163.55	1330.99
4162.6	1336.05
4161.66	1296.06
4160.72	1269.33
4159.77	1327.39
4158.83	1298.01
4157.89	1279.24
4156.94	1316.09
4156	1368.8
4155.05	1297.09
4154.11	1339.2
4153.16	1378.66
4152.22	1277.87
4151.27	1264.42
4150.33	1391.14
4149.38	1345.94
4148.44	1343.06
4147.49	1308.45
4146.55	1318.79
4145.6	1300.06
4144.65	1323.6
4143.71	1312.8
4142.76	1368.03
4141.81	1336.1
4140.87	1312.1
4139.92	1314.5
4138.97	1356.49
4138.03	1361.53
4137.08	1297.97
4136.13	1313.57
4135.18	1310.69
4134.23	1315.73
4133.29	1339.22
4132.34	1333.71
4131.39	1380.91
4130.44	1388.57
4129.49	1348.8
4128.54	1335.39
4127.59	1374.66
4126.64	1348.08
4125.69	1339.94
4124.74	1316.01
4123.79	1386.83
4122.84	1399.74
4121.89	1407.38
4120.94	1346.64
4119.99	1320.1
4119.04	1351.41
4118.09	1343.28
4117.14	1337.79
4116.19	1292.88
4115.24	1337.31
4114.28	1323.93
4113.33	1381.48
4112.38	1415.37
4111.43	1320.6
4110.48	1325.61
4109.52	1322.75
4108.57	1356.63
4107.62	1330.15
4106.66	1324.66
4105.71	1416.22
4104.76	1342.54
4103.8	1402.6
4102.85	1370.9
4101.9	1389
4100.94	1359.92
4099.99	1328.24
4099.03	1359.44
4098.08	1411.57
4097.12	1395.61
4096.17	1361.32
4095.21	1374.17
4094.26	1334.67
4093.3	1355.36
4092.35	1394.36
4091.39	1339.18
4090.44	1310.17
4089.48	1320.4
4088.52	1335.85
4087.57	1366.97
4086.61	1335.37
4085.65	1397.83
4084.7	1374.07
4083.74	1324.2
4082.78	1384.02
4081.82	1391.61
4080.87	1380.92
4079.91	1391.11
4078.95	1409.13
4077.99	1403.66
4077.03	1374.71
4076.08	1361.42
4075.12	1374.22
4074.16	1355.72
4073.2	1386.76
4072.24	1407.36
4071.28	1414.92
4070.32	1399.04
4069.36	1390.97
4068.4	1364.68
4067.44	1398.28
4066.48	1309.52
4065.52	1369.15
4064.56	1420.95
4063.6	1397.28
4062.64	1389.22
4061.68	1375.97
4060.72	1401.73
4059.75	1417.08
4058.79	1445.42
4057.83	1310
4056.87	1340.95
4055.91	1400.47
4054.94	1428.79
4053.98	1412.95
4053.02	1378.94
4052.06	1417.64
4051.09	1432.96
4050.13	1380.79
4049.17	1432.44
4048.2	1398.45
4047.24	1351.51
4046.27	1429.07
4045.31	1392.51
4044.35	1402.63
4043.38	1342.76
4042.42	1459.15
4041.45	1347.46
4040.49	1342.04
4039.52	1385.83
4038.56	1398.53
4037.59	1421.58
4036.63	1385.08
4035.66	1374.48
4034.69	1420.82
4033.73	1381.75
4032.76	1373.74
4031.8	1376.08
4030.83	1399.1
4029.86	1401.44
4028.89	1460.65
4027.93	1356.99
4026.96	1447.2
4025.99	1426.27
4025.02	1374.34
4024.06	1418
4023.09	1355.77
4022.12	1463.97
4021.15	1435.31
4020.18	1404.08
4019.21	1378.02
4018.25	1310.69
4017.28	1400.74
4016.31	1377.27
4015.34	1374.45
4014.37	1425.76
4013.4	1407.46
4012.43	1451.02
4011.46	1399.22
4010.49	1409.28
4009.52	1429.63
4008.55	1395.89
4007.58	1423.96
4006.6	1415.98
4005.63	1361.67
4004.66	1436.06
4003.69	1425.51
4002.72	1396.95
4001.75	1386.41
4000.77	1406.74
3999.8	1316.49
3998.83	1429.37
3997.86	1403.4
3996.88	1369.74
3995.91	1436.3
3994.94	1400.08
3993.96	1422.94
3992.99	1445.79
3992.02	1412.16
3991.04	1458.11
3990.07	1383.41
3989.1	1447.32
3988.12	1454.75
3987.15	1454.49
3986.17	1502.96
3985.2	1459.09
3984.22	1420.37
3983.25	1463.69
3982.27	1442.92
3981.3	1519.54
3980.32	1432.15
3979.34	1429.33
3978.37	1382.98
3977.39	1485.15
3976.41	1456.72
3975.44	1374.55
3974.46	1522.73
3973.48	1384.29
3972.51	1391.71
3971.53	1378.67
3970.55	1470.48
3969.57	1429.31
3968.6	1421.38
3967.62	1462.02
3966.64	1497.53
3965.66	1530.48
3964.68	1425.46
3963.7	1443.08
3962.73	1409.62
3961.75	1506.39
3960.77	1368.27
3959.79	1472.66
3958.81	1474.95
3957.83	1451.72
3956.85	1448.91
3955.87	1451.2
3954.89	1448.38
3953.91	1486.36
3952.93	1432.56
3951.94	1419.56
3950.96	1477.91
3949.98	1467.45
3949	1403.51
3948.02	1421.08
3947.04	1469.2
3946.06	1474.03
3945.07	1471.21
3944.09	1498.94
3943.11	1536.84
3942.13	1422.08
3941.14	1381.12
3940.16	1492.77
3939.18	1469.61
3938.19	1487.14
3937.21	1494.5
3936.23	1466.27
3935.24	1392.33
3934.26	1468.28
3933.27	1508.65
3932.29	1449.97
3931.3	1396.39
3930.32	1421.53
3929.33	1469.49
3928.35	1418.47
3927.36	1390.31
3926.38	1471.23
3925.39	1468.42
3924.41	1409.84
3923.42	1442.54
3922.43	1434.67
3921.45	1444.55
3920.46	1429.08
3919.47	1525.09
3918.49	1537.48
3917.5	1453.63
3916.51	1407.79
3915.52	1493.61
3914.54	1457.9
3913.55	1439.92
3912.56	1424.48
3911.57	1517.82
3910.58	1484.66
3909.6	1532.44
3908.61	1534.69
3907.62	1516.71
3906.63	1506.33
3905.64	1447.94
3904.65	1490.62
3903.66	1487.83
3902.67	1520.39
3901.68	1424.16
3900.69	1469.34
3899.7	1436.26
3898.71	1499.09
3897.72	1481.16
3896.73	1425.39
3895.74	1515.93
3894.74	1485.39
3893.75	1475.04
3892.76	1474.77
3891.77	1444.25
3890.78	1506.99
3889.79	1501.68
3888.79	1493.85
3887.8	1453.28
3886.81	1543.67
3885.81	1485.48
3884.82	1457.52
3883.83	1439.64
3882.83	1456.99
3881.84	1585.04
3880.85	1516.83
3879.85	1491.4
3878.86	1533.88
3877.86	1483.32
3876.87	1520.75
3875.88	1465.18
3874.88	1485.02
3873.89	1534.99
3872.89	1492.01
3871.89	1426.45
3870.9	1536.67
3869.9	1453.54
3868.91	1495.95
3867.91	1490.66
3866.91	1442.71
3865.92	1545.3
3864.92	1472.28
3863.92	1499.6
3862.93	1459.21
3861.93	1423.85
3860.93	1528.85
3859.93	1503.52
3858.94	1533.31
3857.94	1565.59
3856.94	1492.68
3855.94	1565.02
3854.94	1437.05
3853.94	1486.85
3852.95	1501.6
3851.95	1551.37
3850.95	1466.03
3849.95	1478.26
3848.95	1505.5
3847.95	1482.73
3846.95	1532.45
3845.95	1469.69
3844.95	1451.93
3843.95	1474.15
3842.95	1531.34
3841.95	1498.59
3840.94	1633.16
3839.94	1480.56
3838.94	1557.68
3837.94	1497.49
3836.94	1449.81
3835.94	1494.45
3834.93	1531.59
3833.93	1458.99
3832.93	1521.06
3831.93	1520.78
3830.92	1555.4
3829.92	1428.02
3828.92	1519.95
3827.91	1487.28
3826.91	1519.39
3825.91	1568.92
3824.9	1498.92
3823.9	1526.03
3822.89	1456.06
3821.89	1575.24
3820.88	1525.19
3819.88	1487.6
3818.87	1482.35
3817.87	1554.19
3816.86	1484.29
3815.86	1521.31
3814.85	1483.75
3813.84	1498.39
3812.84	1498.11
3811.83	1547.52
3810.83	1507.5
3809.82	1474.94
3808.81	1526.81
3807.8	1454.55
3806.8	1538.66
3805.79	1461.46
3804.78	1634.85
3803.77	1503.09
3802.77	1567.29
3801.76	1519.89
3800.75	1589.03
3799.74	1472.25
3798.73	1494.28
3797.72	1560.9
3796.71	1560.61
3795.7	1461.26
3794.69	1480.8
3793.68	1584.51
3792.67	1581.75
3791.66	1544.34
3790.65	1501.99
3789.64	1533.87
3788.63	1538.54
3787.62	1530.84
3786.61	1486.05
3785.6	1540.17
3784.59	1614.03
3783.58	1495.12
3782.56	1581.32
3781.55	1541.51
3780.54	1531.34
3779.53	1595.27
3778.52	1466.59
3777.5	1530.5
3776.49	1532.69
3775.48	1527.47
3774.46	1529.66
3773.45	1499.78
3772.44	1519.23
3771.42	1585.53
3770.41	1503.88
3769.39	1503.61
3768.38	1646.27
3767.36	1599.15
3766.35	1475.68
3765.34	1559.15
3764.32	1551.48
3763.3	1551.19
3762.29	1592.76
3761.27	1656.46
3760.26	1503.58
3759.24	1564.82
3758.23	1498.11
3757.21	1606.05
3756.19	1551.66
3755.18	1512.04
3754.16	1543.71
3753.14	1533.6
3752.12	1552.98
3751.11	1582.17
3750.09	1530.3
3749.07	1593.87
3748.05	1559.2
3747.03	1593.28
3746.02	1595.45
3745	1543.62
3743.98	1580.14
3742.96	1597.02
3741.94	1564.84
3740.92	1535.12
3739.9	1444.12
3738.88	1566.43
3737.86	1639.67
3736.84	1573.2
3735.82	1509.21
3734.8	1577.52
3733.78	1528.25
3732.76	1598.98
3731.74	1505.65
3730.71	1571.46
3729.69	1524.68
3728.67	1575.78
3727.65	1548.58
3726.63	1560.52
3725.61	1589.58
3724.58	1555.06
3723.56	1615.89
3722.54	1586.26
3721.51	1529.76
3720.49	1541.7
3719.47	1541.41
3718.44	1558.23
3717.42	1555.5
3716.4	1604.04
3715.37	1447.52
3714.35	1530.23
3713.32	1581.19
3712.3	1578.46
3711.27	1565.97
3710.25	1594.95
3709.22	1562.96
3708.2	1557.79
3707.17	1630.63
3706.15	1579.15
3705.12	1569.11
3704.09	1595.62
3703.07	1575.84
3702.04	1565.81
3701.01	1648.3
3699.99	1606.61
3698.96	1664.73
3697.93	1559.79
3696.9	1574.1
3695.88	1612.73
3694.85	1573.52
3693.82	1655.9
3692.79	1529.18
3691.76	1623.69
3690.74	1562.63
3689.71	1620.66
3688.68	1608.21
3687.65	1658.92
3686.62	1607.62
3685.59	1505.35
3684.56	1539.05
3683.53	1577.6
3682.5	1722.91
3681.47	1615.84
3680.44	1617.97
3679.41	1624.94
3678.38	1551.9
3677.34	1648.59
3676.31	1512.54
3675.28	1558.31
3674.25	1567.71
3673.22	1618.3
3672.19	1571.98
3671.15	1637.07
3670.12	1590.77
3669.09	1578.37
3668.06	1565.97
3667.02	1546.32
3665.99	1570.23
3664.96	1620.74
3663.92	1586.58
3662.89	1641.91
3661.85	1561.82
3660.82	1568.78
3659.79	1619.24
3658.75	1580.28
3657.72	1618.64
3656.68	1656.99
3655.65	1620.46
3654.61	1596.01
3653.57	1670.56
3652.54	1650.94
3651.5	1650.63
3650.47	1585.18
3649.43	1601.77
3648.39	1555.65
3647.36	1615.65
3646.32	1605.71
3645.28	1627.1
3644.25	1600.29
3643.21	1679.51
3642.17	1631.02
3641.13	1630.71
3640.09	1652.09
3639.06	1642.15
3638.02	1569.62
3636.98	1677.64
3635.94	1686.96
3634.9	1650.56
3633.86	1640.63
3632.82	1625.89
3631.78	1589.52
3630.74	1649.33
3629.7	1644.22
3628.66	1667.95
3627.62	1595.55
3626.58	1717.78
3625.54	1679.03
3624.5	1649.9
3623.46	1608.77
3622.42	1690.1
3621.38	1658.58
3620.33	1643.87
3619.29	1713.15
3618.25	1672.05
3617.21	1635.76
3616.17	1645.05
3615.12	1635.16
3614.08	1625.26
3613.04	1680.09
3611.99	1684.57
3610.95	1708.21
3609.91	1655.2
3608.86	1681.23
3607.82	1702.47
3606.77	1632.73
3605.73	1682.69
3604.69	1701.52
3603.64	1650.96
3602.6	1665.01
3601.55	1609.69
3600.5	1683.52
3599.46	1673.64
3598.41	1642.25
3597.37	1606.1
3596.32	1593.85
3595.27	1631.78
3594.23	1619.53
3593.18	1592.96
3592.13	1654.75
3591.09	1592.37
3590.04	1699.49
3588.99	1672.92
3587.94	1627.27
3586.9	1622.2
3585.85	1762.62
3584.8	1626.36
3583.75	1637.98
3582.7	1651.98
3581.65	1658.82
3580.6	1641.83
3579.56	1560.52
3578.51	1669.81
3577.46	1700.46
3576.41	1685.85
3575.36	1645.07
3574.31	1675.7
3573.26	1713.47
3572.2	1667.94
3571.15	1665.25
3570.1	1619.75
3569.05	1631.34
3568	1633.41
3566.95	1630.73
3565.9	1575.76
3564.84	1639.63
3563.79	1639.32
3562.74	1631.89
3561.69	1674.34
3560.63	1590.92
3559.58	1647.6
3558.53	1675.77
3557.47	1661.22
3556.42	1615.83
3555.37	1681.95
3554.31	1655.55
3553.26	1648.13
3552.2	1640.71
3551.15	1668.85
3550.09	1606.91
3549.04	1625.57
3547.98	1570.78
3546.93	1639.18
3545.87	1589.14
3544.82	1695.39
3543.76	1598.01
3542.71	1635.59
3541.65	1699.18
3540.59	1653.9
3539.54	1632.3
3538.48	1594.16
3537.42	1619.87
3536.36	1638.48
3535.31	1699.64
3534.25	1673.32
3533.19	1680.1
3532.13	1625.45
3531.07	1641.68
3530.02	1674.43
3528.96	1596.2
3527.9	1699.78
3526.84	1699.46
3525.78	1670.82
3524.72	1651.63
3523.66	1644.25
3522.6	1568.47
3521.54	1700.23
3520.48	1671.62
3519.42	1612.38
3518.36	1666.28
3517.3	1675.39
3516.24	1587.91
3515.17	1681.83
3514.11	1730.98
3513.05	1608.21
3511.99	1626.74
3510.93	1682.93
3509.87	1612.02
3508.8	1663.48
3507.74	1651.4
3506.68	1698.13
3505.61	1587.29
3504.55	1629.32
3503.49	1645.47
3502.42	1689.81
3501.36	1656.6
3500.3	1644.54
3499.23	1646.58
3498.17	1620.44
3497.1	1648.32
3496.04	1685.57
3494.97	1664.13
3493.91	1616.88
3492.84	1656.47
3491.77	1651.46
3490.71	1686.33
3489.64	1601.6
3488.58	1662.26
3487.51	1645.54
3486.44	1666.32
3485.38	1689.44
3484.31	1623.53
3483.24	1688.81
3482.17	1683.81
3481.11	1599.2
3480.04	1678.49
3478.97	1687.54
3477.9	1666.16
3476.83	1637.78
3475.77	1698.29
3474.7	1648.86
3473.63	1695.31
3472.56	1687.98
3471.49	1661.95
3470.42	1591.53
3469.35	1684.69
3468.28	1670.36
3467.21	1623.33
3466.14	1646.38
3465.07	1650.74
3464	1599.08
3462.92	1673.46
3461.85	1624.14
3460.78	1661.17
3459.71	1646.86
3458.64	1723.51
3457.57	1697.54
3456.49	1615.63
3455.42	1717.88
3454.35	1687.26
3453.28	1726.56
3452.2	1635.38
3451.13	1686.31
3450.06	1660.38
3448.98	1627.47
3447.91	1650.44
3446.83	1680.39
3445.76	1701.02
3444.68	1663.47
3443.61	1560.81
3442.53	1672.15
3441.46	1667.18
3440.38	1650.6
3439.31	1654.94
3438.23	1591.88
3437.16	1726.34
3436.08	1628.45
3435	1628.14
3433.93	1562.82
3432.85	1729.69
3431.77	1636.51
3430.7	1708.15
3429.62	1668.38
3428.54	1661.1
3427.46	1679.35
3426.39	1702.22
3425.31	1616.11
3424.23	1648.26
3423.15	1671.13
3422.07	1740.34
3420.99	1684.4
3419.91	1623.86
3418.83	1688.4
3417.75	1676.5
3416.68	1678.5
3415.6	1682.82
3414.51	1673.24
3413.43	1638.22
3412.35	1677.24
3411.27	1669.98
3410.19	1665.04
3409.11	1667.04
3408.03	1585.82
3406.95	1622.5
3405.87	1712.32
3404.78	1707.37
3403.7	1677.02
3402.62	1672.09
3401.54	1639.44
3400.45	1632.21
3399.37	1731.15
3398.29	1686.98
3397.2	1615.13
3396.12	1607.91
3395.04	1662.96
3393.95	1644.2
3392.87	1630.05
3391.78	1629.75
3390.7	1723.93
3389.61	1659.09
3388.53	1674.9
3387.44	1633.12
3386.36	1708.81
3385.27	1680.86
3384.19	1652.92
3383.1	1726.26
3382.01	1693.72
3380.93	1651.98
3379.84	1628.67
3378.75	1711.16
3377.67	1634.95
3376.58	1625.44
3375.49	1657.32
3374.4	1631.72
3373.31	1675.07
3372.23	1573.67
3371.14	1614.72
3370.05	1674.12
3368.96	1625.59
3367.87	1632.17
3366.78	1641.04
3365.69	1638.44
3364.6	1700.07
3363.51	1674.52
3362.42	1653.56
3361.33	1628.03
3360.24	1659.81
3359.15	1631.99
3358.06	1661.48
3356.97	1645.12
3355.88	1621.91
3354.79	1715.5
3353.69	1628.16
3352.6	1643.88
3351.51	1609.23
3350.42	1654.7
3349.33	1656.68
3348.23	1631.2
3347.14	1624.03
3346.05	1651.16
3344.95	1630.27
3343.86	1725.98
3342.77	1627.37
3341.67	1590.5
3340.58	1679.3
3339.48	1713.25
3338.39	1667.24
3337.29	1632.68
3336.2	1655.2
3335.1	1648.04
3334.01	1622.62
3332.91	1599.5
3331.82	1612.88
3330.72	1785.92
3329.62	1680.68
3328.53	1705.44
3327.43	1620.78
3326.33	1629.58
3325.24	1670.29
3324.14	1720.1
3323.04	1658.27
3321.94	1589.63
3320.85	1671.3
3319.75	1680.09
3318.65	1579.62
3317.55	1604.36
3316.45	1679.14
3315.35	1631.05
3314.25	1705.79
3313.16	1641.8
3312.06	1668.77
3310.96	1679.82
3309.86	1631.77
3308.76	1701.9
3307.66	1667.5
3306.55	1662.64
3305.45	1694.12
3304.35	1634.76
3303.25	1648.07
3302.15	1670.46
3301.05	1622.49
3299.95	1669.82
3298.84	1708.07
3297.74	1598.88
3296.64	1628.06
3295.54	1602.81
3294.43	1607.04
3293.33	1647.52
3292.23	1660.81
3291.12	1608.39
3290.02	1599.02
3288.92	1603.25
3287.81	1679.92
3286.71	1666.02
3285.6	1552.54
3284.5	1667.65
3283.39	1637.92
3282.29	1648.92
3281.18	1664.43
3280.08	1569.15
3278.97	1634.41
3277.86	1618.28
3276.76	1658.65
3275.65	1628.96
3274.54	1621.88
3273.44	1641.89
3272.33	1648.35
3271.22	1575.8
3270.12	1537.13
3269.01	1647.41
3267.9	1631.3
3266.79	1594.9
3265.68	1639.71
3264.57	1668.71
3263.47	1636.83
3262.36	1683.85
3261.25	1667.75
3260.14	1620.12
3259.03	1637.83
3257.92	1669.05
3256.81	1655.22
3255.7	1661.66
3254.59	1632.08
3253.48	1600.26
3252.37	1586.45
3251.25	1619.9
3250.14	1657.83
3249.03	1632.78
3247.92	1690.93
3246.81	1668.12
3245.69	1703.77
3244.58	1645.01
3243.47	1646.95
3242.36	1639.89
3241.24	1673.27
3240.13	1668.46
3239.02	1625.48
3237.9	1542.12
3236.79	1660.77
3235.68	1604.36
3234.56	1608.54
3233.45	1664.31
3232.33	1601.2
3231.22	1607.62
3230.1	1598.35
3228.99	1647.35
3227.87	1615.66
3226.75	1557.1
3225.64	1617.29
3224.52	1605.78
3223.41	1569.65
3222.29	1649.94
3221.17	1542.19
3220.05	1640.36
3218.94	1660.18
3217.82	1621.83
3216.7	1621.52
3215.58	1612.27
3214.47	1645.5
3213.35	1609.42
3212.23	1575.59
3211.11	1577.52
3209.99	1597.33
3208.87	1619.36
3207.75	1650.31
3206.63	1620.97
3205.51	1611.73
3204.39	1595.8
3203.27	1664.67
3202.15	1684.43
3201.03	1599.34
3199.91	1636.95
3198.79	1627.72
3197.67	1602.89
3196.55	1571.37
3195.42	1617.87
3194.3	1595.28
3193.18	1608.34
3192.06	1603.58
3190.93	1594.36
3189.81	1576.25
3188.69	1604.88
3187.56	1609.03
3186.44	1622.07
3185.32	1635.11
3184.19	1583.64
3183.07	1685.63
3181.94	1645.28
3180.82	1611.62
3179.7	1575.76
3178.57	1642.12
3177.44	1619.59
3176.32	1588.18
3175.19	1654.5
3174.07	1623.09
3172.94	1611.68
3171.82	1684.62
3170.69	1571.12
3169.56	1646.26
3168.43	1559.43
3167.31	1599.05
3166.18	1600.96
3165.05	1582.92
3163.92	1626.95
3162.8	1604.47
3161.67	1619.67
3160.54	1621.58
3159.41	1627.91
3158.28	1536.81
3157.15	1647.21
3156.02	1635.83
3154.89	1573.55
3153.76	1564.39
3152.63	1577.37
3151.5	1616.88
3150.37	1532.53
3149.24	1578.67
3148.11	1627
3146.98	1511.76
3145.85	1577.76
3144.72	1581.88
3143.59	1557.27
3142.45	1570.23
3141.32	1649.41
3140.19	1587.28
3139.06	1575.94
3137.92	1644.05
3136.79	1628.29
3135.66	1583.86
3134.52	1587.96
3133.39	1567.81
3132.26	1593.97
3131.12	1578.23
3129.99	1591.15
3128.85	1577.63
3127.72	1575.12
3126.58	1528.56
3125.45	1618.56
3124.31	1600.63
3123.18	1516.67
3122.04	1551.6
3120.9	1593.11
3119.77	1575.2
3118.63	1592.49
3117.49	1581.19
3116.36	1556.7
3115.22	1554.2
3114.08	1562.69
3112.95	1597.55
3111.81	1500.58
3110.67	1590.35
3109.53	1581.26
3108.39	1563.39
3107.25	1538.94
3106.11	1521.08
3104.98	1595.4
3103.84	1628
3102.7	1623.3
3101.56	1594.48
3100.42	1622.68
3099.28	1523.71
3098.14	1573.83
3096.99	1551.61
3095.85	1601.71
3094.71	1572.92
3093.57	1653.66
3092.43	1504.43
3091.29	1580.77
3090.15	1453.5
3089	1560.46
3087.86	1590.79
3086.72	1581.74
3085.57	1553
3084.43	1592.06
3083.29	1528.35
3082.14	1584.89
3081	1540.87
3079.86	1573.35
3078.71	1529.35
3077.57	1542.16
3076.42	1587.73
3075.28	1598.34
3074.13	1611.13
3072.99	1608.63
3071.84	1601.78
3070.7	1481.47
3069.55	1542.26
3068.4	1465.63
3067.26	1639.79
3066.11	1545.73
3064.96	1519.27
3063.82	1553.85
3062.67	1590.59
3061.52	1527.11
3060.37	1535.52
3059.23	1580.96
3058.08	1563.23
3056.93	1497.63
3055.78	1529.98
3054.63	1538.39
3053.48	1540.27
3052.33	1590
3051.18	1559.25
3050.03	1556.77
3048.88	1539.08
3047.73	1540.95
3046.58	1534.14
3045.43	1520.8
3044.28	1507.48
3043.13	1548.45
3041.98	1576.38
3040.83	1565.22
3039.68	1545.38
3038.52	1523.38
3037.37	1581.66
3036.22	1520.62
3035.07	1533.34
3033.91	1517.86
3032.76	1580.44
3031.61	1506.44
3030.45	1469.31
3029.3	1583.86
3028.14	1505.56
3026.99	1667.71
3025.84	1587.27
3024.68	1569.64
3023.53	1541.19
3022.37	1475.97
3021.22	1551.42
3020.06	1514.34
3018.9	1565.96
3017.75	1531.05
3016.59	1593.46
3015.44	1549.91
3014.28	1590.68
3013.12	1586.05
3011.96	1438.83
3010.81	1492.55
3009.65	1516.02
3008.49	1487.66
3007.33	1517.59
3006.18	1495.71
3005.02	1521.32
3003.86	1568.49
3002.7	1537.98
3001.54	1511.8
3000.38	1515.82
2999.22	1578.05
2998.06	1493.68
2996.9	1527.87
2995.74	1542.66
2994.58	1535.89
2993.42	1520.52
2992.26	1543.91
2991.1	1565.14
2989.94	1483.04
2988.77	1489.21
2987.61	1553.47
2986.45	1482.18
2985.29	1565.77
2984.12	1520.31
2982.96	1520.01
2981.8	1498.22
2980.64	1562.41
2979.47	1549.21
2978.31	1480.16
2977.14	1570.09
2975.98	1528.98
2974.82	1541.56
2973.65	1633.57
2972.49	1553.84
2971.32	1502.04
2970.16	1508.18
2968.99	1516.47
2967.82	1473.29
2966.66	1537.32
2965.49	1562.75
2964.33	1523.86
2963.16	1493.57
2961.99	1480.42
2960.83	1490.85
2959.66	1469.14
2958.49	1496.69
2957.32	1438.6
2956.15	1487.54
2954.99	1574.99
2953.82	1593.94
2952.65	1542.29
2951.48	1475.69
2950.31	1468.99
2949.14	1571.32
2947.97	1504.75
2946.8	1493.78
2945.63	1566.13
2944.46	1516.69
2943.29	1480.09
2942.12	1492.61
2940.95	1526.48
2939.78	1455.74
2938.61	1446.92
2937.44	1519.19
2936.26	1448.49
2935.09	1531.39
2933.92	1509.77
2932.75	1492.42
2931.57	1596.58
2930.4	1553.64
2929.23	1508.59
2928.05	1506.17
2926.88	1446.24
2925.71	1543.91
2924.53	1511.67
2923.36	1545.44
2922.18	1536.62
2921.01	1425.67
2919.83	1557.3
2918.66	1478.29
2917.48	1456.74
2916.31	1513.86
2915.13	1490.18
2913.95	1443.13
2912.78	1529.98
2911.6	1446.82
2910.42	1503.89
2909.25	1422.89
2908.07	1471.45
2906.89	1456.3
2905.71	1468.75
2904.54	1428.15
2903.36	1529.71
2902.18	1459.41
2901	1484.57
2899.82	1422.79
2898.64	1469.15
2897.46	1492.18
2896.28	1510.96
2895.1	1519.14
2893.92	1465.89
2892.74	1533.37
2891.56	1420.84
2890.38	1435.39
2889.2	1452.04
2888.02	1443.29
2886.84	1470.51
2885.65	1501.96
2884.47	1548.19
2883.29	1492.91
2882.11	1503.19
2880.92	1454.28
2879.74	1458.22
2878.56	1479.07
2877.38	1463.99
2876.19	1438.36
2875.01	1518.32
2873.82	1439.9
2872.64	1437.51
2871.45	1479.44
2870.27	1432.73
2869.08	1480.97
2867.9	1508.1
2866.71	1379.17
2865.53	1452.69
2864.34	1450.3
2863.16	1454.23
2861.97	1489.77
2860.78	1502.11
2859.6	1453.37
2858.41	1421.5
2857.22	1450.7
2856.03	1402
2854.85	1439.61
2853.66	1426.7
2852.47	1422.21
2851.28	1449.28
2850.09	1455.3
2848.9	1425.58
2847.71	1471.55
2846.52	1435.53
2845.34	1407.93
2844.15	1466.48
2842.96	1371.67
2841.76	1405
2840.57	1442.52
2839.38	1475.83
2838.19	1435.66
2837	1536.1
2835.81	1401.52
2834.62	1472.57
2833.43	1440.82
2832.23	1434.25
2831.04	1488.47
2829.85	1452.55
2828.65	1443.88
2827.46	1401.69
2826.27	1451.69
2825.07	1403.24
2823.88	1518.13
2822.69	1442.46
2821.49	1408.69
2820.3	1410.51
2819.1	1479.28
2817.91	1424.6
2816.71	1420.13
2815.52	1382.21
2814.32	1409.12
2813.13	1427.66
2811.93	1439.91
2810.73	1429.18
2809.54	1443.53
2808.34	1480.84
2807.14	1447.13
2805.94	1494.87
2804.75	1413.17
2803.55	1417.06
2802.35	1448.08
2801.15	1443.63
2799.95	1453.77
2798.75	1443.06
2797.56	1380.23
2796.36	1361.19
2795.16	1427.62
2793.96	1429.42
2792.76	1329.14
2791.56	1385.12
2790.36	1395.26
2789.16	1365.83
2787.95	1411.36
2786.75	1354.89
2785.55	1464.9
2784.35	1439.65
2783.15	1368.65
2781.95	1407.89
2780.74	1409.69
2779.54	1415.65
2778.34	1446.55
2777.13	1477.43
2775.93	1400.27
2774.73	1331.45
2773.52	1466.17
2772.32	1378.68
2771.12	1413.7
2769.91	1398.89
2768.71	1346.74
2767.5	1394.19
2766.3	1383.54
2765.09	1416.45
2763.89	1476.3
2762.68	1397.23
2761.47	1357.58
2760.27	1438.13
2759.06	1379.83
2757.85	1352.63
2756.65	1387.57
2755.44	1416.29
2754.23	1347.69
2753.02	1405.38
2751.81	1374.06
2750.61	1351.03
2749.4	1344.56
2748.19	1371.18
2746.98	1435.01
2745.77	1434.72
2744.56	1399.3
2743.35	1370.1
2742.14	1396.68
2740.93	1402.6
2739.72	1350.7
2738.51	1362.82
2737.3	1416.22
2736.09	1370.54
2734.88	1417.73
2733.66	1351.42
2732.45	1363.53
2731.24	1301.39
2730.03	1342.37
2728.82	1325.62
2727.6	1366.58
2726.39	1401.34
2725.18	1374.28
2723.96	1359.59
2722.75	1361.38
2721.53	1379.64
2720.32	1364.96
2719.11	1418.2
2717.89	1335.61
2716.68	1399.12
2715.46	1388.56
2714.25	1433.53
2713.03	1344.83
2711.81	1348.67
2710.6	1387.46
2709.38	1372.8
2708.16	1315
2706.95	1327.06
2705.73	1378.15
2704.51	1338.86
2703.29	1348.86
2702.08	1299.33
2700.86	1327.8
2699.64	1335.75
2698.42	1388.82
2697.2	1312.66
2695.98	1359.56
2694.76	1365.44
2693.54	1375.42
2692.32	1313.66
2691.1	1325.7
2689.88	1350.02
2688.66	1362.04
2687.44	1326.96
2686.22	1345.12
2685	1291.63
2683.78	1350.73
2682.56	1311.58
2681.33	1356.33
2680.11	1343.79
2678.89	1349.65
2677.67	1384.14
2676.44	1347.07
2675.22	1314.11
2674	1313.85
2672.77	1346.27
2671.55	1376.64
2670.33	1349.82
2669.1	1296.47
2667.88	1353.37
2666.65	1340.85
2665.43	1344.67
2664.2	1362.76
2662.97	1295.18
2661.75	1345.91
2660.52	1296.71
2659.3	1349.45
2658.07	1273.77
2656.84	1348.91
2655.62	1252.89
2654.39	1303.57
2653.16	1331.82
2651.93	1246.04
2650.7	1276.33
2649.48	1367.66
2648.25	1283.96
2647.02	1332.53
2645.79	1289.55
2644.56	1291.33
2643.33	1301.23
2642.1	1315.2
2640.87	1343.4
2639.64	1288.27
2638.41	1324.58
2637.18	1326.35
2635.95	1303.74
2634.72	1338
2633.48	1297.13
2632.25	1327.32
2631.02	1349.37
2629.79	1324.76
2628.56	1212.94
2627.32	1342.48
2626.09	1238.81
2624.86	1281.14
2623.62	1297.1
2622.39	1311.02
2621.16	1343.17
2619.92	1255.81
2618.69	1285.94
2617.45	1259.36
2616.22	1297.57
2614.98	1311.48
2613.75	1238.37
2612.51	1323.09
2611.27	1357.22
2610.04	1259.88
2608.8	1259.62
2607.57	1315.97
2606.33	1297.52
2605.09	1287.16
2603.85	1282.86
2602.62	1260.39
2601.38	1290.43
2600.14	1255.85
2598.9	1269.73
2597.66	1251.31
2596.42	1297.47
2595.18	1287.12
2593.94	1244.51
2592.71	1260.39
2591.47	1262.16
2590.23	1263.92
2588.98	1289.87
2587.74	1275.51
2586.5	1232.95
2585.26	1303.2
2584.02	1282.8
2582.78	1274.49
2581.54	1248.06
2580.29	1302.16
2579.05	1332.08
2577.81	1253.35
2576.57	1257.12
2575.32	1254.86
2574.08	1282.76
2572.84	1264.41
2571.59	1260.14
2570.35	1330.22
2569.1	1261.64
2567.86	1219.21
2566.61	1231.02
2565.37	1293.01
2564.12	1284.72
2562.88	1274.43
2561.63	1238.06
2560.39	1259.88
2559.14	1237.56
2557.89	1201.22
2556.65	1289.2
2555.4	1220.78
2554.15	1224.55
2552.9	1262.37
2551.66	1296.18
2550.41	1245.84
2549.16	1263.62
2547.91	1259.36
2546.66	1295.14
2545.41	1254.85
2544.16	1242.6
2542.91	1238.35
2541.66	1280.1
2540.41	1183.86
2539.16	1271.59
2537.91	1199.37
2536.66	1217.12
2535.41	1238.86
2534.16	1220.63
2532.91	1222.38
2531.66	1158.23
2530.4	1205.92
2529.15	1243.6
2527.9	1211.42
2526.65	1271.04
2525.39	1149.09
2524.14	1218.67
2522.89	1186.52
2521.63	1214.19
2520.38	1259.8
2519.12	1201.75
2517.87	1191.55
2516.61	1185.33
2515.36	1246.84
2514.1	1240.61
2512.85	1204.53
2511.59	1176.42
2510.33	1215.98
2509.08	1156.05
2507.82	1237.38
2506.56	1177.46
2505.31	1209.04
2504.05	1192.89
2502.79	1188.68
2501.53	1186.45
2500.28	1180.25
2499.02	1189.95
2497.76	1209.57
2496.5	1175.57
2495.24	1185.26
2493.98	1210.83
2492.72	1182.8
2491.46	1208.36
2490.2	1152.57
2488.94	1168.2
2487.68	1187.8
2486.42	1153.85
2485.16	1236.87
2483.9	1143.48
2482.63	1216.56
2481.37	1158.87
2480.11	1146.75
2478.85	1124.74
2477.59	1160.15
2476.32	1199.5
2475.06	1219.05
2473.8	1179.23
2472.53	1159.22
2471.27	1129.32
2470	1170.61
2468.74	1128.86
2467.47	1197.81
2466.21	1191.64
2464.94	1177.57
2463.68	1137.83
2462.41	1141.55
2461.15	1064.31
2459.88	1200.32
2458.61	1146.78
2457.35	1138.66
2456.08	1148.29
2454.81	1175.68
2453.54	1098.52
2452.28	1196.89
2451.01	1196.65
2449.74	1119.54
2448.47	1123.26
2447.2	1154.55
2445.93	1164.17
2444.66	1150.15
2443.39	1163.7
2442.12	1143.78
2440.85	1180.94
2439.58	1058.7
2438.31	1160.79
2437.04	1136.95
2435.77	1109.19
2434.5	1193.52
2433.23	1114.64
2431.96	1171.42
2430.68	1116.16
2429.41	1159.15
2428.14	1094.1
2426.87	1121.37
2425.59	1172.2
2424.32	1144.48
2423.04	1167.8
2421.77	1128.32
2420.5	1153.59
2419.22	1127.86
2417.95	1113.9
2416.67	1156.82
2415.4	1125.22
2414.12	1117.15
2412.85	1144.36
2411.57	1067.72
2410.29	1128.22
2409.02	1129.95
2407.74	1133.64
2406.46	1096.22
2405.18	1127.31
2403.91	1115.34
2402.63	1093.6
2401.35	1075.77
2400.07	1138.13
2398.79	1065.56
2397.52	1163.09
2396.24	1088.58
2394.96	1143.07
2393.68	1150.66
2392.4	1117.22
2391.12	1083.8
2389.84	1093.34
2388.56	1050.17
2387.27	1135.83
2385.99	1057.55
2384.71	1141.22
2383.43	1088.33
2382.15	1107.61
2380.87	1156.13
2379.58	1091.57
2378.3	1089.4
2377.02	1061.9
2375.73	1071.43
2374.45	1108.21
2373.17	1092.41
2371.88	1098.03
2370.6	1097.81
2369.31	1146.24
2368.03	1103.2
2366.74	1079.63
2365.46	1108.59
2364.17	1061.69
2362.89	1080.92
2361.6	1100.14
2360.31	1105.74
2359.03	1056.95
2357.74	1095.58
2356.45	1070.11
2355.17	1067.95
2353.88	1094.92
2352.59	1067.52
2351.3	1088.65
2350.01	1092.31
2348.72	1066.87
2347.43	1091.87
2346.15	1017.96
2344.86	1062.34
2343.57	1052.44
2342.28	1166.55
2340.99	1088.82
2339.69	1055.67
2338.4	1053.52
2337.11	1037.82
2335.82	1064.71
2334.53	1093.52
2333.24	1046.86
2331.95	1081.47
2330.65	1056.1
2329.36	1042.35
2328.07	1042.14
2326.77	1041.93
2325.48	1086.17
2324.19	1105.27
2322.89	1083.79
2321.6	1056.53
2320.3	1025.42
2319.01	1048.38
2317.71	1048.17
2316.42	1096.2
2315.12	1024.59
2313.83	1005.09
2312.53	1012.6
2311.23	1006.61
2309.94	1070.02
2308.64	1054.39
2307.34	1054.17
2306.05	1032.76
2304.75	1073.01
2303.45	1041.97
2302.15	1053.31
2300.85	1014.59
2299.55	1033.63
2298.25	1029.58
2296.96	969.72
2295.66	1025.31
2294.36	1019.33
2293.06	1019.12
2291.76	1022.76
2290.45	1034.08
2289.15	1074.23
2287.85	1025.98
2286.55	1021.93
2285.25	1010.19
2283.95	1000.39
2282.65	980.986
2281.34	996.141
2280.04	1005.53
2278.74	1078.23
2277.43	1003.2
2276.13	1003
2274.83	1020.05
2273.52	998.756
2272.22	985.136
2270.91	986.851
2269.61	1011.56
2268.3	959.632
2267	982.417
2265.69	982.216
2264.39	1022.22
2263.08	1041.15
2261.77	1033.28
2260.47	981.414
2259.16	1000.34
2257.85	988.663
2256.54	1017.14
2255.24	969.144
2253.93	1001.43
2252.62	976.39
2251.31	974.281
2250	1037.11
2248.69	914.686
2247.38	994.684
2246.07	1009.75
2244.76	996.186
2243.45	974.994
2242.14	936.642
2240.83	961.245
2239.52	976.303
2238.21	972.29
2236.9	930.158
2235.59	1019.53
2234.27	929.778
2232.96	981.02
2231.65	984.628
2230.34	957.769
2229.02	915.691
2227.71	1014.48
2226.4	957.181
2225.08	979.815
2223.77	981.517
2222.45	992.727
2221.14	975.411
2219.82	977.112
2218.51	944.602
2217.19	940.608
2215.88	982.211
2214.56	919.329
2213.24	949.525
2211.93	937.939
2210.61	996.593
2209.29	985.001
2207.97	929.772
2206.66	988.392
2205.34	900.94
2204.02	914.03
2202.7	927.114
2201.38	983.79
2200.06	960.847
2198.74	985.282
2197.42	918.776
2196.1	948.892
2194.78	937.335
2193.46	929.57
2192.14	919.915
2190.82	965.145
2189.5	911.97
2188.18	957.182
2186.86	953.203
2185.54	930.317
2184.21	943.36
2182.89	914.814
2181.57	914.626
2180.24	973.008
2178.92	921.807
2177.6	940.503
2176.27	942.198
2174.95	889.146
2173.62	909.725
2172.3	945.391
2170.97	898.032
2169.65	961.979
2168.32	927.836
2167	906.905
2165.67	953.846
2164.34	885.801
2163.02	878.082
2161.69	900.508
2160.36	907.857
2159.04	873.774
2157.71	943.256
2156.38	899.768
2155.05	920.284
2153.72	903.161
2152.39	908.618
2151.06	917.836
2149.74	906.364
2148.41	872.337
2147.08	900.352
2145.75	890.771
2144.41	922.528
2143.08	886.647
2141.75	927.783
2140.42	912.57
2139.09	906.75
2137.76	923.456
2136.43	902.623
2135.09	879.924
2133.76	909.755
2132.43	935.823
2131.09	907.505
2129.76	871.7
2128.43	933.37
2127.09	884.458
2125.76	876.782
2124.42	878.474
2123.09	880.166
2121.75	842.538
2120.42	877.931
2119.08	874.007
2117.75	847.631
2116.41	826.877
2115.07	879.077
2113.74	830.276
2112.4	897.411
2111.06	886.01
2109.72	891.434
2108.38	883.776
2107.05	870.518
2105.71	917.03
2104.37	860.822
2103.03	847.576
2101.69	830.602
2100.35	886.415
2099.01	882.5
2097.67	837.549
2096.33	828.051
2094.99	829.745
2093.65	866.858
2092.31	848.041
2090.97	836.685
2089.62	827.197
2088.28	881.043
2086.94	841.753
2085.6	834.132
2084.25	878.636
2082.91	839.37
2081.57	850.361
2080.22	824.14
2078.88	818.39
2077.53	847.974
2076.19	827.348
2074.84	856.918
2073.5	791.695
2072.15	839.841
2070.81	832.236
2069.46	841.351
2068.12	830.035
2066.77	835.433
2065.42	829.692
2064.08	822.097
2062.73	855.324
2061.38	806.917
2060.03	819.732
2058.68	799.166
2057.34	882.423
2055.99	800.689
2054.64	837.584
2053.29	791.094
2051.94	820.567
2050.59	787.062
2049.24	853.554
2047.89	790.438
2046.54	786.573
2045.19	806.764
2043.83	778.847
2042.48	780.535
2041.13	834.001
2039.78	798.7
2038.43	828.11
2037.07	822.394
2035.72	809.29
2034.37	827.595
2033.01	766.475
2031.66	788.475
2030.31	762.465
2028.95	789.993
2027.6	817.51
2026.24	797.046
2024.89	796.88
2023.53	837.288
2022.17	802.081
2020.82	814.819
2019.46	777.788
2018.11	810.795
2016.75	827.208
2015.39	797.565
2014.03	793.716
2012.68	821.169
2011.32	835.725
2009.96	776.658
2008.6	796.737
2007.24	767.137
2005.88	820.317
2004.52	774.174
2003.16	759.305
2001.8	783.043
2000.44	795.744
1999.08	788.23
1997.72	758.674
1996.36	793.412
1995	789.574
1993.64	809.604
1992.27	774.562
1990.91	803.763
1989.55	759.563
1988.19	788.754
1986.82	799.593
1985.46	784.759
1984.1	777.263
1982.73	786.265
1981.37	776.939
1980	760.289
1978.64	809.585
1977.27	748.985
1975.91	798.263
1974.54	776.131
1973.18	743.027
1971.81	741.043
1970.44	777.476
1969.08	753.537
1967.71	768.009
1966.34	778.818
1964.97	796.934
1963.61	751.082
1962.24	741.79
1960.87	794.61
1959.5	798.097
1958.13	724.893
1956.76	774.032
1955.39	795.772
1954.02	760.936
1952.65	749.831
1951.28	762.442
1949.91	760.46
1948.54	736.599
1947.17	745.56
1945.8	718.066
1944.42	761.648
1943.05	715.945
1941.68	719.439
1940.31	759.35
1938.93	726.421
1937.56	729.91
1936.19	740.676
1934.81	771.453
1933.44	722.176
1932.06	700.201
1930.69	734.603
1929.31	745.357
1927.94	714.303
1926.56	752.315
1925.18	699.47
1923.81	770.165
1922.43	699.178
1921.05	755.318
1919.68	711.593
1918.3	727.778
1916.92	713.11
1915.54	709.333
1914.17	720.067
1912.79	745.304
1911.41	707.075
1910.03	746.805
1908.65	701.343
1907.27	699.384
1905.89	715.541
1904.51	679.169
1903.13	720.674
1901.75	749.489
1900.37	714.943
1898.99	664.124
1897.6	696.551
1896.22	698.215
1894.84	710.728
1893.46	723.236
1892.07	710.43
1890.69	773.538
1889.31	702.905
1887.92	681.079
1886.54	709.835
1885.15	671.765
1883.77	696.9
1882.38	725.635
1881	656.905
1879.61	705.484
1878.23	694.512
1876.84	721.42
1875.46	703.237
1874.07	697.681
1872.68	733.583
1871.29	657.744
1869.91	722.466
1868.52	684.488
1867.13	693.349
1865.74	740.017
1864.35	662.455
1862.96	750.505
1861.57	667.576
1860.19	676.431
1858.8	656.504
1857.4	668.954
1856.01	688.59
1854.62	704.623
1853.23	691.896
1851.84	677.376
1850.45	758.071
1849.06	653.744
1847.67	662.585
1846.27	714.508
1844.88	669.486
1843.49	669.346
1842.09	633.323
1840.7	669.064
1839.31	656.37
1837.91	666.99
1836.52	654.302
1835.12	664.918
1833.73	686.28
1832.33	693.302
1830.93	700.321
1829.54	682.266
1828.14	667.8
1826.75	646.18
1825.35	676.467
1823.95	674.536
1822.55	665.45
1821.16	658.156
1819.76	656.23
1818.36	632.851
1816.96	623.781
1815.56	641.52
1814.16	669.97
1812.76	694.836
1811.36	658.973
1809.96	660.62
1808.56	660.481
1807.16	662.127
1805.76	633.438
1804.36	636.872
1802.96	663.492
1801.56	666.919
1800.15	691.738
1798.75	664.855
1797.35	654.023
1795.94	678.829
1794.54	628.809
1793.14	674.981
1791.73	655.253
1790.33	660.455
1788.92	621.16
1787.52	628.147
1786.11	649.363
1784.71	686.579
1783.3	641.976
1781.9	645.397
1780.49	593.711
1779.08	623.798
1777.68	646.765
1776.27	586.229
1774.86	637.612
1773.45	612.618
1772.05	630.242
1770.64	623.009
1769.23	647.721
1767.82	658.23
1766.41	606.65
1765	677.46
1763.59	604.621
1762.18	641.72
1760.77	664.625
1759.36	598.922
1757.95	637.77
1756.54	634.093
1755.12	635.73
1753.71	603.728
1752.3	637.232
1750.89	624.709
1749.47	628.116
1748.06	590.835
1746.65	585.404
1745.23	627.718
1743.82	608.139
1742.4	611.545
1740.99	620.251
1739.58	641.321
1738.16	655.316
1736.74	637.518
1735.33	605.602
1733.91	628.422
1732.5	644.173
1731.08	615.805
1729.66	628.023
1728.24	587.324
1726.83	629.521
1725.41	583.55
1723.99	597.527
1722.57	604.45
1721.15	628.988
1719.73	609.478
1718.31	591.738
1716.89	626.828
1715.47	619.654
1714.05	593.122
1712.63	617.631
1711.21	598.149
1709.79	603.299
1708.37	622.515
1706.95	617.108
1705.52	609.946
1704.1	627.391
1702.68	574.547
1701.26	593.749
1699.83	579.573
1698.41	574.182
1696.98	630.237
1695.56	587.98
1694.14	593.12
1692.71	614.047
1691.28	573.573
1689.86	580.467
1688.43	613.656
1687.01	585.479
1685.58	616.901
1684.15	608.009
1682.73	590.362
1681.3	604.248
1679.87	553.339
1678.44	574.23
1677.02	593.361
1675.59	582.736
1674.16	584.362
1672.73	603.479
1671.3	522.904
1669.87	604.971
1668.44	575.125
1667.01	557.525
1665.58	592.354
1664.15	579.999
1662.72	585.116
1661.28	584.991
1659.85	576.138
1658.42	582.997
1656.99	542.735
1655.55	589.728
1654.12	580.881
1652.69	573.782
1651.25	584.121
1649.82	592.714
1648.39	562.958
1646.95	592.461
1645.52	569.687
1644.08	559.115
1642.64	564.221
1641.21	541.467
1639.77	548.314
1638.34	577.783
1636.9	563.74
1635.46	575.797
1634.02	566.979
1632.59	563.381
1631.15	545.876
1629.71	545.76
1628.27	564.758
1626.83	578.537
1625.39	528.041
1623.95	585.237
1622.51	572.959
1621.07	538.119
1619.63	525.856
1618.19	546.565
1616.75	534.306
1615.31	586.223
1613.87	523.674
1612.43	549.567
1610.98	544.25
1609.54	552.798
1608.1	578.668
1606.66	562.956
1605.21	581.885
1603.77	535.012
1602.32	562.595
1600.88	539.976
1599.43	536.4
1597.99	518.986
1596.54	510.228
1595.1	572.371
1593.65	548.045
1592.21	553.113
1590.76	566.82
1589.31	544.238
1587.86	578.669
1586.42	506.012
1584.97	536.983
1583.52	576.572
1582.07	497.058
1580.62	540.09
1579.17	519.273
1577.72	520.887
1576.28	543.193
1574.83	529.284
1573.37	537.79
1571.92	539.398
1570.47	559.958
1569.02	527.109
1567.57	542.496
1566.12	526.884
1564.67	497.506
1563.21	493.957
1561.76	533.429
1560.31	535.035
1558.85	524.601
1557.4	510.731
1555.95	510.622
1554.49	536.296
1553.04	563.678
1551.58	518.885
1550.13	479.265
1548.67	523.815
1547.21	530.571
1545.76	530.458
1544.3	478.854
1542.84	477.036
1541.39	504.383
1539.93	487.123
1538.47	493.878
1537.01	504.059
1535.56	495.38
1534.1	515.839
1532.64	484.888
1531.18	495.062
1529.72	508.657
1528.26	513.685
1526.8	520.422
1525.34	491.215
1523.88	465.441
1522.42	516.666
1520.95	506.293
1519.49	535.255
1518.03	477.01
1516.57	488.873
1515.1	522.948
1513.64	497.207
1512.18	493.684
1510.71	467.959
1509.25	486.642
1507.79	476.294
1506.32	467.658
1504.86	496.567
1503.39	487.93
1501.92	472.474
1500.46	499.658
1498.99	511.485
1497.53	484.102
1496.06	511.265
1494.59	482.19
1493.12	485.493
1491.66	495.608
1490.19	490.393
1488.72	473.264
1487.25	490.182
1485.78	457.745
1484.31	495.075
1482.84	474.558
1481.37	471.055
1479.9	467.553
1478.43	501.449
1476.96	460.554
1475.49	499.534
1474.02	494.331
1472.54	502.716
1471.07	500.91
1469.6	453.268
1468.13	458.263
1466.65	470.042
1465.18	471.638
1463.71	473.232
1462.23	525.7
1460.76	483.201
1459.28	469.537
1457.81	477.909
1456.33	462.557
1454.86	472.621
1453.38	467.439
1451.9	462.258
1450.43	490.938
1448.95	468.829
1447.47	461.959
1445.99	468.627
1444.52	476.983
1443.04	456.588
1441.56	453.108
1440.08	466.533
1438.6	449.532
1437.12	466.332
1435.64	481.434
1434.16	466.13
1432.68	460.964
1431.2	504.757
1429.72	455.702
1428.24	470.791
1426.75	470.689
1425.27	467.214
1423.79	487.349
1422.31	470.384
1420.82	406.23
1419.34	465.126
1417.86	475.134
1416.37	463.24
1414.89	447.983
1413.4	449.57
1411.92	467.99
1410.43	449.376
1408.95	435.817
1407.46	450.864
1405.97	425.537
1404.49	415.356
1403	462.34
1401.51	470.645
1400.03	460.46
1398.54	426.758
1397.05	470.34
1395.56	451.764
1394.07	458.383
1392.58	444.854
1391.09	448.115
1389.6	439.628
1388.11	437.855
1386.62	404.216
1385.13	456.112
1383.64	442.601
1382.15	412.334
1380.66	407.218
1379.17	494.252
1377.67	422.117
1376.18	433.748
1374.69	398.493
1373.19	381.667
1371.7	411.71
1370.21	455.125
1368.71	434.952
1367.22	464.963
1365.72	426.403
1364.23	439.685
1362.73	416.189
1361.23	417.77
1359.74	416.009
1358.24	429.282
1356.74	457.578
1355.25	427.426
1353.75	420.656
1352.25	447.268
1350.75	405.457
1349.25	450.41
1347.76	418.624
1346.26	383.516
1344.76	410.107
1343.26	438.352
1341.76	396.598
1340.26	419.836
1338.75	434.736
1337.25	426.315
1335.75	397.918
1334.25	396.167
1332.75	409.395
1331.25	402.651
1329.74	420.862
1328.24	424.097
1326.74	400.726
1325.23	408.951
1323.73	392.242
1322.22	393.818
1320.72	407.023
1319.21	418.561
1317.71	411.828
1316.2	408.418
1314.7	428.248
1313.19	399.943
1311.68	406.493
1310.18	449.533
1308.67	366.514
1307.16	417.834
1305.65	359.723
1304.14	407.708
1302.63	419.219
1301.13	405.874
1299.62	437.255
1298.11	370.924
1296.6	370.843
1295.09	402.211
1293.58	441.839
1292.06	402.036
1290.55	395.332
1289.04	405.168
1287.53	381.933
1286.02	398.38
1284.5	390.03
1282.99	436.209
1281.48	386.556
1279.96	379.865
1278.45	422.715
1276.94	404.463
1275.42	394.472
1273.91	417.488
1272.39	417.397
1270.87	376.07
1269.36	385.883
1267.84	413.827
1266.33	418.681
1264.81	383.982
1263.29	395.432
1261.77	411.819
1260.26	405.141
1258.74	380.354
1257.22	375.333
1255.7	396.647
1254.18	399.851
1252.66	407.99
1251.14	361.847
1249.62	388.079
1248.1	389.638
1246.58	376.404
1245.06	387.825
1243.54	372.953
1242.01	361.374
1240.49	367.864
1238.97	389.128
1237.45	336.514
1235.92	351.211
1234.4	365.902
1232.88	357.619
1231.35	390.343
1229.83	382.059
1228.3	347.549
1226.78	391.726
1225.25	388.363
1223.72	362.066
1222.2	353.797
1220.67	389.746
1219.14	384.75
1217.62	386.302
1216.09	386.218
1214.56	371.408
1213.03	363.148
1211.5	377.787
1209.98	389.15
1208.45	361.275
1206.92	371.002
1205.39	364.385
1203.86	349.602
1202.33	367.492
1200.79	339.651
1199.26	395.085
1197.73	377.044
1196.2	321.478
1194.67	378.51
1193.13	368.64
1191.6	368.559
1190.07	363.587
1188.53	350.467
1187	365.058
1185.47	335.649
1183.93	340.463
1182.4	368.075
1180.86	340.314
1179.33	366.286
1177.79	351.557
1176.25	366.125
1174.72	351.403
1173.18	336.688
1171.64	382.146
1170.1	339.792
1168.57	321.837
1167.03	354.268
1165.49	359.065
1163.95	357.362
1162.41	349.163
1160.87	340.968
1159.33	345.763
1157.79	340.818
1156.25	360.215
1154.71	355.269
1153.17	368.166
1151.63	314.575
1150.08	314.506
1148.54	358.199
1147	335.434
1145.46	330.5
1143.91	341.765
1142.37	336.832
1140.82	333.52
1139.28	307.548
1137.73	347.938
1136.19	333.3
1134.64	355.873
1133.1	338.005
1131.55	347.632
1130.01	318.458
1128.46	324.853
1126.91	313.471
1125.36	337.634
1123.82	334.329
1122.27	385.928
1120.72	329.339
1119.17	303.442
1117.62	327.58
1116.07	330.735
1114.52	335.501
1112.97	298.337
1111.42	312.781
1109.87	333.668
1108.32	304.586
1106.77	343.188
1105.22	312.506
1103.66	331.763
1102.11	312.368
1100.56	315.519
1099	326.716
1097.45	334.689
1095.9	334.615
1094.34	313.633
1092.79	336.076
1091.23	294.203
1089.68	321.462
1088.12	313.356
1086.56	332.566
1085.01	308.399
1083.45	314.755
1081.89	306.658
1080.34	329.063
1078.78	322.571
1077.22	311.268
1075.66	328.845
1074.1	335.187
1072.54	328.7
1070.98	307.788
1069.43	320.541
1067.86	331.687
1066.3	294.768
1064.74	341.15
1063.18	342.676
1061.62	307.38
1060.06	342.525
1058.5	332.848
1056.93	303.977
1055.37	307.109
1053.81	302.243
1052.24	322.961
1050.68	321.291
1049.12	348.388
1047.55	330.736
1045.99	335.455
1044.42	306.634
1042.85	301.776
1041.29	306.498
1039.72	323.986
1038.16	311.149
1036.59	307.89
1035.02	306.227
1033.45	336.456
1031.88	322.034
1030.32	291.679
1028.75	333.046
1027.18	318.634
1025.61	310.599
1024.04	310.53
1022.47	324.791
1020.9	327.902
1019.33	296.001
1017.76	291.163
1016.18	303.824
1014.61	340.335
1013.04	311.639
1011.47	322.698
1009.89	322.626
1008.32	298.721
1006.75	319.306
1005.17	339.882
1003.6	325.516
1002.02	312.744
1000.45	326.959
998.873	298.324
997.297	303.017
995.721	306.122
994.145	302.882
992.568	302.815
990.991	309.088
989.413	293.173
987.835	302.614
986.257	294.627
984.678	311.982
983.099	299.246
981.52	307.094
979.94	319.687
978.36	297.464
976.78	306.89
975.199	283.098
973.618	330.471
972.037	284.553
970.455	295.554
968.873	301.809
967.29	308.061
965.707	290.618
964.124	288.975
962.541	301.54
960.957	298.317
959.373	307.719
957.788	288.718
956.203	293.386
954.618	290.167
953.032	296.409
951.446	324.716
949.86	283.669
948.273	266.275
946.686	277.242
945.099	303.953
943.511	300.737
941.923	299.096
940.334	325.784
938.745	272.213
937.156	308.335
935.567	292.538
933.977	298.763
932.387	293.98
930.796	267.195
929.205	295.421
927.614	296.926
926.022	303.143
924.43	293.653
922.838	312.427
921.245	299.801
919.652	271.487
918.058	298.098
916.465	299.6
914.87	321.489
913.276	301.035
911.681	294.697
910.086	302.468
908.49	308.668
906.894	291.367
905.298	292.868
903.701	278.711
902.104	278.649
900.507	283.282
898.909	292.607
897.311	319.137
895.713	309.681
894.114	314.303
892.515	293.909
890.916	287.592
889.316	296.904
887.715	326.521
886.115	290.523
884.514	307.636
882.913	299.761
881.311	290.329
879.709	312.112
878.107	310.482
876.504	301.053
874.901	308.783
873.298	300.919
871.694	299.293
870.09	316.369
868.485	294.484
866.88	300.65
865.275	311.484
863.669	288.059
862.064	322.242
860.457	301.937
858.851	311.206
857.244	311.136
855.636	312.622
854.028	304.777
852.42	284.499
850.812	285.989
849.203	335.651
847.594	321.594
845.984	326.182
844.375	298.156
842.764	298.09
841.154	307.336
839.543	299.508
837.931	335.126
836.32	300.925
834.708	299.307
833.095	342.653
831.482	311.574
829.869	297.556
828.256	311.434
826.642	305.168
825.028	303.551
823.413	325.16
821.798	326.635
820.183	303.347
818.567	329.583
816.951	312.493
815.335	303.143
813.718	296.89
812.101	330.834
810.483	324.577
808.865	310.597
807.247	322.887
805.629	322.814
804.01	305.755
802.39	319.582
800.771	345.75
799.151	325.611
797.53	305.481
795.91	323.922
794.288	302.259
792.667	317.609
791.045	306.748
789.423	329.796
787.8	314.314
786.177	277.274
784.554	318.793
782.93	297.165
781.306	321.728
779.682	324.734
778.057	316.968
776.432	326.126
774.807	324.515
773.181	304.453
771.554	308.996
769.928	324.296
768.301	308.857
766.674	316.469
765.046	319.47
763.418	316.327
761.789	294.762
760.161	314.65
758.531	299.233
756.902	296.098
755.272	302.166
753.642	302.098
752.011	306.63
750.38	308.094
748.749	318.751
747.117	303.358
745.485	286.441
743.852	313.942
742.22	304.685
740.586	321.454
738.953	292.304
737.319	315.189
735.685	313.588
734.05	315.047
732.415	295.099
730.779	276.688
729.144	294.966
727.507	296.427
725.871	336.079
724.234	287.13
722.597	303.861
720.959	291.58
719.321	320.513
717.683	308.233
716.044	265.448
714.405	303.519
712.765	304.975
711.126	278.989
709.485	303.313
707.845	294.102
706.204	284.894
704.563	300.061
702.921	319.79
701.279	290.791
699.636	281.593
697.993	293.703
696.35	298.201
694.707	308.782
693.063	316.316
691.419	284.316
689.774	294.892
688.129	278.108
686.483	311.472
684.838	293.173
683.191	309.812
681.545	305.187
679.898	297.528
678.251	314.155
676.603	289.807
674.955	317.047
673.307	295.742
671.658	301.74
670.009	297.124
668.359	280.385
666.709	310.627
665.059	307.527
663.408	298.37
661.757	295.274
660.106	301.263
658.454	281.518
656.802	304.152
655.15	287.442
653.497	313.09
651.844	272.19
650.19	294.806
648.536	323.457
646.881	333.962
645.227	308.203
643.572	293.028
641.916	314.104
640.26	303.464
638.604	288.301
636.947	285.217
635.29	300.24
633.633	307.714
631.975	285.023
630.317	280.435
628.659	293.938
627	290.857
625.34	299.832
623.681	289.219
622.021	287.647
620.36	304.145
618.7	304.075
617.038	266.382
615.377	317.479
613.715	300.86
612.053	314.327
610.39	312.752
608.727	300.655
607.064	290.066
605.4	291.503
603.736	300.45
602.071	297.378
600.406	279.291
598.741	291.238
597.075	279.165
595.409	285.103
593.743	303.041
592.076	299.972
590.409	316.399
588.741	305.833
587.073	293.772
585.405	316.183
583.736	281.653
582.067	302.559
580.397	326.449
578.728	287.45
577.057	294.868
575.387	288.815
573.716	317.176
572.044	308.129
570.373	303.572
568.7	288.552
567.028	309.413
565.355	300.376
563.682	286.861
562.008	295.758
560.334	328.545
558.66	315.033
556.985	320.932
555.31	286.535
553.634	292.437
551.958	293.862
550.282	310.2
548.605	311.62
546.928	332.419
545.25	289.123
543.573	292.037
541.894	262.178
540.216	288.926
538.537	306.727
536.857	309.635
535.178	317.005
533.497	339.252
531.817	315.373
530.136	297.454
528.455	303.334
526.773	309.211
525.091	315.085
523.408	325.415
521.725	314.941
520.042	332.692
518.359	299.949
516.675	305.818
514.99	296.843
513.305	324.969
511.62	310.059
509.935	317.404
508.249	306.952
506.562	320.224
504.876	329.044
503.189	312.669
501.501	315.56
499.813	314.007
498.125	302.089
496.436	290.176
494.747	310.831
493.058	310.76
491.368	335.84
489.678	309.139
487.987	300.195
486.297	317.868
484.605	298.58
482.913	297.034
481.221	310.263
479.529	313.146
477.836	276.155
476.143	302.667
474.449	286.361
472.755	320.238
471.061	305.41
469.366	299.44
467.67	311.169
465.975	305.201
464.279	325.767
462.582	310.956
460.886	352.139
459.189	310.813
457.491	334.305
455.793	310.67
454.095	320.903
452.396	312
450.697	317.814
448.997	300.088
447.298	305.902
445.597	304.362
443.897	302.822
442.196	336.555
440.494	310.03
438.792	317.303
437.09	333.386
435.387	283.386
433.684	333.233
431.981	321.415
430.277	330.145
428.573	318.334
426.868	299.194
425.163	344.581
423.458	306.387
421.752	322.438
420.046	332.621
418.34	345.729
416.633	298.782
414.925	316.285
413.218	322.068
411.51	305.894
409.801	305.824
408.092	298.439
406.383	318.846
404.673	315.849
402.963	337.705
401.253	317.165
399.542	306.863
397.831	330.167
396.119	314.025
394.407	332.936
392.694	332.859
390.982	313.808
389.268	321.032
387.555	331.17
385.841	325.26
384.126	326.643
382.411	328.026
380.696	327.95
378.981	326.417
377.265	342.368
375.548	308.788
373.832	299.98
372.114	333.396
370.397	304.208
368.679	321.601
366.96	357.898
365.242	322.907
363.523	328.649
361.803	325.666
360.083	324.137
358.363	312.437
356.642	299.289
354.921	334.081
353.199	307.864
351.477	315.052
349.755	329.495
348.032	314.907
346.309	324.99
344.586	314.762
342.862	324.84
341.137	321.866
339.413	315.993
337.688	324.615
335.962	323.091
334.236	315.774
332.51	333.079
330.783	330.107
329.056	311.213
327.328	316.93
325.601	334.219
323.872	328.355
322.144	345.633
320.414	348.445
318.685	332.464
316.955	328.052
315.225	329.421
313.494	320.678
311.763	333.601
310.031	343.63
308.299	321.899
306.567	327.597
304.834	321.75
303.101	344.755
301.368	325.927
299.634	337.386
297.9	314.244
296.165	318.495
294.43	328.507
292.694	319.788
290.958	352.838
289.222	322.52
287.485	297.974
285.748	332.444
284.011	333.806
282.273	342.36
280.534	314.955
278.795	300.504
277.056	343.559
275.317	313.299
273.577	344.837
271.836	321.773
270.096	334.624
268.355	331.675
266.613	351.694
264.871	324.345
263.129	305.617
261.386	328.498
259.643	315.514
257.899	338.382
256.155	338.304
254.411	326.76
252.666	330.983
250.921	323.743
249.175	309.347
247.429	300.684
245.683	329.244
243.936	320.58
242.189	319.075
240.441	307.557
238.693	320.357
236.944	298.835
235.196	324.497
233.446	324.421
231.697	337.205
229.947	314.271
228.196	315.626
226.445	324.12
224.694	329.754
222.942	326.823
221.19	338.162
219.437	319.539
217.685	339.431
215.931	320.816
214.177	310.763
212.423	329.218
210.669	312.043
208.914	314.819
207.158	346.078
205.403	308.977
203.646	344.494
201.89	335.874
200.133	307.339
