4501.29	2602.97
4500.4	2560.53
4499.52	2514.82
4498.64	2568.12
4497.75	2550.71
4496.87	2567.23
4495.98	2532.86
4495.1	2348.71
4494.22	2475.46
4493.33	2537.19
4492.45	2432.23
4491.56	2448.75
4490.68	2400.32
4489.79	2453.55
4488.9	2385.37
4488.02	2427.29
4487.13	2477.66
4486.25	2384.12
4485.36	2386.53
4484.47	2352.27
4483.59	2318.02
4482.7	2399.38
4481.81	2379.23
4480.93	2359.09
4480.04	2412.22
4479.15	2451.24
4478.26	2324.05
4477.38	2368.71
4476.49	2359.85
4475.6	2277.79
4474.71	2237.98
4473.83	2285.44
4472.94	2369.46
4472.05	2309.97
4471.16	2275.81
4470.27	2255.72
4469.38	2266.58
4468.49	2277.43
4467.6	2344.5
4466.71	2332.85
4465.82	2332.44
4464.93	2320.8
4464.04	2283.87
4463.15	2289.09
4462.26	2229.72
4461.37	2268.64
4460.48	2206.49
4459.59	2172.42
4458.7	2343.22
4457.81	2196.91
4456.92	2289.11
4456.03	2353.22
4455.14	2291.11
4454.24	2262.67
4453.35	2223.03
4452.46	2163.79
4451.57	2272.7
4450.68	2221.87
4449.78	2271.91
4448.89	2218.29
4448	2287.92
4447.11	2225.92
4446.21	2175.14
4445.32	2325.9
4444.43	2210.76
4443.53	2224.37
4442.64	2156.84
4441.75	2237.57
4440.85	2245.57
4439.96	2217.22
4439.06	2297.9
4438.17	2152.16
4437.27	2257.98
4436.38	2260.38
4435.48	2282.33
4434.59	2217.69
4433.69	2298.29
4432.8	2342.56
4431.9	2244.44
4431.01	2269.17
4430.11	2212.96
4429.22	2340.92
4428.32	2231.72
4427.42	2351.26
4426.53	2306.23
4425.63	2283.52
4424.73	2266.4
4423.84	2282.73
4422.94	2293.47
4422.04	2323.72
4421.14	2320.53
4420.25	2334.05
4419.35	2272.38
4418.45	2249.7
4417.55	2318.91
4416.65	2324.07
4415.76	2426.63
4414.86	2359.42
4413.96	2375.7
4413.06	2330.79
4412.16	2369.31
4411.26	2385.58
4410.36	2293.42
4409.46	2368.07
4408.56	2498.26
4407.66	2453.37
4406.76	2455.72
4405.86	2510.84
4404.96	2515.95
4404.06	2371.13
4403.16	2442.89
4402.26	2486.88
4401.36	2442.04
4400.46	2530.4
4399.56	2502.21
4398.66	2482.36
4397.76	2520.75
4396.85	2475.95
4395.95	2547.59
4395.05	2610.89
4394.15	2527.3
4393.25	2557.33
4392.34	2482.09
4391.44	2545.36
4390.54	2575.37
4389.64	2550
4388.73	2607.69
4387.83	2621.07
4386.93	2601.24
4386.02	2609.08
4385.12	2630.76
4384.21	2563.91
4383.31	2687.91
4382.41	2546.43
4381.5	2670.38
4380.6	2744.53
4379.69	2534.03
4378.79	2633.05
4377.88	2646.4
4376.98	2770.23
4376.07	2703.47
4375.17	2774.78
4374.26	2777.05
4373.36	2776.56
4372.45	2698.81
4371.54	2692.82
4370.64	2742
4369.73	2804.95
4368.82	2870.64
4367.92	2773.64
4367.01	2842.07
4366.1	2761.64
4365.2	2752.89
4364.29	2876.39
4363.38	2856.6
4362.47	2825.8
4361.57	2745.45
4360.66	2929.43
4359.75	2860.1
4358.84	2851.34
4357.93	2782.05
4357.02	2913.62
4356.11	3006.63
4355.21	2942.85
4354.3	2868.09
4353.39	3007.8
4352.48	2919.31
4351.57	2960.02
4350.66	3050.18
4349.75	2978.21
4348.84	2972.19
4347.93	2968.92
4347.02	3048.04
4346.11	3011.81
4345.2	3101.86
4344.29	2983.3
4343.37	2938.87
4342.46	3064.56
4341.55	3080.48
4340.64	2986.69
4339.73	3082.14
4338.82	2988.38
4337.9	3122.17
4336.99	3020.22
4336.08	3129.29
4335.17	2972.58
4334.26	3100.8
4333.34	3078.34
4332.43	3173.64
4331.52	3101.9
4330.6	3109.57
4329.69	3073.44
4328.78	3264.44
4327.86	3162.64
4326.95	3134.73
4326.03	3087.68
4325.12	3248.47
4324.21	3179.55
4323.29	3146.19
4322.38	3222.16
4321.46	3082.23
4320.55	3109.01
4319.63	3187.68
4318.72	3198.04
4317.8	3145.6
4316.88	3218.75
4315.97	3373.77
4315.05	3212.16
4314.14	3206.14
4313.22	3382.9
4312.3	3142.27
4311.39	3376.25
4310.47	3402.93
4309.55	3257.84
4308.63	3276.34
4307.72	3360.25
4306.8	3378.73
4305.88	3209.22
4304.96	3238.62
4304.05	3357.88
4303.13	3316.44
4302.21	3375.75
4301.29	3342.49
4300.37	3363.67
4299.45	3259.68
4298.54	3294.47
4297.62	3277.57
4296.7	3358.58
4295.78	3241.07
4294.86	3256.81
4293.94	3286.13
4293.02	3242.07
4292.1	3336.59
4291.18	3333.29
4290.26	3354.43
4289.34	3361.98
4288.42	3418.41
4287.5	3377.08
4286.57	3297.78
4285.65	3389.46
4284.73	3318.32
4283.81	3304.17
4282.89	3357.83
4281.97	3265.03
4281.04	3278.01
4280.12	3290.99
4279.2	3385.27
4278.28	3330.47
4277.35	3367.82
4276.43	3345.55
4275.51	3323.29
4274.59	3376.86
4273.66	3427.71
4272.74	3405.45
4271.81	3366.95
4270.89	3398.83
4269.97	3433.4
4269.04	3511.24
4268.12	3388.91
4267.19	3391.02
4266.27	3333.64
4265.34	3346.57
4264.42	3405.43
4263.49	3453.47
4262.57	3298.86
4261.64	3433.34
4260.72	3365.21
4259.79	3359.22
4258.87	3391.02
4257.94	3366.13
4257.01	3500.47
4256.09	3405.41
4255.16	3499.23
4254.23	3447.36
4253.31	3597.78
4252.38	3497.38
4251.45	3574.94
4250.52	3372.14
4249.6	3595.24
4248.67	3462.56
4247.74	3445.79
4246.81	3501.74
4245.88	3509.2
4244.96	3586.67
4244.03	3540.26
4243.1	3394.28
4242.17	3514.79
4241.24	3463.04
4240.31	3483.95
4239.38	3453.74
4238.45	3436.99
4237.52	3414.87
4236.59	3572.88
4235.66	3480.86
4234.73	3585.05
4233.8	3538.74
4232.87	3376.92
4231.94	3542.86
4231.01	3480.46
4230.08	3504.01
4229.15	3468.49
4228.22	3524.24
4227.28	3518.25
4226.35	3410.3
4225.42	3541.14
4224.49	3511.01
4223.56	3462.11
4222.62	3520.49
4221.69	3409.95
4220.76	3575.52
4219.83	3448.94
4218.89	3571.58
4217.96	3549.51
4217.03	3497.99
4216.09	3534.86
4215.16	3488.72
4214.23	3555.02
4213.29	3693.57
4212.36	3620.66
4211.42	3638.74
4210.49	3643.45
4209.55	3717.69
4208.62	3481.71
4207.68	3502.48
4206.75	3525.91
4205.81	3626.85
4204.88	3583.45
4203.94	3489.3
4203.01	3544.78
4202.07	3533.46
4201.13	3447.38
4200.2	3486.82
4199.26	3579.63
4198.32	3659.06
4197.39	3554.34
4196.45	3519.02
4195.51	3638.43
4194.58	3408.42
4193.64	3589.14
4192.7	3628.49
4191.76	3627.85
4190.82	3584.56
4189.89	3669.19
4188.95	3617.92
4188.01	3715.83
4187.07	3643.26
4186.13	3549.42
4185.19	3623.33
4184.25	3739.8
4183.31	3563.49
4182.37	3650.67
4181.43	3735.15
4180.49	3537.65
4179.55	3582.23
4178.61	3549.69
4177.67	3610.2
4176.73	3604.24
4175.79	3635.49
4174.85	3531.21
4173.91	3551.84
4172.97	3596.36
4172.03	3709.91
4171.09	3637.56
4170.14	3636.91
4169.2	3673.42
4168.26	3601.12
4167.32	3658.85
4166.38	3636.97
4165.43	3649.59
4164.49	3630.37
4163.55	3635.03
4162.6	3745.72
4161.66	3723.85
4160.72	3590.68
4159.77	3650.98
4158.83	3650.33
4157.89	3723.84
4156.94	3717.88
4156	3674.85
4155.05	3708.61
4154.11	3752.94
4153.16	3683.47
4152.22	3754.25
4151.27	3692.74
4150.33	3692.08
4149.38	3620.02
4148.44	3666.97
4147.49	3705.96
4146.55	3657.73
4145.6	3651.79
4144.65	3630
4143.71	3687.47
4142.76	3723.78
4141.81	3651.82
4140.87	3669.65
4139.92	3687.47
4138.97	3755.43
4138.03	3796.98
4137.08	3730.35
4136.13	3732.32
4135.18	3744.84
4134.23	3654.52
4133.29	3709.23
4132.34	3835.08
4131.39	3678.91
4130.44	3741.49
4129.49	3735.55
4128.54	3632.16
4127.59	3778.99
4126.64	3662.46
4125.69	3751.31
4124.74	3684.84
4123.79	3813.13
4122.84	3686.15
4121.89	3845.96
4120.94	3747.96
4119.99	3636.84
4119.04	3725.58
4118.09	3719.66
4117.14	3797.84
4116.19	3765.63
4115.24	3699.27
4114.28	3714.37
4113.33	3779.37
4112.38	3644.77
4111.43	3730.76
4110.48	3769.46
4109.52	3724.17
4108.57	3781.23
4107.62	3772.69
4106.66	3667.09
4105.71	3857.88
4104.76	3731.33
4103.8	3811.93
4102.85	3785.04
4101.9	3768.63
4100.94	3702.45
4099.99	3772.52
4099.03	3842.57
4098.08	3857.59
4097.12	3822.86
4096.17	3756.73
4095.21	3845.05
4094.26	3752.77
4093.3	3807.04
4092.35	3720.03
4091.39	3763.83
4090.44	3729.16
4089.48	3749.41
4088.52	3795.79
4087.57	3936.25
4086.61	3817.95
4085.65	3992.32
4084.7	3811.35
4083.74	3714.03
4082.78	3697.7
4081.82	3738.81
4080.87	3717.25
4079.91	3727.03
4078.95	3807.25
4077.99	3850.92
4077.03	3959.79
4076.08	3786.95
4075.12	3864.5
4074.16	3928.98
4073.2	3753.63
4072.24	3802.47
4071.28	3864.33
4070.32	3960.03
4069.36	3745.72
4068.4	3719.01
4067.44	3921.44
4066.48	3800.98
4065.52	3797.69
4064.56	3968.78
4063.6	3780.72
4062.64	3842.48
4061.68	3810.57
4060.72	3932.12
4059.75	3822.2
4058.79	3813.72
4057.83	3784.44
4056.87	3827.94
4055.91	3715.53
4054.94	3774.61
4053.98	3958.34
4053.02	3773.25
4052.06	3769.98
4051.09	3784.87
4050.13	3789.38
4049.17	3830.22
4048.2	3775.05
4047.24	3831.44
4046.27	3900.78
4045.31	3876.74
4044.35	3800.85
4043.38	3826.09
4042.42	3882.42
4041.45	3892.09
4040.49	3847.34
4039.52	3958.04
4038.56	3820.06
4037.59	3811.61
4036.63	3870.46
4035.66	3830.94
4034.69	3884.6
4033.73	3896.84
4032.76	3968.57
4031.8	3931.65
4030.83	3912.84
4029.86	3943.16
4028.89	3872.65
4027.93	3864.2
4026.96	3889.34
4025.99	3960.99
4025.02	3838.86
4024.06	3987.97
4023.09	3845.22
4022.12	3971.05
4021.15	3947.1
4020.18	3910.25
4019.21	3888.9
4018.25	3867.56
4017.28	3828.17
4016.31	4036.39
4015.34	3852.58
4014.37	3924.07
4013.4	3995.54
4012.43	3981.93
4011.46	3906.49
4010.49	3880.02
4009.52	3897.35
4008.55	4046.02
4007.58	4104.52
4006.6	4018.82
4005.63	3873.95
4004.66	3834.65
4003.69	4001.21
4002.72	3869.28
4001.75	3691.1
4000.77	4011.9
3999.8	3988.03
3998.83	3992.46
3997.86	3912.05
3996.88	3911.35
3995.91	3861.82
3994.94	3933.06
3993.96	3906.66
3992.99	4080.58
3992.02	3987.41
3991.04	3976.42
3990.07	3916.67
3989.1	4018.61
3988.12	3984.53
3987.15	3953.03
3986.17	3970.27
3985.2	4120.85
3984.22	4020.11
3983.25	3914.29
3982.27	4000.72
3981.3	4110.18
3980.32	4086.38
3979.34	3962.69
3978.37	4023.44
3977.39	4004.78
3976.41	4039.9
3975.44	4064.77
3974.46	4125.46
3973.48	4040.27
3972.51	4008.84
3971.53	3969.75
3970.55	3951.13
3969.57	4093.6
3968.6	3949.7
3967.62	4025.66
3966.64	3904.83
3965.66	3990.99
3964.68	4102.67
3963.7	4030.41
3962.73	4014.36
3961.75	4013.63
3960.77	4002.7
3959.79	3986.66
3958.81	4072.7
3957.83	3977.56
3956.85	4032.96
3955.87	3968.47
3954.89	4128.4
3953.91	4137.85
3952.93	3991.8
3951.94	4024.21
3950.96	3982.71
3949.98	4129.76
3949	4103.54
3948.02	4003.47
3947.04	4010.38
3946.06	4075.85
3945.07	3973.3
3944.09	4107.46
3943.11	4127.07
3942.13	3996.58
3941.14	4039.09
3940.16	4216.37
3939.18	4134.24
3938.19	4036.89
3937.21	4183.58
3936.23	4177.74
3935.24	4004.21
3934.26	4102.55
3933.27	3987.52
3932.29	4050.28
3931.3	4031.77
3930.32	4127.5
3929.33	3997.32
3928.35	4153.92
3927.36	4130.33
3926.38	3974.85
3925.39	4098.4
3924.41	4036.8
3923.42	4200.85
3922.43	4172.21
3921.45	4082.75
3920.46	4142.82
3919.47	4055.93
3918.49	4047.6
3917.5	3983.55
3916.51	4068.92
3915.52	4134
3914.54	4009.22
3913.55	4018.62
3912.56	4068.49
3911.57	4143.64
3910.58	4029.07
3909.6	4056.16
3908.61	4090.82
3907.62	4254.39
3906.63	4066.58
3905.64	4146.71
3904.65	4178.8
3903.66	4170.46
3902.67	4146.97
3901.68	4194.2
3900.69	4145.46
3899.7	4164.9
3898.71	4166.67
3897.72	4153.3
3896.73	4213.09
3895.74	4106.38
3894.74	4191.38
3893.75	4160.36
3892.76	4023.47
3891.77	4204.22
3890.78	4145.49
3889.79	4147.26
3888.79	4096.12
3887.8	4092.85
3886.81	4147.51
3885.81	4194.59
3884.82	4198.86
3883.83	4099.94
3882.83	4240.11
3881.84	4224.25
3880.85	4241.08
3879.85	4124.62
3878.86	4076.09
3877.86	4103.01
3876.87	4258.11
3875.88	4156.8
3874.88	4140.97
3873.89	4240.7
3872.89	4227.37
3871.89	4246.69
3870.9	4158.04
3869.9	4154.77
3868.91	4214.25
3867.91	4108.08
3866.91	4215.23
3865.92	4214.46
3864.92	4271.38
3863.92	4167.78
3862.93	4202.12
3861.93	4289.09
3860.93	4120.39
3859.93	4207.34
3858.94	4276.73
3857.94	4175.75
3856.94	4104.86
3855.94	4279.39
3854.94	4296.14
3853.94	4140.16
3852.95	4101.87
3851.95	4273.77
3850.95	4090.36
3849.95	4199.67
3848.95	4193.9
3847.95	4273.15
3846.95	4174.87
3845.95	4326.58
3844.95	4078.39
3843.95	4252.54
3842.95	4294.23
3841.95	4323.42
3840.94	4117.86
3839.94	4236.95
3838.94	4253.65
3837.94	4148.05
3836.94	4369.38
3835.94	4151.53
3834.93	4185.69
3833.93	4087.66
3832.93	4278.91
3831.93	4300.57
3830.92	4192.6
3829.92	4291.52
3828.92	4283.26
3827.91	4265.04
3826.91	4346.46
3825.91	4176.32
3824.9	4302.54
3823.9	4286.82
3822.89	4101.85
3821.89	4213.08
3820.88	4374.04
3819.88	4395.62
3818.87	4245.59
3817.87	4200.05
3816.86	4288.79
3815.86	4407.32
3814.85	4411.49
3813.84	4177.1
3812.84	4444.66
3811.83	4366.84
3810.83	4318.85
3809.82	4330.48
3808.81	4344.58
3807.8	4130.32
3806.8	4347.95
3805.79	4436.48
3804.78	4294.26
3803.77	4266.19
3802.77	4230.69
3801.76	4239.84
3800.75	4363.01
3799.74	4394.43
3798.73	4378.76
3797.72	4343.27
3796.71	4337.52
3795.7	4411.02
3794.69	4422.6
3793.68	4300.47
3792.67	4341.77
3791.66	4261.77
3790.65	4221.4
3789.64	4289.9
3788.63	4318.79
3787.62	4416.93
3786.61	4334.52
3785.6	4440.03
3784.59	4367.53
3783.58	4307.42
3782.56	4160.85
3781.55	4362.66
3780.54	4384.09
3779.53	4304.26
3778.52	4338.04
3777.5	4312.56
3776.49	4570.92
3775.48	4313.44
3774.46	4332.39
3773.45	4442.6
3772.44	4357.93
3771.42	4403.98
3770.41	4341.54
3769.39	4335.81
3768.38	4364.59
3767.36	4583.08
3766.35	4407.33
3765.34	4416.37
3764.32	4344.14
3763.3	4372.89
3762.29	4455.79
3761.27	4319.6
3760.26	4387.71
3759.24	4369.68
3758.23	4395.93
3757.21	4370.53
3756.19	4394.32
3755.18	4482.02
3754.16	4407.45
3753.14	4524.61
3752.12	4457.43
3751.11	4520.49
3750.09	4387.02
3749.07	4440.24
3748.05	4495.9
3747.03	4423.88
3746.02	4423.06
3745	4360.9
3743.98	4350.28
3742.96	4445.16
3741.94	4481.13
3740.92	4450.88
3739.9	4356.89
3738.88	4414.92
3737.86	4463.13
3736.84	4643.64
3735.82	4510.48
3734.8	4438.62
3733.78	4589.65
3732.76	4583.9
3731.74	4448.41
3730.71	4503.89
3729.69	4490.82
3728.67	4582.97
3727.65	4476.93
3726.63	4505.46
3725.61	4521.75
3724.58	4501.36
3723.56	4630.09
3722.54	4580.36
3721.51	4623.5
3720.49	4625.09
3719.47	4570.5
3718.44	4525.69
3717.42	4576.14
3716.4	4599.71
3715.37	4716.03
3714.35	4680.99
3713.32	4580.08
3712.3	4554.84
3711.27	4602.79
3710.25	4648.28
3709.22	4576.71
3708.2	4551.49
3707.17	4606.71
3706.15	4659.47
3705.12	4619.63
3704.09	4487.23
3703.07	4642.28
3702.04	4641.42
3701.01	4594.31
3699.99	4695.7
3698.96	4724.04
3697.93	4728.03
3696.9	4627.41
3695.88	4723.85
3694.85	4637.86
3693.82	4719.68
3692.79	4786.88
3691.76	4846.76
3690.74	4755.95
3689.71	4806.09
3688.68	4720.18
3687.65	4801.89
3686.62	4810.72
3685.59	4792.83
3684.56	4862.35
3683.53	4791.06
3682.5	4957.61
3681.47	4891.19
3680.44	5038.26
3679.41	4850.58
3678.38	4907.88
3677.34	4970.01
3676.31	4973.93
3675.28	4943.93
3674.25	4964.83
3673.22	4937.26
3672.19	5011.43
3671.15	5095.27
3670.12	5108.85
3669.09	5074.02
3668.06	5060.98
3667.02	5144.74
3665.99	5194.59
3664.96	5118.64
3663.92	5178.16
3662.89	5336.8
3661.85	5318.89
3660.82	5303.4
3659.79	5314.5
3658.75	5279.69
3657.72	5464.73
3656.68	5487.88
3655.65	5525.5
3654.61	5481.02
3653.57	5595.88
3652.54	5599.67
3651.5	5820.65
3650.47	5780.96
3649.43	5789.54
3648.39	5875.3
3647.36	5797.04
3646.32	5882.77
3645.28	5806.95
3644.25	6107.13
3643.21	6187.93
3642.17	6314.47
3641.13	6332.57
3640.09	6357.89
3639.06	6344.67
3638.02	6478.31
3636.98	6592.64
3635.94	6620.29
3634.9	6833.21
3633.86	6704.44
3632.82	6763.33
3631.78	6863.07
3630.74	7006.05
3629.7	6879.76
3628.66	7258.21
3627.62	7206.41
3626.58	7111.37
3625.54	7285.4
3624.5	7356.1
3623.46	7457.98
3622.42	7434.99
3621.38	7664.04
3620.33	7595.42
3619.29	7498.04
3618.25	7671.76
3617.21	7610.38
3616.17	7733.66
3615.12	7852.11
3614.08	7586.96
3613.04	7839.6
3611.99	7900.45
3610.95	7760.03
3609.91	7605.28
3608.86	7737.98
3607.82	7691.05
3606.77	7718.35
3605.73	7558.94
3604.69	7689.16
3603.64	7840.86
3602.6	7676.73
3601.55	7527.01
3600.5	7525.61
3599.46	7464.44
3598.41	7608.87
3597.37	7480.79
3596.32	7266.72
3595.27	7544.9
3594.23	7393.01
3593.18	7348.65
3592.13	7261.32
3591.09	7217
3590.04	7413.77
3588.99	7102.15
3587.94	7329.88
3586.9	7316.59
3585.85	7200.74
3584.8	7080.17
3583.75	7050.24
3582.7	7025.09
3581.65	6937.98
3580.6	7110.64
3579.56	7092.64
3578.51	6998.42
3577.46	6956.63
3576.41	6924.38
3575.36	7080.22
3574.31	6981.31
3573.26	6906.23
3572.2	6983.47
3571.15	6851.33
3570.1	7064.11
3569.05	6763.16
3568	6930.71
3566.95	6812.94
3565.9	6797.41
3564.84	6860.3
3563.79	6768.74
3562.74	6788.86
3561.69	6775.72
3560.63	6878.93
3559.58	6853.91
3558.53	6783.8
3557.47	6808.64
3556.42	6705.34
3555.37	6685.11
3554.31	6802.46
3553.26	6803.56
3552.2	6766.73
3551.15	6680.13
3550.09	6690.73
3549.04	6845.88
3547.98	6647.96
3546.93	6760.42
3545.87	6707.05
3544.82	6717.64
3543.76	6541.2
3542.71	6767.21
3541.65	6621.58
3540.59	6733.92
3539.54	6751.59
3538.48	6733.77
3537.42	6616.64
3536.36	6740.71
3535.31	6685.09
3534.25	6764.19
3533.19	6694.4
3532.13	6520.69
3531.07	6727.33
3530.02	6683.57
3528.96	6757.88
3527.9	6688.15
3526.84	6613.73
3525.78	6652.61
3524.72	6684.4
3523.66	6532.17
3522.6	6641.81
3521.54	6678.3
3520.48	6660.54
3519.42	6668.73
3518.36	6747.61
3517.3	6758.13
3516.24	6683.83
3515.17	6661.38
3514.11	6573
3513.05	6637.7
3511.99	6549.35
3510.93	6722.31
3509.87	6617.5
3508.8	6663.32
3507.74	6560.92
3506.68	6656.12
3505.61	6732.48
3504.55	6707.71
3503.49	6711.15
3502.42	6698.15
3501.36	6633.45
3500.3	6589.92
3499.23	6760.15
3498.17	6714.27
3497.1	6743.53
3496.04	6653.06
3494.97	6724.58
3493.91	6662.3
3492.84	6656.36
3491.77	6594.12
3490.71	6693.74
3489.64	6685.45
3488.58	6773.29
3487.51	6830.62
3486.44	6691.07
3485.38	6860.87
3484.31	6709.64
3483.24	6706.04
3482.17	6871.06
3481.11	6652.02
3480.04	6629.7
3478.97	6630.8
3477.9	6720.82
3476.83	6644.69
3475.77	6528.82
3474.7	6913.5
3473.63	6741.5
3472.56	6808.04
3471.49	6692.22
3470.42	6758.74
3469.35	6619.61
3468.28	6653.41
3467.21	6724.57
3466.14	6720.97
3465.07	6726.72
3464	6650.75
3462.92	6756.87
3461.85	6858.27
3460.78	6588.68
3459.71	6771.72
3458.64	6660.84
3457.57	6668.91
3456.49	6823.86
3455.42	6645.43
3454.35	6770.03
3453.28	6792.05
3452.2	6730.21
3451.13	6766.21
3450.06	6886.03
3448.98	6861.46
3447.91	6639.02
3446.83	6768.11
3445.76	6890.16
3444.68	6784.17
3443.61	6778.25
3442.53	6865.35
3441.46	6961.72
3440.38	6774.42
3439.31	6654.61
3438.23	6713.78
3437.16	6756.66
3436.08	6901.74
3435	6809.86
3433.93	6787.68
3432.85	6753.9
3431.77	6715.49
3430.7	6888.29
3429.62	6803.46
3428.54	6904.26
3427.46	6810.17
3426.39	6836.72
3425.31	6877.17
3424.23	6806.33
3423.15	6742.47
3422.07	6857.07
3420.99	6827.97
3419.91	6771.09
3418.83	6892.56
3417.75	6789.38
3416.68	6825.14
3415.6	6886.36
3414.51	6808.69
3413.43	6953.18
3412.35	6729.78
3411.27	6973.69
3410.19	6750.37
3409.11	6869.32
3408.03	6764
3406.95	6871.36
3405.87	6865.44
3404.78	6891.87
3403.7	6888.26
3402.62	6725.3
3401.54	6825.63
3400.45	6854.35
3399.37	6693.79
3398.29	6801
3397.2	6975.07
3396.12	6789.2
3395.04	6810.99
3393.95	6860.43
3392.87	6734.64
3391.78	6721.84
3390.7	6918.78
3389.61	6677.83
3388.53	6927.69
3387.44	6891.83
3386.36	6936.59
3385.27	6723.44
3384.19	6701.45
3383.1	6824.48
3382.01	6763.36
3380.93	6819.6
3379.84	6747
3378.75	6787.12
3377.67	6868.62
3376.58	6777.66
3375.49	6691.33
3374.4	6853.24
3373.31	6704.89
3372.23	6841.46
3371.14	6732.21
3370.05	6811.32
3368.96	6614.87
3367.87	6716.92
3366.78	6701.88
3365.69	6744.21
3364.6	6818.65
3363.51	6741.66
3362.42	6914.69
3361.33	6741.4
3360.24	6808.91
3359.15	6759.48
3358.06	6703.2
3356.97	6685.9
3355.88	6739.61
3354.79	6811.63
3353.69	6686.68
3352.6	6687.71
3351.51	6638.37
3350.42	6518.1
3349.33	6695.35
3348.23	6732.98
3347.14	6729.41
3346.05	6741.86
3344.95	6754.3
3343.86	6846.75
3342.77	6717.46
3341.67	6695.62
3340.58	6669.22
3339.48	6624.56
3338.39	6730.64
3337.29	6754.49
3336.2	6792.02
3335.1	6783.88
3334.01	6643.39
3332.91	6701.45
3331.82	6750.37
3330.72	6758.21
3329.62	6663.43
3328.53	6657.61
3327.43	6658.63
3326.33	6821.46
3325.24	6781.43
3324.14	6748.25
3323.04	6651.3
3321.94	6593.11
3320.85	6623.73
3319.75	6683.94
3318.65	6546.11
3317.55	6635.89
3316.45	6702.89
3315.35	6683.42
3314.25	6716.27
3313.16	6717.27
3312.06	6593.22
3310.96	6751.09
3309.86	6706.63
3308.76	6616.73
3307.66	6651.83
3306.55	6786.85
3305.45	6483.52
3304.35	6695.72
3303.25	6683.1
3302.15	6693.18
3301.05	6464.98
3299.95	6670.21
3298.84	6752.88
3297.74	6767.47
3296.64	6707.23
3295.54	6667.41
3294.43	6886.01
3293.33	6673.94
3292.23	6690.8
3291.12	6687.26
3290.02	6715.44
3288.92	6804.74
3287.81	6715.15
3286.71	6564.47
3285.6	6441.01
3284.5	6668.33
3283.39	6558.47
3282.29	6647.69
3281.18	6757.24
3280.08	6765
3278.97	6720.76
3277.86	6672.02
3276.76	6614.26
3275.65	6646.89
3274.54	6647.88
3273.44	6743.73
3272.33	6566.32
3271.22	6565.07
3270.12	6552.53
3269.01	6465.53
3267.9	6545.53
3266.79	6713.47
3265.68	6626.48
3264.57	6611.69
3263.47	6563.09
3262.36	6588.89
3261.25	6720.6
3260.14	6539.06
3259.03	6672.98
3257.92	6653.69
3256.81	6537.57
3255.7	6720.96
3254.59	6566.6
3253.48	6680.13
3252.37	6561.84
3251.25	6540.34
3250.14	6559.34
3249.03	6589.58
3247.92	6628.8
3246.81	6683.73
3245.69	6610.53
3244.58	6564.33
3243.47	6691.15
3242.36	6550.59
3241.24	6495.44
3240.13	6426.83
3239.02	6695.02
3237.9	6556.82
3236.79	6582.5
3235.68	6682.21
3234.56	6642.8
3233.45	6459.85
3232.33	6651.48
3231.22	6526.89
3230.1	6440.46
3228.99	6445.95
3227.87	6393.18
3226.75	6456.93
3225.64	6520.66
3224.52	6532.85
3223.41	6598.78
3222.29	6521.4
3221.17	6437.34
3220.05	6407.02
3218.94	6450.54
3217.82	6505.23
3216.7	6465.97
3215.58	6413.3
3214.47	6403.13
3213.35	6442.14
3212.23	6416.33
3211.11	6446.39
3209.99	6380.37
3208.87	6392.55
3207.75	6377.93
3206.63	6249.44
3205.51	6433.53
3204.39	6505.95
3203.27	6364.12
3202.15	6275.89
3201.03	6355
3199.91	6411.76
3198.79	6399.39
3197.67	6351.35
3196.55	6468.26
3195.42	6322.18
3194.3	6447.96
3193.18	6466.78
3192.06	6441.04
3190.93	6464.3
3189.81	6353.97
3188.69	6559.77
3187.56	6340.41
3186.44	6261.32
3185.32	6395.83
3184.19	6470.22
3183.07	6353.35
3181.94	6565.57
3180.82	6313.12
3179.7	6263.02
3178.57	6404.03
3177.44	6387.25
3176.32	6159.46
3175.19	6253.78
3174.07	6281.44
3172.94	6355.72
3171.82	6221.33
3170.69	6393.22
3169.56	6214.5
3168.43	6293.17
3167.31	6300.83
3166.18	6397.19
3165.05	6185.35
3163.92	6221.85
3162.8	6271.62
3161.67	6201.73
3160.54	6329.03
3159.41	6303.45
3158.28	6260.17
3157.15	6292.18
3156.02	6366.23
3154.89	6289.76
3153.76	6403.62
3152.63	6347.08
3151.5	6213.15
3150.37	6256.18
3149.24	6197.5
3148.11	6271.47
3146.98	6146.49
3145.85	6136.47
3144.72	6175.06
3143.59	6176.08
3142.45	6223.48
3141.32	6160.46
3140.19	6225.51
3139.06	6213.28
3137.92	6167.95
3136.79	6224.13
3135.66	6037.63
3134.52	6173.21
3133.39	6035.31
3132.26	6197.3
3131.12	6163.04
3129.99	6038.44
3128.85	6213.55
3127.72	6137.46
3126.58	6112.05
3125.45	6104.27
3124.31	5995.21
3123.18	6291.23
3122.04	6230.59
3120.9	6273.4
3119.77	6034.6
3118.63	6031.23
3117.49	6157.62
3116.36	6158.64
3115.22	6133.27
3114.08	6035.38
3112.95	6058.39
3111.81	6090.18
3110.67	6091.21
3109.53	6140.55
3108.39	6159.13
3107.25	6056.95
3106.11	6209.43
3104.98	6074.37
3103.84	6079.78
3102.7	6208.04
3101.56	6112.53
3100.42	6102.58
3099.28	6035.64
3098.14	6087.08
3096.99	6081.52
3095.85	6045.29
3094.71	6013.46
3093.57	6058.29
3092.43	6085.59
3091.29	6053.77
3090.15	5980.36
3089	6038.3
3087.86	6115.91
3086.72	6031.6
3085.57	6071.99
3084.43	6099.25
3083.29	6071.84
3082.14	5972.29
3081	6008.3
3079.86	6085.81
3078.71	6040.94
3077.57	6111.85
3076.42	6064.81
3075.28	5965.38
3074.13	5990.43
3072.99	5860.49
3071.84	5896.46
3070.7	5912.78
3069.55	5944.36
3068.4	5967.2
3067.26	5848.29
3066.11	5849.34
3064.96	5867.83
3063.82	6093.35
3062.67	5883
3061.52	5992.96
3060.37	5961.31
3059.23	5912.25
3058.08	5898.05
3056.93	5809.83
3055.78	5797.83
3054.63	6014.3
3053.48	5860.85
3052.33	5851.02
3051.18	5854.24
3050.03	5929.2
3048.88	5843.28
3047.73	5963.86
3046.58	5901.86
3045.43	5809.47
3044.28	6001.67
3043.13	5881.06
3041.98	5923.35
3040.83	5861.42
3039.68	5944.93
3038.52	5835.28
3037.37	5942.63
3036.22	5878.58
3035.07	5703.93
3033.91	5739.69
3032.76	5857.82
3031.61	5830.67
3030.45	5684.35
3029.3	5678.91
3028.14	5807.79
3026.99	5821.83
3025.84	5889.99
3024.68	5748.13
3023.53	5948.32
3022.37	5916.87
3021.22	5904.9
3020.06	5741.51
3018.9	5794.47
3017.75	5737.12
3016.59	5716.55
3015.44	5739.22
3014.28	5949.91
3013.12	5745.64
3011.96	5766.13
3010.81	5801.73
3009.65	5744.46
3008.49	5805.96
3007.33	5740.07
3006.18	5743.27
3005.02	5811.21
3003.86	5689.26
3002.7	5755.03
3001.54	5775.48
3000.38	5873.54
2999.22	5697.78
2998.06	5610.46
2996.9	5742.98
2995.74	5629.83
2994.58	5721.37
2993.42	5666.41
2992.26	5671.77
2991.1	5726.64
2989.94	5766.43
2988.77	5771.77
2987.61	5604.97
2986.45	5627.54
2985.29	5635.05
2984.12	5853.3
2982.96	5757.56
2981.8	5640.37
2980.64	5665.06
2979.47	5616.69
2978.31	5695.08
2977.14	5661.76
2975.98	5645.63
2974.82	5773.35
2973.65	5667.04
2972.49	5665.94
2971.32	5548.97
2970.16	5704.5
2968.99	5823.51
2967.82	5655.1
2966.66	5643.28
2965.49	5667.91
2964.33	5593.93
2963.16	5607.85
2961.99	5773.86
2960.83	5654.93
2959.66	5613.14
2958.49	5648.45
2957.32	5647.35
2956.15	5614.14
2954.99	5593.79
2953.82	5639.77
2952.65	5657.92
2951.48	5622.6
2950.31	5630.06
2949.14	5566.97
2947.97	5694.13
2946.8	5571.21
2945.63	5666.27
2944.46	5541.27
2943.29	5653.38
2942.12	5562.6
2940.95	5565.78
2939.78	5517.74
2938.61	5655.38
2937.44	5603.07
2936.26	5510.25
2935.09	5645.68
2933.92	5529.42
2932.75	5662.66
2931.57	5544.32
2930.4	5662.59
2929.23	5591.17
2928.05	5551.73
2926.88	5586.85
2925.71	5483.55
2924.53	5684.74
2923.36	5466.51
2922.18	5635.7
2921.01	5568.64
2919.83	5522.88
2918.66	5557.96
2917.48	5531.35
2916.31	5647.22
2915.13	5575.96
2913.95	5521.74
2912.78	5556.78
2911.6	5523.83
2910.42	5588.6
2909.25	5494.07
2908.07	5418.68
2906.89	5487.67
2905.71	5584.24
2904.54	5487.65
2903.36	5584.18
2902.18	5587.33
2901	5497.16
2899.82	5561.82
2898.64	5486.53
2897.46	5599.92
2896.28	5425.05
2895.1	5398.56
2893.92	5590.28
2892.74	5548.94
2891.56	5545.74
2890.38	5498.08
2889.2	5583.79
2888.02	5502.28
2886.84	5697.98
2885.65	5502.24
2884.47	5551.93
2883.29	5500.09
2882.11	5473.64
2880.92	5521.19
2879.74	5553.92
2878.56	5485.22
2877.38	5479.92
2876.19	5595.02
2875.01	5272.94
2873.82	5586.49
2872.64	5477.74
2871.45	5402.8
2870.27	5526.24
2869.08	5461.87
2867.9	5408.07
2866.71	5413.33
2865.53	5500.83
2864.34	5417.54
2863.16	5591.4
2861.97	5499.7
2860.78	5471.23
2859.6	5484.91
2858.41	5445.92
2857.22	5499.6
2856.03	5452.21
2854.85	5497.44
2853.66	5475.32
2852.47	5415.34
2851.28	5357.49
2850.09	5366.95
2848.9	5500.47
2847.71	5472.06
2846.52	5565.57
2845.34	5488.82
2844.15	5498.25
2842.96	5400.55
2841.76	5439.39
2840.57	5463.52
2839.38	5346.98
2838.19	5549.53
2837	5290.32
2835.81	5465.53
2834.62	5403.62
2833.43	5354.32
2832.23	5525.21
2831.04	5358.51
2829.85	5399.38
2828.65	5304.01
2827.46	5378.4
2826.27	5295.65
2825.07	5349.06
2823.88	5433.86
2822.69	5457.92
2821.49	5465.22
2820.3	5409.73
2819.1	5320.79
2817.91	5372.04
2816.71	5331.25
2815.52	5355.29
2814.32	5295.7
2813.13	5346.92
2811.93	5368.85
2810.73	5382.42
2809.54	5316.6
2808.34	5311.38
2807.14	5266.48
2805.94	5267.54
2804.75	5347.91
2803.55	5265.46
2802.35	5450.13
2801.15	5282.17
2799.95	5291.56
2798.75	5261.32
2797.56	5266.54
2796.36	5284.26
2795.16	5212.36
2793.96	5219.67
2792.76	5239.48
2791.56	5205.12
2790.36	5274.9
2789.16	5294.68
2787.95	5293.64
2786.75	5315.49
2785.55	5199.99
2784.35	5359.16
2783.15	5337.31
2781.95	5311.3
2780.74	5258.27
2779.54	5342.47
2778.34	5314.39
2777.13	5315.42
2775.93	5202.19
2774.73	5325.79
2773.52	5416.12
2772.32	5315.39
2771.12	5129.58
2769.91	5273.86
2768.71	5193.96
2767.5	5128.62
2766.3	5283.18
2765.09	5313.25
2763.89	5216.82
2762.68	5203.35
2761.47	5210.62
2760.27	5101.83
2759.06	5214.77
2757.85	5213.75
2756.65	5270.7
2755.44	5190.98
2754.23	5053.32
2753.02	5304.84
2751.81	5127.9
2750.61	5186.88
2749.4	5276.87
2748.19	5027.65
2746.98	5268.59
2745.77	5207.59
2744.56	5225.17
2743.35	5112.54
2742.14	5177.65
2740.93	5253.06
2739.72	5204.52
2738.51	5222.07
2737.3	5183.88
2736.09	5158.08
2734.88	5247.87
2733.66	5143.67
2732.45	5119.96
2731.24	5199.38
2730.03	5190.1
2728.82	5133.41
2727.6	5126.21
2726.39	5104.59
2725.18	5241.63
2723.96	5145.83
2722.75	5072.73
2721.53	5065.55
2720.32	5262.19
2719.11	5184.99
2717.89	5113.99
2716.68	5067.71
2715.46	5116.08
2714.25	5147.97
2713.03	5204.53
2711.81	5034.92
2710.6	5107.92
2709.38	5129.51
2708.16	5044.25
2706.95	5207.6
2705.73	5315.42
2704.51	5018.67
2703.29	5085.42
2702.08	5143.94
2700.86	4986.95
2699.64	5213.72
2698.42	5155.25
2697.2	5152.17
2695.98	5052.72
2694.76	5141.93
2693.54	5048.67
2692.32	4953.4
2691.1	4995.44
2689.88	5215.7
2688.66	4962.74
2687.44	5082.57
2686.22	5126.61
2685	5035.52
2683.78	5167.55
2682.56	5060.13
2681.33	4952.74
2680.11	4992.67
2678.89	5036.66
2677.67	5094.96
2676.44	5018.31
2675.22	4927.39
2674	5155.26
2672.77	5097.04
2671.55	5145.05
2670.33	5141.98
2669.1	5075.63
2667.88	5019.51
2666.65	5010.34
2665.43	5019.55
2664.2	5059.36
2662.97	5060.39
2661.75	5073.66
2660.52	5086.92
2659.3	4957.49
2658.07	5082.86
2656.84	5047.21
2655.62	4938.24
2654.39	5014.65
2653.16	4946.46
2651.93	5002.48
2650.7	4995.38
2649.48	5010.67
2648.25	5054.44
2647.02	4917.13
2645.79	4977.17
2644.56	4949.74
2643.33	4841
2642.1	5069.74
2640.87	4954.92
2639.64	4962.06
2638.41	4894.03
2637.18	4956.02
2635.95	5085
2634.72	4943.9
2633.48	4902.31
2632.25	4974.4
2631.02	4908.48
2629.79	4986.62
2628.56	4959.26
2627.32	4996.8
2626.09	5007.97
2624.86	4968.46
2623.62	5082.99
2622.39	4968.51
2621.16	4882.43
2619.92	4980.7
2618.69	4947.31
2617.45	5035.41
2616.22	4878.54
2614.98	4950.42
2613.75	4971.7
2612.51	4924.17
2611.27	4909.03
2610.04	4863.56
2608.8	4896.97
2607.57	4869.71
2606.33	4838.42
2605.09	4875.85
2603.85	4953.67
2602.62	4954.7
2601.38	4878.99
2600.14	4825.52
2598.9	4915.4
2597.66	4851.85
2596.42	4842.81
2595.18	4870.09
2593.94	4838.86
2592.71	4856.04
2591.47	4941.77
2590.23	4801.69
2588.98	4901.51
2587.74	4811.87
2586.5	4843.14
2585.26	4886.48
2584.02	4770.72
2582.78	4820.1
2581.54	4815.11
2580.29	4812.14
2579.05	4744.77
2577.81	4854.48
2576.57	4807.24
2575.32	4818.35
2574.08	4857.6
2572.84	4908.89
2571.59	4779.28
2570.35	4756.22
2569.1	4781.39
2567.86	4854.75
2566.61	4815.62
2565.37	4786.55
2564.12	4725.37
2562.88	4792.66
2561.63	4647.23
2560.39	4714.51
2559.14	4725.6
2557.89	4826.93
2556.65	4882.1
2555.4	4708.73
2554.15	4824.03
2552.9	4698.83
2551.66	4727.94
2550.41	4712.98
2549.16	4854.22
2547.91	4719.1
2546.66	4748.18
2545.41	4713.21
2544.16	4634.22
2542.91	4821.35
2541.66	4764.38
2540.41	4763.42
2539.16	4792.46
2537.91	4771.51
2536.66	4710.6
2535.41	4771.59
2534.16	4784.62
2532.91	4765.69
2531.66	4882.55
2530.4	4620.02
2529.15	4732.88
2527.9	4664.07
2526.65	4711.03
2525.39	4744
2524.14	4639.33
2522.89	4766.02
2521.63	4729.18
2520.38	4660.46
2519.12	4683.44
2517.87	4726.33
2516.61	4745.3
2515.36	4710.49
2514.1	4745.39
2512.85	4692.67
2511.59	4693.72
2510.33	4670.89
2509.08	4705.77
2507.82	4555.62
2506.56	4691.94
2505.31	4728.78
2504.05	4735.79
2502.79	4655.32
2501.53	4678.24
2500.28	4687.23
2499.02	4660.46
2497.76	4655.56
2496.5	4666.53
2495.24	4596.11
2493.98	4630.91
2492.72	4753.03
2491.46	4585.4
2490.2	4673.75
2488.94	4758.09
2487.68	4683.77
2486.42	4548.01
2485.16	4622.42
2483.9	4593.74
2482.63	4729.53
2481.37	4605.76
2480.11	4680.1
2478.85	4588.07
2477.59	4601
2476.32	4590.18
2475.06	4599.15
2473.8	4618.01
2472.53	4666.54
2471.27	4622.08
2470	4557.88
2468.74	4564.87
2467.47	4583.71
2466.21	4622.32
2464.94	4568.04
2463.68	4590.82
2462.41	4597.8
2461.15	4664.01
2459.88	4572.25
2458.61	4628.57
2457.35	4704.6
2456.08	4648.41
2454.81	4675.09
2453.54	4593.29
2452.28	4562.78
2451.01	4552.01
2449.74	4513.64
2448.47	4589.58
2447.2	4630.03
2445.93	4633.04
2444.66	4506.06
2443.39	4641.02
2442.12	4584.96
2440.85	4595.84
2439.58	4419.78
2438.31	4595.96
2437.04	4488.81
2435.77	4546.9
2434.5	4597.11
2433.23	4456.6
2431.96	4524.49
2430.68	4570.74
2429.41	4599.29
2428.14	4472.65
2426.87	4579.76
2425.59	4559.2
2424.32	4481.72
2423.04	4531.84
2421.77	4515.23
2420.5	4596.71
2419.22	4593.82
2417.95	4643.88
2416.67	4501.78
2415.4	4487.14
2414.12	4466.64
2412.85	4555.87
2411.57	4586.3
2410.29	4458.05
2409.02	4551.15
2407.74	4454.29
2406.46	4537.57
2405.18	4446.62
2403.91	4578.78
2402.63	4440.91
2401.35	4520.2
2400.07	4564.27
2398.79	4395.2
2397.52	4421.68
2396.24	4530.23
2394.96	4531.26
2393.68	4510.81
2392.4	4463.02
2391.12	4518.75
2389.84	4568.6
2388.56	4559.86
2387.27	4621.39
2385.99	4470.21
2384.71	4443.95
2383.43	4513.26
2382.15	4565
2380.87	4583.57
2379.58	4405.26
2378.3	4494.02
2377.02	4518.44
2375.73	4468.82
2374.45	4430.91
2373.17	4430.01
2371.88	4489.46
2370.6	4517.75
2369.31	4438.99
2368.03	4566.51
2366.74	4513.06
2365.46	4461.58
2364.17	4472.34
2362.89	4555.03
2361.6	4394.72
2360.31	4551.24
2359.03	4301.62
2357.74	4495
2356.45	4497.97
2355.17	4510.65
2353.88	4453.44
2352.59	4367.13
2351.3	4438.05
2350.01	4493.41
2348.72	4486.68
2347.43	4540.07
2346.15	4486.79
2344.86	4493.64
2343.57	4465.59
2342.28	4433.68
2340.99	4448.28
2339.69	4457.06
2338.4	4456.15
2337.11	4464.93
2335.82	4529.84
2334.53	4428.28
2333.24	4423.51
2331.95	4488.39
2330.65	4504.88
2329.36	4291.24
2328.07	4491.45
2326.77	4469.27
2325.48	4433.58
2324.19	4506.1
2322.89	4331.31
2321.6	4423.15
2320.3	4410.66
2319.01	4390.45
2317.71	4387.63
2316.42	4467.8
2315.12	4397.42
2313.83	4464.05
2312.53	4422.64
2311.23	4425.59
2309.94	4436.26
2308.64	4375.6
2307.34	4287.99
2306.05	4408.5
2304.75	4442.28
2303.45	4397.08
2302.15	4467.43
2300.85	4377.96
2299.55	4361.67
2298.25	4412.74
2296.96	4423.39
2295.66	4372.47
2294.36	4283.11
2293.06	4414.91
2291.76	4475.53
2290.45	4386.2
2289.15	4337.27
2287.85	4347.91
2286.55	4329.74
2285.25	4451.77
2283.95	4427.82
2282.65	4355.89
2281.34	4429.85
2280.04	4348.35
2278.74	4372.41
2277.43	4388.78
2276.13	4249.8
2274.83	4352.47
2273.52	4319
2272.22	4247.2
2270.91	4374.72
2269.61	4295.28
2268.3	4256.09
2267	4295.44
2265.69	4258.19
2264.39	4178.83
2263.08	4292.81
2261.77	4312.98
2260.47	4310.19
2259.16	4357.13
2257.85	4375.36
2256.54	4351.52
2255.24	4299.02
2253.93	4305.79
2252.62	4280.07
2251.31	4283.01
2250	4459.77
2248.69	4250.71
2247.38	4244.11
2246.07	4327.23
2244.76	4364.52
2243.45	4335
2242.14	4398.98
2240.83	4308.44
2239.52	4336.16
2238.21	4377.21
2236.9	4267.67
2235.59	4253.46
2234.27	4368.81
2232.96	4194.57
2231.65	4191.81
2230.34	4383.27
2229.02	4311.93
2227.71	4406.22
2226.4	4186.48
2225.08	4339.73
2223.77	4376.88
2222.45	4250.47
2221.14	4232.48
2219.82	4339.97
2218.51	4280.17
2217.19	4277.39
2215.88	4286.01
2214.56	4296.53
2213.24	4307.05
2211.93	4237.81
2210.61	4299.59
2209.29	4298.7
2207.97	4314.9
2206.66	4314.02
2205.34	4292.27
2204.02	4266.74
2202.7	4233.63
2201.38	4282.05
2200.06	4279.27
2198.74	4193.13
2197.42	4285.1
2196.1	4278.53
2194.78	4300.38
2193.46	4278.67
2192.14	4260.76
2190.82	4418.85
2189.5	4270.36
2188.18	4286.51
2186.86	4206.2
2185.54	4290.43
2184.21	4234.72
2182.89	4213.06
2181.57	4202.75
2180.24	4230.22
2178.92	4153.8
2177.6	4164.27
2176.27	4167.2
2174.95	4251.29
2173.62	4152.27
2172.3	4158.97
2170.97	4167.55
2169.65	4166.69
2168.32	4205.44
2167	4157.43
2165.67	4196.17
2164.34	4298.96
2163.02	4179.37
2161.69	4187.93
2160.36	4172
2159.04	4188.09
2157.71	4266.3
2156.38	4105.42
2155.05	4102.7
2153.72	4182.76
2152.39	4176.26
2151.06	4139.66
2149.74	4176.42
2148.41	4179.32
2147.08	4097.64
2145.75	4183.24
2144.41	4150.44
2143.08	4260.41
2141.75	4160
2140.42	4164.77
2139.09	4132
2137.76	4243.77
2136.43	4180.97
2135.09	4163.22
2133.76	4151.11
2132.43	4197.14
2131.09	4185.02
2129.76	4223.53
2128.43	4147.69
2127.09	4210.54
2125.76	4078.53
2124.42	3984.04
2123.09	4200.45
2121.75	4177.12
2120.42	4170.64
2119.08	4141.71
2117.75	4094.07
2116.41	4089.49
2115.07	4049.37
2113.74	4160.73
2112.4	4047.7
2111.06	4052.47
2109.72	4135.73
2108.38	4140.48
2107.05	4068.64
2105.71	4095.82
2104.37	4130.45
2103.03	4166.94
2101.69	4020.49
2100.35	4198.81
2099.01	4072.93
2097.67	4122.46
2096.33	4151.45
2094.99	4161.78
2093.65	4159.05
2092.31	4012.82
2090.97	4080.93
2089.62	4018.61
2088.28	4055.03
2086.94	4177.11
2085.6	4086.87
2084.25	4073
2082.91	4060.99
2081.57	4078.76
2080.22	4048.15
2078.88	3978.49
2077.53	4115.28
2076.19	3988
2074.84	4072.68
2073.5	3978.92
2072.15	4009.68
2070.81	3986.56
2069.46	4074.89
2068.12	4083.33
2066.77	4136.32
2065.42	4090.92
2064.08	3969.45
2062.73	4007.59
2061.38	4042
2060.03	4011.49
2058.68	4058.87
2057.34	3996.86
2055.99	4081.29
2054.64	4017.44
2053.29	3988.82
2051.94	4012.07
2050.59	4020.5
2049.24	4028.92
2047.89	3987.36
2046.54	3934.72
2045.19	4030.12
2043.83	3999.69
2042.48	4050.65
2041.13	3962.89
2039.78	3986.11
2038.43	3935.37
2037.07	3990
2035.72	3944.83
2034.37	4113.96
2033.01	4037.38
2031.66	3949.76
2030.31	3993.25
2028.95	3955.5
2027.6	3903.01
2026.24	3963.09
2024.89	4006.54
2023.53	4094.23
2022.17	4115.51
2020.82	4018.79
2019.46	3953.45
2018.11	3851.28
2016.75	4031.03
2015.39	3908.62
2014.03	3959.37
2012.68	3997.22
2011.32	3908.03
2009.96	4021.32
2008.6	3948.73
2007.24	4117.15
2005.88	3991.23
2004.52	3937.07
2003.16	4061.27
2001.8	3999.77
2000.44	3969.53
1999.08	3948.5
1997.72	3988.09
1996.36	3926.65
1995	3986.43
1993.64	3985.6
1992.27	3937.05
1990.91	3903.2
1989.55	3931.75
1988.19	3945.6
1986.82	3981.46
1985.46	3920.13
1984.1	3858.82
1982.73	3940.49
1981.37	3923.18
1980	4026.79
1978.64	4009.46
1977.27	3885.93
1975.91	3965.68
1974.54	3873.33
1973.18	3925.6
1971.81	3976.02
1970.44	3969.7
1969.08	3935.95
1967.71	3904.04
1966.34	3837.42
1964.97	3842.1
1963.61	3939.98
1962.24	3882.52
1960.87	3923.73
1959.5	3911.95
1958.13	3920.27
1956.76	3959.61
1955.39	3931.41
1954.02	3903.22
1952.65	3906.05
1951.28	3932.6
1949.91	3893.48
1948.54	3874.44
1947.17	3767.9
1945.8	3914.74
1944.42	3943.08
1943.05	3973.22
1941.68	3830.33
1940.31	3889.62
1938.93	3952.53
1937.56	3871.62
1936.19	3910.84
1934.81	3951.88
1933.44	3809.16
1932.06	3815.64
1930.69	3834.85
1929.31	3823.14
1927.94	3882.32
1926.56	3856.07
1925.18	3797.12
1923.81	3821.76
1922.43	3810.07
1921.05	3807.45
1919.68	3957.33
1918.3	3813.12
1916.92	3906.68
1915.54	3820.6
1914.17	3843.38
1912.79	3802.68
1911.41	3814.58
1910.03	3844.6
1908.65	3791.24
1907.27	3717.97
1905.89	3889.28
1904.51	3837.76
1903.13	3818.85
1901.75	3830.72
1900.37	3773.81
1898.99	3894.27
1897.6	3830.13
1896.22	3816.66
1894.84	3842.99
1893.46	3881.97
1892.07	3855.85
1890.69	3799.01
1889.31	3818.09
1887.92	3851.62
1886.54	3774.95
1885.15	3828.34
1883.77	3878.09
1882.38	3839.37
1881	3838.56
1879.61	3834.15
1878.23	3777.43
1876.84	3924.52
1875.46	3869.61
1874.07	3784.07
1872.68	3855.37
1871.29	3820.32
1869.91	3799.7
1868.52	3874.56
1867.13	3792.71
1865.74	3784.71
1864.35	3836.12
1862.96	3781.32
1861.57	3721.15
1860.19	3772.54
1858.8	3789.74
1857.4	3778.15
1856.01	3816.91
1854.62	3807.12
1853.23	3793.74
1851.84	3771.39
1850.45	3849.64
1849.06	3773.4
1847.67	3869.57
1846.27	3838.24
1844.88	3740.51
1843.49	3824.06
1842.09	3769.44
1840.7	3766.85
1839.31	3764.27
1837.91	3872.85
1836.52	3893.54
1835.12	3830
1833.73	3827.4
1832.33	3767.48
1830.93	3781.02
1829.54	3812.45
1828.14	3747.2
1826.75	3818.01
1825.35	3779.63
1823.95	3775.25
1822.55	3760.15
1821.16	3736.11
1819.76	3694.2
1818.36	3827.5
1816.96	3796.31
1815.56	3734.75
1814.16	3723.25
1812.76	3759.97
1811.36	3766.33
1809.96	3772.68
1808.56	3862.92
1807.16	3735.39
1805.76	3823.82
1804.36	3812.32
1802.96	3684.88
1801.56	3791.09
1800.15	3759.99
1798.75	3645.12
1797.35	3776.23
1795.94	3762.96
1794.54	3776.42
1793.14	3725.75
1791.73	3842.49
1790.33	3733.08
1788.92	3750.1
1787.52	3784.89
1786.11	3647.11
1784.71	3788.64
1783.3	3814.51
1781.9	3762.15
1780.49	3789.79
1779.08	3723.24
1777.68	3813.07
1776.27	3693.25
1774.86	3839.88
1773.45	3791.13
1772.05	3758.37
1770.64	3675.93
1769.23	3735.49
1767.82	3869.54
1766.41	3817.28
1765	3793.42
1763.59	3760.71
1762.18	3754.59
1760.77	3675.82
1759.36	3753.01
1757.95	3840.8
1756.54	3781.53
1755.12	3803.76
1753.71	3725.05
1752.3	3706.56
1750.89	3718.17
1749.47	3712.08
1748.06	3682.99
1746.65	3740.57
1745.23	3771.61
1743.82	3698.33
1742.4	3752.34
1740.99	3695
1739.58	3893.86
1738.16	3806.49
1736.74	3747.4
1735.33	3698.94
1733.91	3797.01
1732.5	3799.74
1731.08	3795.4
1729.66	3688.75
1728.24	3806.14
1726.83	3688.96
1725.41	3709.33
1723.99	3757.9
1722.57	3734.2
1721.15	3691.12
1719.73	3681.53
1718.31	3696.6
1716.89	3753.92
1715.47	3770.73
1714.05	3729.45
1712.63	3799.05
1711.21	3699.73
1709.79	3704.22
1708.37	3796.64
1706.95	3820.44
1705.52	3758.11
1704.1	3695.81
1702.68	3738.95
1701.26	3708.29
1699.83	3735.61
1698.41	3798.03
1696.98	3704.18
1695.56	3717.44
1694.14	3693.84
1692.71	3808.84
1691.28	3683.5
1689.86	3716.04
1688.43	3787.13
1687.01	3753.03
1685.58	3820.58
1684.15	3781.22
1682.73	3832.97
1681.3	3776.11
1679.87	3871.62
1678.44	3713.24
1677.02	3740.45
1675.59	3736.16
1674.16	3726.62
1672.73	3750.31
1671.3	3782.75
1669.87	3703.26
1668.44	3698.98
1667.01	3692.95
1665.58	3812.73
1664.15	3745.54
1662.72	3709.81
1661.28	3756.17
1659.85	3575.55
1658.42	3817.41
1656.99	3741.56
1655.55	3669.23
1654.12	3649.26
1652.69	3693.83
1651.25	3712.22
1649.82	3681.8
1648.39	3733.3
1646.95	3723.79
1645.52	3792.69
1644.08	3765.76
1642.64	3670.92
1641.21	3727.59
1639.77	3732.02
1638.34	3818.24
1636.9	3794.81
1635.46	3766.17
1634.02	3692.32
1632.59	3609.81
1631.15	3791.58
1629.71	3636.08
1628.27	3680.49
1626.83	3698.81
1625.39	3656.34
1623.95	3688.56
1622.51	3677.35
1621.07	3763.36
1619.63	3642.81
1618.19	3694.09
1616.75	3663.81
1615.31	3687.31
1613.87	3716
1612.43	3710.01
1610.98	3686.69
1609.54	3621.78
1608.1	3685.11
1606.66	3725.9
1605.21	3624.66
1603.77	3745.09
1602.32	3681.97
1600.88	3648.3
1599.43	3716.74
1597.99	3646.74
1596.54	3754.93
1595.1	3679.77
1593.65	3777.53
1592.21	3560.67
1590.76	3675.69
1589.31	3690.45
1587.86	3720.76
1586.42	3694.06
1584.97	3646.65
1583.52	3759.8
1582.07	3664.08
1580.62	3692.63
1579.17	3681.49
1577.72	3746.24
1576.28	3800.62
1574.83	3661.89
1573.37	3783.49
1571.92	3684.45
1570.47	3690.55
1569.02	3689.76
1567.57	3670.03
1566.12	3686.47
1564.67	3658.13
1563.21	3748.57
1561.76	3632.48
1560.31	3659.23
1558.85	3606.84
1557.4	3526.97
1555.95	3622.49
1554.49	3633.75
1553.04	3708.59
1551.58	3633.91
1550.13	3664.06
1548.67	3642.66
1547.21	3626.43
1545.76	3622.22
1544.3	3700.39
1542.84	3646.41
1541.39	3571.86
1539.93	3553.94
1538.47	3582.33
1537.01	3681
1535.56	3621.93
1534.1	3629.73
1532.64	3618.67
1531.18	3677.85
1529.72	3557.17
1528.26	3648.88
1526.8	3583.04
1525.34	3621.64
1523.88	3560.97
1522.42	3568.76
1520.95	3557.73
1519.49	3606.56
1518.03	3510.04
1516.57	3640.91
1515.1	3679.44
1513.64	3649.6
1512.18	3583.9
1510.71	3692.44
1509.25	3659.2
1507.79	3467.22
1506.32	3546.69
1504.86	3610.77
1503.39	3516.17
1501.92	3622.87
1500.46	3572.64
1498.99	3590.62
1497.53	3588.15
1496.06	3612.94
1494.59	3498.01
1493.12	3522.81
1491.66	3564.63
1490.19	3587.7
1488.72	3655.03
1487.25	3584.46
1485.78	3585.39
1484.31	3553.99
1482.84	3483.49
1481.37	3579.68
1479.9	3601.01
1478.43	3591.73
1476.96	3524.68
1475.49	3610.58
1474.02	3563.94
1472.54	3440.89
1471.07	3557.31
1469.6	3602.38
1468.13	3518.44
1466.65	3607.62
1465.18	3544.07
1463.71	3582.32
1462.23	3520.5
1460.76	3629.94
1459.28	3527.46
1457.81	3526.7
1456.33	3493.75
1454.86	3428.62
1453.38	3505.79
1451.9	3603.24
1450.43	3516.13
1448.95	3454.44
1447.47	3545.07
1445.99	3562.92
1444.52	3470.81
1443.04	3558
1441.56	3514.97
1440.08	3473.64
1438.6	3521.9
1437.12	3656.31
1435.64	3532.21
1434.16	3445.31
1432.68	3501.98
1431.2	3551.87
1429.72	3454.9
1428.24	3523.34
1426.75	3470.28
1425.27	3582.54
1423.79	3455.29
1422.31	3521.98
1420.82	3512.79
1419.34	3500.24
1417.86	3428.72
1416.37	3535.79
1414.89	3499.66
1413.4	3599.93
1411.92	3491.41
1410.43	3409.87
1408.95	3537.02
1407.46	3504.29
1405.97	3516.99
1404.49	3499.41
1403	3507.06
1401.51	3511.35
1400.03	3584.53
1398.54	3398.94
1397.05	3409.96
1395.56	3540.22
1394.07	3472.29
1392.58	3459.79
1391.09	3447.29
1389.6	3503.6
1388.11	3484.39
1386.62	3434.99
1385.13	3536.54
1383.64	3467.04
1382.15	3444.5
1380.66	3398.51
1379.17	3444.68
1377.67	3509.27
1376.18	3496.78
1374.69	3425.7
1373.19	3500.29
1371.7	3462.71
1370.21	3537.26
1368.71	3563.26
1367.22	3535.73
1365.72	3518.24
1364.23	3423.86
1362.73	3600.29
1361.23	3490.89
1359.74	3423.3
1358.24	3467.66
1356.74	3446.87
1355.25	3504.56
1353.75	3483.77
1352.25	3476.34
1350.75	3420.52
1349.25	3553.23
1347.76	3479.08
1346.26	3523.35
1344.76	3502.58
1343.26	3480.15
1341.76	3489.39
1340.26	3476.97
1338.75	3394.6
1337.25	3495.45
1335.75	3414.77
1334.25	3379.08
1332.75	3518.14
1331.25	3495.74
1329.74	3539.9
1328.24	3442.67
1326.74	3458.55
1325.23	3476.08
1323.73	3495.27
1322.22	3482.88
1320.72	3497.08
1319.21	3484.69
1317.71	3542.05
1316.2	3504.76
1314.7	3517.28
1313.19	3481.66
1311.68	3384.67
1310.18	3402.18
1308.67	3469.44
1307.16	3417.29
1305.65	3461.3
1304.14	3493.7
1302.63	3405.11
1301.13	3440.82
1299.62	3503.01
1298.11	3475.75
1296.6	3436.92
1295.09	3318.65
1293.58	3447.01
1292.06	3484.31
1290.55	3361.15
1289.04	3410.03
1287.53	3478.73
1286.02	3428.38
1284.5	3425.98
1282.99	3491.33
1281.48	3513.69
1279.96	3461.73
1278.45	3413.09
1276.94	3417.3
1275.42	3436.36
1273.91	3465.31
1272.39	3433.21
1270.87	3495.14
1269.36	3451.51
1267.84	3463.94
1266.33	3448.35
1264.81	3493.74
1263.29	3428.73
1261.77	3525.17
1260.26	3486.52
1258.74	3281.59
1257.22	3382.93
1255.7	3410.18
1254.18	3356.78
1252.66	3433.36
1251.14	3430.97
1249.62	3397.33
1248.1	3414.68
1246.58	3469.82
1245.06	3345.81
1243.54	3376.3
1242.01	3410.05
1240.49	3422.45
1238.97	3385.58
1237.45	3376.63
1235.92	3438.26
1234.4	3412.89
1232.88	3302.24
1231.35	3391.72
1229.83	3446.73
1228.3	3400.08
1226.78	3396.06
1225.25	3411.7
1223.72	3406.04
1222.2	3316.84
1220.67	3404.55
1219.14	3371.06
1217.62	3422.7
1216.09	3295.94
1214.56	3309.95
1213.03	3353.39
1211.5	3351.02
1209.98	3335.57
1208.45	3325.03
1206.92	3414.2
1205.39	3274.56
1203.86	3409.44
1202.33	3376.02
1200.79	3349.16
1199.26	3364.75
1197.73	3262.81
1196.2	3407.34
1194.67	3365.8
1193.13	3325.92
1191.6	3352.91
1190.07	3327.72
1188.53	3372.64
1187	3298.56
1185.47	3314.13
1183.93	3360.64
1182.4	3319.19
1180.86	3368.94
1179.33	3332.39
1177.79	3352.82
1176.25	3304.89
1174.72	3336.7
1173.18	3355.49
1171.64	3317.35
1170.1	3415.8
1168.57	3324.03
1167.03	3427.3
1165.49	3333.94
1163.95	3310.47
1162.41	3363.33
1160.87	3309.01
1159.33	3308.29
1157.79	3161.5
1156.25	3224.08
1154.71	3351.53
1153.17	3259.97
1151.63	3327.36
1150.08	3334.73
1148.54	3215.68
1147	3270.07
1145.46	3314.72
1143.91	3284.83
1142.37	3246.87
1140.82	3335.2
1139.28	3237.34
1137.73	3327.26
1136.19	3276.37
1134.64	3256.24
1133.1	3210.24
1131.55	3272.59
1130.01	3244.39
1128.46	3219.44
1126.91	3239.73
1125.36	3271.33
1123.82	3259.31
1122.27	3289.27
1120.72	3225.58
1119.17	3268.45
1117.62	3238.69
1116.07	3242.81
1114.52	3269.52
1112.97	3320.41
1111.42	3326.12
1109.87	3260.92
1108.32	3242.47
1106.77	3257.87
1105.22	3247.49
1103.66	3261.26
1102.11	3207.41
1100.56	3264.66
1099	3263.94
1097.45	3239.08
1095.9	3268.93
1094.34	3255.35
1092.79	3277.14
1091.23	3321.43
1089.68	3346.42
1088.12	3263.73
1086.56	3261.4
1085.01	3276.74
1083.45	3189.3
1081.89	3182.18
1080.34	3281
1078.78	3203.24
1077.22	3274.74
1075.66	3267.6
1074.1	3298.95
1072.54	3227.67
1070.98	3210.93
1069.43	3251.89
1067.86	3190.28
1066.3	3242.45
1064.74	3240.13
1063.18	3341.89
1061.62	3206.68
1060.06	3247.58
1058.5	3253.27
1056.93	3188.55
1055.37	3194.25
1053.81	3263.91
1052.24	3239.2
1050.68	3211.31
1049.12	3245.76
1047.55	3192.32
1045.99	3166.05
1044.42	3174.94
1042.85	3236.51
1041.29	3200.67
1039.72	3116.97
1038.16	3162.56
1036.59	3212.9
1035.02	3188.27
1033.45	3165.24
1031.88	3177.29
1030.32	3133.56
1028.75	3100.99
1027.18	3256.44
1025.61	3177.67
1024.04	3122.82
1022.47	3149.2
1020.9	3116.66
1019.33	3152.57
1017.76	3067.55
1016.18	3160.72
1014.61	3214.09
1013.04	3149.78
1011.47	3188.83
1009.89	3178.58
1008.32	3176.29
1006.75	3096.16
1005.17	3093.88
1003.6	3156.71
1002.02	3143.31
1000.45	3225.15
998.873	3110.18
997.297	3112.67
995.721	3118.32
994.145	3171.54
992.568	3129.62
990.991	3081.37
989.413	3082.27
987.835	3022.97
986.257	3090.41
984.678	3141.99
983.099	3052.62
981.52	3077.27
979.94	3141.48
978.36	3093.31
976.78	3073.64
975.199	3035
973.618	3045.4
972.037	3070.01
970.455	3110.43
968.873	3057.59
967.29	3113.78
965.707	3105.19
964.124	2982.91
962.541	3140.13
960.957	3081.03
959.373	3053.52
957.788	3007.08
956.203	3067.93
954.618	3068.83
953.032	3055.53
951.446	3076.92
949.86	2994.29
948.273	3050.34
946.686	3070.14
945.099	3006.46
943.511	2945.96
941.923	3008.27
940.334	3035.93
938.745	3080.89
937.156	3045.59
935.567	3011.89
933.977	3033.23
932.387	2931.94
930.796	3031.88
929.205	3051.63
927.614	2967.69
926.022	2940.33
924.43	3015.05
922.838	2961
921.245	2982.31
919.652	2970.66
918.058	2963.72
916.465	3010.12
914.87	3031.41
913.276	2989.96
911.681	3044.16
910.086	2957.29
908.49	3008.33
906.894	2955.97
905.298	3008.56
903.701	3007.89
902.104	2961.82
900.507	2932.99
898.909	2957.37
897.311	2977.04
895.713	2887.23
894.114	3019.5
892.515	2964.11
890.916	3036.91
889.316	2975.29
887.715	2946.5
886.115	3042.68
884.514	2949.87
882.913	2925.79
881.311	2939.19
879.709	2957.26
878.107	2947.24
876.504	2909.14
874.901	3027.01
873.298	3037.25
871.694	2914.98
870.09	2992.26
868.485	2963.54
866.88	2962.88
865.275	2937.3
863.669	2955.33
862.064	2872.16
860.457	2940
858.851	2954.9
857.244	2972.91
855.636	2981.57
854.028	2949.81
852.42	2908.73
850.812	2920.51
849.203	2924.52
847.594	2989.11
845.984	2955.83
844.375	2948.95
842.764	2931.22
841.154	2905.72
839.543	2936.11
837.931	2915.28
836.32	2970.47
834.708	2915.53
833.095	2891.62
831.482	2878.57
829.869	2868.63
828.256	2929.96
826.642	2924.66
825.028	2880.64
823.413	2852.12
821.798	2860.77
820.183	2880.25
818.567	2936.85
816.951	2874.31
815.335	2927.8
813.718	2908.59
812.101	2954.32
810.483	3035.57
808.865	2906.63
807.247	2915.25
805.629	2940.85
804.01	2838.27
802.39	2876.23
800.771	2875.59
799.151	2881.12
797.53	2889.73
795.91	2879.82
794.288	2862.21
792.667	2844.61
791.045	2857.84
789.423	2829.46
787.8	2804.17
786.177	2842.05
784.554	2886.08
782.93	2911.6
781.306	2790.88
779.682	2941.08
778.057	2957.34
776.432	2852.07
774.807	2812.98
773.181	2875.39
771.554	2794.8
769.928	2806.47
768.301	2828.89
766.674	2885.09
765.046	2852.19
763.418	2882.26
761.789	2774.14
760.161	2876.36
758.531	2872.64
756.902	2839.78
755.272	2721.03
753.642	2884.5
752.011	2830.19
750.38	2798.9
748.749	2900.94
747.117	2843.6
745.485	2918.02
743.852	2926.55
742.22	2841.68
740.586	2801.24
738.953	2901.62
737.319	2767.85
735.685	2852.89
734.05	2873.66
732.415	2897.47
730.779	2858.6
729.144	2897.69
727.507	2889.4
725.871	2810.84
724.234	2930.86
722.597	2855.38
720.959	2931.07
719.321	2857.14
717.683	2877.86
716.044	2843.65
714.405	2986.38
712.765	2842.37
711.126	2922.53
709.485	2987.41
707.845	2820.63
706.204	2987.58
704.563	2964.06
702.921	2958.82
701.279	2936.84
699.636	2866.16
697.993	3026.82
696.35	3021.57
694.707	2987.42
693.063	3050.62
691.419	2920.7
689.774	2907.88
688.129	3015.12
686.483	3000.76
684.838	3019.83
683.191	3002.44
681.545	3059.46
679.898	2978.31
678.251	2994.34
676.603	2993.66
674.955	2994.5
673.307	3092.4
671.658	3093.22
670.009	3044.01
668.359	2982.69
666.709	2950.2
665.059	2969.23
663.408	2929.17
661.757	3031.48
660.106	2986.89
658.454	2922.64
656.802	2953.76
655.15	2835.09
653.497	2956.96
651.844	2910.92
650.19	2902.71
648.536	2829.5
646.881	2854.54
645.227	2805.55
643.572	2803.41
641.916	2837.5
640.26	2785.53
638.604	2769.8
636.947	2769.17
635.29	2786.65
633.633	2858.42
631.975	2761.26
630.317	2828.48
628.659	2717.8
627	2766.91
625.34	2767.79
623.681	2678.29
622.021	2722.86
620.36	2737.3
618.7	2760.76
617.038	2727.03
615.377	2718.89
613.715	2689.69
612.053	2756.75
610.39	2622.31
608.727	2605.17
607.064	2676.72
605.4	2649.07
603.736	2627.43
602.071	2563.76
600.406	2629.24
598.741	2652.67
597.075	2668.57
595.409	2715.98
593.743	2646.36
592.076	2674.25
590.409	2645.15
588.741	2631.06
587.073	2606.48
585.405	2679.31
583.736	2593.31
582.067	2645.14
580.397	2653.52
578.728	2748.74
577.057	2617.89
575.387	2644.23
573.716	2628.67
572.044	2640.04
570.373	2618.5
568.7	2607.44
567.028	2611.33
565.355	2564.41
563.682	2710.24
562.008	2648.38
560.334	2559.67
558.66	2581.48
556.985	2622.69
555.31	2642.98
553.634	2625.97
551.958	2576.14
550.282	2694.86
548.605	2580.93
546.928	2568.42
545.25	2590.19
543.573	2595.56
541.894	2621.78
540.216	2640.54
538.537	2607.18
536.857	2599.14
535.178	2622.36
533.497	2618.79
531.817	2531.91
530.136	2608.67
528.455	2597.67
526.773	2591.13
525.091	2572.7
523.408	2584
521.725	2537.36
520.042	2550.15
518.359	2558.47
516.675	2480.69
514.99	2586.99
513.305	2535.95
511.62	2490.86
509.935	2576.32
508.249	2534.21
506.562	2598.86
504.876	2553.8
503.189	2584.33
501.501	2515.59
499.813	2526.87
498.125	2561.83
496.436	2639.71
494.747	2550.3
493.058	2517.16
491.368	2531.38
489.678	2532.28
487.987	2444.45
486.297	2467.54
484.605	2512.8
482.913	2546.21
481.221	2567.79
479.529	2484.49
477.836	2510.5
476.143	2456.77
474.449	2530.02
472.755	2494.02
471.061	2478.69
469.366	2463.37
467.67	2536.55
465.975	2463.72
464.279	2556.02
462.582	2452.27
460.886	2473.81
459.189	2418.74
457.491	2449.12
455.793	2411.75
454.095	2568.7
452.396	2488.64
450.697	2457.17
448.997	2463.96
447.298	2420.75
445.597	2481.95
443.897	2515.19
442.196	2477.87
440.494	2427.34
438.792	2454.69
437.09	2471.76
435.387	2403.65
433.684	2552.83
431.981	2404.01
430.277	2429.87
428.573	2501.19
426.868	2396.49
425.163	2473.65
423.458	2436.43
421.752	2478.38
420.046	2515.9
418.34	2428.89
416.633	2363.89
414.925	2418.99
413.218	2402.33
411.51	2457.4
409.801	2398.3
408.092	2432.86
406.383	2422.06
404.673	2449.29
402.963	2425.33
401.253	2442.32
399.542	2437.37
397.831	2376.91
396.119	2439.17
394.407	2467.81
392.694	2419.07
390.982	2436.03
389.268	2396.07
387.555	2391.14
385.841	2371.63
384.126	2439.62
382.411	2447.8
380.696	2396.22
378.981	2372.36
377.265	2361.61
375.548	2339.22
373.832	2423.14
372.114	2416.76
370.397	2442.4
368.679	2371.99
366.96	2404.9
365.242	2434.89
363.523	2441.6
361.803	2397.42
360.083	2473.91
358.363	2362.9
356.642	2340.56
354.921	2417
353.199	2419.35
351.477	2369.43
349.755	2458.87
348.032	2382.84
346.309	2392.45
344.586	2502.14
342.862	2485.61
341.137	2342.95
339.413	2362.7
337.688	2489.68
335.962	2274.68
334.236	2433.49
332.51	2479.27
330.783	2516.34
329.056	2389.83
327.328	2500.71
325.601	2526.17
323.872	2531.37
322.144	2446.91
320.414	2434.78
318.685	2464.57
316.955	2472.67
315.225	2457.65
313.494	2425.3
311.763	2444.96
310.031	2432.85
308.299	2449.6
306.567	2490.89
304.834	2458.57
303.101	2453.67
301.368	2526.66
299.634	2415.05
297.9	2444.76
296.165	2473.02
294.43	2456.6
292.694	2516.53
290.958	2490.03
289.222	2518.25
287.485	2475.92
285.748	2489.73
284.011	2438.8
282.273	2435.36
280.534	2456.37
278.795	2401.16
277.056	2469.6
275.317	2467.59
273.577	2515.87
271.836	2429.1
270.096	2425.66
268.355	2438.02
266.613	2461.86
264.871	2436.89
263.129	2457.85
261.386	2392.73
259.643	2463.88
257.899	2457.57
256.155	2403.96
254.411	2429.2
252.666	2450.13
250.921	2473.91
249.175	2430.38
247.429	2438.4
245.683	2452.15
243.936	2434.41
242.189	2426.69
240.441	2414.68
238.693	2435.57
236.944	2399.26
235.196	2495.91
233.446	2391
231.697	2453.31
229.947	2472.74
228.196	2462.17
226.445	2480.16
224.694	2465.31
222.942	2513.26
221.19	2554.05
219.437	2455.03
217.685	2505.8
215.931	2599.32
214.177	2555.95
212.423	2501.2
210.669	2512.02
208.914	2463
207.158	2527.94
205.403	2543.01
203.646	2578.01
201.89	2595.91
200.133	2572.54
