1000.66	6804.52
999.081	6782.3
997.505	6736.37
995.929	6822.12
994.352	6712.77
992.775	6716.04
991.198	6800.14
989.621	6719.4
988.043	6687.8
986.465	6743.34
984.886	6770.35
983.307	6741.94
981.728	6583.72
980.148	6807
978.568	6683.65
976.988	6671.09
975.407	6620.58
973.826	6747.19
972.245	6723.56
970.663	6608.27
969.081	6772.72
967.499	6730.14
965.916	6564.38
964.333	6766.63
962.749	6735.13
961.165	6580.52
959.581	6627.98
957.997	6658.06
956.412	6748.07
954.827	6640.91
953.241	6667.81
951.655	6680.52
950.069	6726.31
948.482	6606.64
946.895	6545.31
945.308	6617.88
943.72	6611.68
942.132	6791.25
940.543	6610.31
938.955	6547.47
937.365	6731.65
935.776	6613.76
934.186	6585.56
932.596	6695.71
931.005	6640.78
929.414	6655.02
927.823	6563.98
926.232	6636.35
924.64	6501.39
923.047	6507.79
921.455	6713.54
919.862	6624.16
918.268	6561.49
916.674	6580.42
915.08	6781.26
913.486	6546.13
911.891	6624.62
910.296	6543.21
908.7	6624.8
907.105	6504.26
905.508	6654.73
903.912	6618.8
902.315	6595.41
900.717	6672.19
899.12	6578.38
897.522	6642.62
895.923	6536.34
894.325	6541.14
892.726	6597.52
891.126	6639.82
889.526	6641.46
887.926	6514.99
886.326	6541.65
884.725	6612.03
883.124	6587.13
881.522	6513.85
879.92	6724.64
878.318	6646.69
876.715	6738.8
875.112	6651.51
873.509	6793.48
871.905	6656.34
870.301	6787.32
868.696	6667.38
867.092	6651.87
865.486	6686.21
863.881	6667.59
862.275	6779.74
860.669	6658.38
859.062	6745.58
857.455	6815.64
855.848	6666.35
854.24	6699.07
852.632	6820.39
851.024	6736.49
849.415	6857.75
847.806	6845.33
846.196	6700.9
844.587	6773.94
842.976	6784.85
841.366	6860.94
839.755	6882.68
838.144	6850.11
836.532	6923.03
834.92	6923.03
833.308	6957.14
831.695	6777.31
830.082	6912.18
828.468	6890.49
826.854	6896.69
825.24	6909.08
823.626	6974.12
822.011	6995.77
820.396	6988.01
818.78	7005.02
817.164	6969.41
815.548	7074.57
813.931	6944.64
812.314	6961.63
810.696	6938.43
809.079	7043.5
807.46	6922.96
805.842	7044.97
804.223	6898.23
802.604	6987.77
800.984	6834.93
799.364	6986.18
797.744	6861.18
796.123	6992.3
794.502	6973.76
792.881	6893.56
791.259	6913.6
789.637	6961.36
788.014	6972.12
786.391	6864.26
784.768	6798.04
783.144	6948.95
781.52	6924.29
779.896	6884.26
778.271	7084.29
776.646	7070.39
775.021	6996.51
773.395	6979.56
771.769	6864.23
770.142	6944.14
768.515	6884.19
766.888	6831.94
765.26	6945.6
763.632	6790.48
762.004	6936.34
760.375	6901.01
758.746	7025.29
757.116	6959.27
755.487	6858
753.856	6888.66
752.226	6887.11
750.595	6862.57
748.964	6989.75
747.332	6986.64
745.7	6929.93
744.067	7038.63
742.435	6902.31
740.801	7064.54
739.168	6906.85
737.534	7117.97
735.9	7068.95
734.265	7049
732.63	7151.39
730.995	7142.13
729.359	7181.79
727.723	7094.6
726.086	7141.88
724.45	7231.91
722.812	7216.54
721.175	7214.91
719.537	7315.55
717.899	7391.72
716.26	7196.3
714.621	7434.14
712.981	7466.01
711.342	7351.51
709.701	7534.28
708.061	7476.2
706.42	7587.25
704.779	7553.55
703.137	7705.65
701.495	7685.64
699.853	7635.2
698.21	7806.96
696.567	7723.03
694.923	7832.33
693.279	7917.25
691.635	8082.71
689.99	8064.16
688.345	8041.06
686.7	8086.34
685.054	8303.26
683.408	8240.64
681.762	8372.39
680.115	8349.25
678.468	8338.25
676.82	8445.61
675.172	8557.48
673.524	8620.76
671.875	8674.91
670.226	8562.28
668.576	8780.11
666.927	8482.64
665.276	8539.81
663.626	8430.34
661.975	8532.91
660.324	8453.77
658.672	8327.74
657.02	8322.83
655.367	8261.94
653.714	8332.67
652.061	7989.02
650.408	8041.64
648.754	8023.19
647.099	7833.99
645.445	7895.67
643.79	7739.81
642.134	7762.21
640.478	7784.61
638.822	7659.07
637.166	7640.73
635.509	7435.31
633.851	7632.74
632.194	7566.16
630.535	7372.96
628.877	7381.84
627.218	7285.22
625.559	7426.7
623.899	7425.02
622.239	7311.89
620.579	7341.85
618.918	7347.71
617.257	7224.13
615.596	7366.94
613.934	7187.76
612.272	7250.8
610.609	7303.28
608.946	7148.28
607.283	7191.75
605.619	7160.06
603.955	7141.91
602.29	7201.87
600.625	7321.86
598.96	7075.49
597.295	7057.37
595.629	7105.29
593.962	7169.68
592.295	7121.55
590.628	7122.93
588.961	7190.28
587.293	7088.22
585.624	7146.55
583.956	7120.95
582.287	7152.28
580.617	7116.21
578.948	7199.93
577.277	7315.05
575.607	7187.68
573.936	7141.15
572.265	7283.13
570.593	7190.24
568.921	7100.39
567.248	7186.97
565.575	7207.75
563.902	7304.72
562.229	7291.11
560.555	7290.94
558.88	7295.25
557.205	7196.56
555.53	7399.38
553.855	7373.82
552.179	7187.16
550.503	7407.74
548.826	7200.29
547.149	7356.66
545.471	7244.7
543.794	7396.52
542.115	7436.54
540.437	7382.72
538.758	7349.77
537.078	7293.01
535.399	7394.04
533.719	7472.7
532.038	7371.32
530.357	7439.55
528.676	7225.21
526.994	7358.85
525.312	7473.1
523.63	7342.11
521.947	7450.37
520.264	7337.27
518.58	7383.12
516.896	7400.73
515.212	7241.71
513.527	7339.47
511.842	7276.97
510.157	7347.99
508.471	7373
506.785	7309.05
505.098	7418.54
503.411	7313.11
501.723	7312.92
500.036	7380.87
498.347	7282.92
496.659	7285.7
494.97	7258.87
493.281	7255.73
491.591	7240.75
489.901	7426.95
488.21	7463.7
486.519	7389.55
484.828	7297.69
483.136	7248.73
481.444	7291.39
479.752	7373.92
478.059	7292.49
476.366	7212.56
474.672	7206.48
472.978	7234.35
471.284	7272.53
469.589	7403.62
467.894	7357.68
466.198	7388.43
464.502	7229.01
462.806	7379.15
461.109	7433.45
459.412	7436.17
457.715	7300.44
456.017	7367.97
454.318	7275.01
452.62	7410.22
450.921	7309.93
449.221	7417.12
447.521	7334.52
445.821	7485.76
444.121	7432.59
442.42	7426.48
440.718	7367.47
439.016	7411.32
437.314	7485.99
435.612	7454.9
433.909	7341.62
432.205	7405.98
430.502	7347.05
428.797	7348.3
427.093	7295.28
425.388	7363.99
423.683	7404.81
421.977	7391.38
420.271	7420.46
418.564	7456.84
416.858	7521.04
415.15	7425.59
413.443	7321.41
411.735	7400.22
410.026	7315.11
408.317	7524.1
406.608	7425.84
404.898	7453.37
403.188	7418.03
401.478	7455.79
399.767	7540.29
398.056	7507.88
396.344	7408.29
394.632	7451.85
392.92	7537.73
391.207	7573.95
389.494	7503.62
387.78	7431.86
386.066	7459.32
384.352	7674.89
382.637	7677.49
380.922	7591.19
379.207	7652.1
377.491	7576.03
375.774	7558.26
374.058	7670.11
372.341	7579.53
370.623	7631.64
368.905	7562.94
367.187	7623.76
365.468	7786.37
363.749	7681.32
362.029	7919.45
360.31	7728.66
358.589	7719.61
356.869	7688.77
355.147	7745.1
353.426	7917.58
351.704	7902.68
349.982	7857.31
348.259	7896.13
346.536	8046.66
344.813	7920.05
343.089	8147.36
341.364	7865.65
339.64	8008.79
337.915	8044.62
336.189	8116.65
334.463	8085.81
332.737	8130.28
331.01	8074.83
329.283	8233.64
327.556	8221.61
325.828	8180.65
324.1	8139.7
322.371	8202.9
320.642	8321.01
318.913	8160.07
317.183	8275.25
315.453	8286.34
313.722	8333.54
311.991	8281.06
310.259	8520.27
308.528	8557.28
306.795	8399.43
305.063	8554.76
303.33	8499.41
301.596	8448.41
299.862	8414.73
298.128	8457.47
296.393	8521.81
294.658	8508.31
292.923	8486.17
291.187	8471.24
289.451	8521.11
287.714	8504.75
285.977	8492.7
284.239	8574.19
282.501	8608.16
280.763	8496.87
279.024	8497.77
277.285	8431.11
275.546	8466.53
273.806	8478.93
272.066	8613.44
270.325	8447.71
268.584	8473.04
266.842	8428.01
265.1	8527.95
263.358	8475.75
261.615	8532.6
259.872	8471.82
258.129	8517.17
256.385	8553.9
254.64	8381.36
252.896	8541.33
251.151	8493.51
249.405	8614.71
247.659	8598.39
245.913	8629.32
244.166	8511.38
242.419	8609.57
240.671	8779.23
238.923	8750.02
237.175	8683.64
235.426	8850.31
233.677	8689.61
231.927	8761.89
230.177	8765.57
228.427	8750.68
226.676	8855.74
224.924	8947.9
223.173	9037.16
221.421	8929.47
219.668	9102.86
217.915	8892.51
216.162	9108.6
214.408	9260.44
212.654	9206.98
210.9	9271.81
209.145	9298.14
207.39	9421.31
205.634	9269.61
203.878	9347.17
202.121	9427.54
200.364	9665.82
