4501.29	2390.77
4500.4	2382.28
4499.52	2415.81
4498.64	2364.48
4497.75	2434.77
4496.87	2196.85
4495.98	2275.62
4495.1	2345.88
4494.22	2320.04
4493.33	2359.19
4492.45	2316.41
4491.56	2364.02
4490.68	2414.44
4489.79	2371.67
4488.9	2258.34
4488.02	2288.99
4487.13	2203.93
4486.25	2220.48
4485.36	2259.59
4484.47	2290.22
4483.59	2137.54
4482.7	2221.75
4481.81	2243.92
4480.93	2187.16
4480.04	2364.31
4479.15	2214.57
4478.26	2171.93
4477.38	2222.25
4476.49	2204.97
4475.6	2227.11
4474.71	2243.61
4473.83	2206.63
4472.94	2228.76
4472.05	2321.22
4471.16	2118.27
4470.27	2162.9
4469.38	2201.9
4468.49	2128.41
4467.6	2156.15
4466.71	2119.24
4465.82	2250.95
4464.93	2169.07
4464.04	2241.73
4463.15	2168.32
4462.26	2201.64
4461.37	2173.18
4460.48	2150.34
4459.59	2116.28
4458.7	2138.37
4457.81	2222.17
4456.92	2157.26
4456.03	2142.86
4455.14	2212.59
4454.24	2136.5
4453.35	2186.59
4452.46	2104.93
4451.57	2143.79
4450.68	2039.75
4449.78	2129.04
4448.89	2072.65
4448	2097.49
4447.11	2063.52
4446.21	2099.56
4445.32	2104.79
4444.43	2070.84
4443.53	2112.45
4442.64	2184.81
4441.75	2148.07
4440.85	2203.63
4439.96	2138.93
4439.06	2144.15
4438.17	2113.03
4437.27	2093.1
4436.38	2226.85
4435.48	2151.03
4434.59	2184.17
4433.69	2094.43
4432.8	2158.28
4431.9	2146.74
4431.01	2129.62
4430.11	2190.64
4429.22	2131.66
4428.32	2150.82
4427.42	2186.7
4426.53	2136.12
4425.63	2227.76
4424.73	2252.46
4423.84	2151.73
4422.94	2156.92
4422.04	2047.88
4421.14	2136.67
4420.25	2189.22
4419.35	2308.58
4418.45	2258.06
4417.55	2137.96
4416.65	2254.48
4415.76	2251.31
4414.86	2326.04
4413.96	2167.06
4413.06	2236.22
4412.16	2191.33
4411.26	2266.02
4410.36	2332.34
4409.46	2192.96
4408.56	2275.95
4407.66	2397.8
4406.76	2344.6
4405.86	2285.86
4404.96	2288.24
4404.06	2365.58
4403.16	2315.2
4402.26	2275.93
4401.36	2245.01
4400.46	2319.53
4399.56	2407.89
4398.66	2376.96
4397.76	2384.87
4396.85	2340.09
4395.95	2428.39
4395.05	2466.76
4394.15	2391.51
4393.25	2418.8
4392.34	2437.76
4391.44	2251.77
4390.54	2489.53
4389.64	2505.7
4388.73	2466.51
4387.83	2394.11
4386.93	2330.05
4386.02	2443.08
4385.12	2589.26
4384.21	2494.77
4383.31	2510.92
4382.41	2532.6
4381.5	2598.5
4380.6	2606.34
4379.69	2627.99
4378.79	2591.61
4377.88	2585.63
4376.98	2596.22
4376.07	2490.83
4375.17	2537.33
4374.26	2697
4373.36	2586.12
4372.45	2635.34
4371.54	2717.65
4370.64	2612.35
4369.73	2628.44
4368.82	2589.37
4367.92	2712.98
4367.01	2751.1
4366.1	2758.89
4365.2	2637.15
4364.29	2768.94
4363.38	2721.62
4362.47	2633.01
4361.57	2767.48
4360.66	2791.77
4359.75	2840.83
4358.84	2834.83
4357.93	2721.51
4357.02	2798.06
4356.11	2734.3
4355.21	2786.08
4354.3	2747.09
4353.39	2870.33
4352.48	2779.11
4351.57	2781.37
4350.66	2962.25
4349.75	2915.02
4348.84	2856.82
4347.93	2837.09
4347.02	2880.53
4346.11	2885.51
4345.2	2876.77
4344.29	2802.16
4343.37	2903.2
4342.46	2801.18
4341.55	2839.09
4340.64	2956.52
4339.73	2898.42
4338.82	2993.86
4337.9	2968.67
4336.99	2957.18
4336.08	3011.46
4335.17	2901.35
4334.26	2878.92
4333.34	2922.24
4332.43	3050.42
4331.52	3019.77
4330.6	3024.71
4329.69	3221.23
4328.78	2974.39
4327.86	3023.11
4326.95	2992.49
4326.03	2978.29
4325.12	2994.17
4324.21	3029.18
4323.29	3075.12
4322.38	3063.65
4321.46	3136.88
4320.55	3046.17
4319.63	3064.76
4318.72	3099.72
4317.8	3050.03
4316.88	3060.41
4315.97	3013.47
4315.05	3002.02
4314.14	3036.96
4313.22	2949.13
4312.3	2992.25
4311.39	3010.81
4310.47	3034.82
4309.55	3028.83
4308.63	3191.84
4307.72	3117.7
4306.8	3136.22
4305.88	3062.11
4304.96	3135.12
4304.05	3169.97
4303.13	3095.89
4302.21	3065.4
4301.29	3037.64
4300.37	3154.12
4299.45	3134.52
4298.54	3229.18
4297.62	3138.85
4296.7	3274.27
4295.78	3124.15
4294.86	3156.22
4293.94	3207.31
4293.02	3185
4292.1	3154.55
4291.18	3115.96
4290.26	3167.02
4289.34	3266.94
4288.42	3244.64
4287.5	3189.77
4286.57	3284.2
4285.65	3199.5
4284.73	3209.79
4283.81	3171.24
4282.89	3130
4281.97	3365.37
4281.04	3174.98
4280.12	3209.66
4279.2	3247.04
4278.28	3203.11
4277.35	3343.43
4276.43	3201.98
4275.51	3206.83
4274.59	3287.5
4273.66	3295.04
4272.74	3272.8
4271.81	3193.73
4270.89	3293.29
4269.97	3265.65
4269.04	3238.03
4268.12	3248.27
4267.19	3242.29
4266.27	3220.09
4265.34	3278.99
4264.42	3256.78
4263.49	3207.57
4262.57	3377.21
4261.64	3268.56
4260.72	3278.79
4259.79	3262
4258.87	3258.73
4257.94	3266.25
4257.01	3262.97
4256.09	3354.14
4255.16	3337.36
4254.23	3172.22
4253.31	3252.57
4252.38	3338.28
4251.45	3345.78
4250.52	3323.62
4249.6	3199.06
4248.67	3284.72
4247.74	3370.35
4246.81	3251.23
4245.88	3369.16
4244.96	3198.92
4244.03	3249.5
4243.1	3375.44
4242.17	3374.84
4241.24	3239.7
4240.31	3430.14
4239.38	3335.39
4238.45	3329.42
4237.52	3355.72
4236.59	3355.12
4235.66	3359.9
4234.73	3211.5
4233.8	3347.96
4232.87	3331.25
4231.94	3268.88
4231.01	3402.58
4230.08	3324.11
4229.15	3291.3
4228.22	3473.24
4227.28	3402.85
4226.35	3353.95
4225.42	3323.84
4224.49	3358.12
4223.56	3424.57
4222.62	3413.24
4221.69	3369.74
4220.76	3275.33
4219.83	3312.27
4218.89	3333.11
4217.96	3544.15
4217.03	3487.28
4216.09	3339.37
4215.16	3507.46
4214.23	3426.53
4213.29	3404.5
4212.36	3409.25
4211.42	3363.16
4210.49	3458.87
4209.55	3396.74
4208.62	3412.18
4207.68	3366.12
4206.75	3443.04
4205.81	3458.47
4204.88	3407.08
4203.94	3537.39
4203.01	3264.29
4202.07	3327.81
4201.13	3420.68
4200.2	3497.5
4199.26	3406.12
4198.32	3453.55
4197.39	3442.26
4196.45	3422.98
4195.51	3427.7
4194.58	3416.43
4193.64	3309.16
4192.7	3452.53
4191.76	3459.92
4190.82	3491.28
4189.89	3392.07
4188.95	3463.4
4188.01	3537.37
4187.07	3486.13
4186.13	3456.22
4185.19	3442.3
4184.25	3553.48
4183.31	3374.54
4182.37	3392.56
4181.43	3469.11
4180.49	3399.34
4179.55	3438.62
4178.61	3403.44
4177.67	3509.18
4176.73	3553.74
4175.79	3385.68
4174.85	3385.08
4173.91	3379.16
4172.97	3429.02
4172.03	3470.9
4171.09	3560.56
4170.14	3517.45
4169.2	3429.24
4168.26	3388.82
4167.32	3502.3
4166.38	3483.11
4165.43	3527.58
4164.49	3603.85
4163.55	3478.6
4162.6	3597.27
4161.66	3405.8
4160.72	3429.04
4159.77	3547.65
4158.83	3509.93
4157.89	3424.55
4156.94	3506.03
4156	3629.84
4155.05	3594.78
4154.11	3493.57
4153.16	3440.02
4152.22	3534.66
4151.27	3489.06
4150.33	3565.13
4149.38	3434.92
4148.44	3524.2
4147.49	3460.13
4146.55	3604.87
4145.6	3569.88
4144.65	3437.14
4143.71	3544.83
4142.76	3552.12
4141.81	3488.11
4140.87	3458.45
4139.92	3653.16
4138.97	3478.33
4138.03	3541.03
4137.08	3506.1
4136.13	3597.8
4135.18	3707.92
4134.23	3530.59
4133.29	3638.05
4132.34	3600.5
4131.39	3586.68
4130.44	3615.02
4129.49	3466.85
4128.54	3476.76
4127.59	3513.01
4126.64	3501.85
4125.69	3717.09
4124.74	3487.44
4123.79	3602.6
4122.84	3583.54
4121.89	3590.79
4120.94	3553.33
4119.99	3468.54
4119.04	3457.41
4118.09	3585.59
4117.14	3642.78
4116.19	3552.78
4115.24	3683.51
4114.28	3627.69
4113.33	3650.67
4112.38	3639.52
4111.43	3641.49
4110.48	3567.34
4109.52	3603.44
4108.57	3636.91
4107.62	3536.57
4106.66	3530.69
4105.71	3608.73
4104.76	3642.17
4103.8	3683.47
4102.85	3688.05
4101.9	3682.15
4100.94	3610.74
4099.99	3518.4
4099.03	3625.16
4098.08	3760.7
4097.12	3584.59
4096.17	3607.51
4095.21	3633.04
4094.26	3616.68
4093.3	3555.86
4092.35	3646.78
4091.39	3653.97
4090.44	3614.09
4089.48	3589.91
4088.52	3649.39
4087.57	3703.63
4086.61	3661.15
4085.65	3574.27
4084.7	3704.25
4083.74	3601.72
4082.78	3708.14
4081.82	3819.75
4080.87	3667.66
4079.91	3677.44
4078.95	3705.48
4077.99	3696.99
4077.03	3636.33
4076.08	3713.92
4075.12	3710.65
4074.16	3767.34
4073.2	3644.15
4072.24	3747.74
4071.28	3572.48
4070.32	3790.69
4069.36	3685.81
4068.4	3695.57
4067.44	3668.87
4066.48	3707.26
4065.52	3761.25
4064.56	3687.71
4063.6	3788.52
4062.64	3715
4061.68	3662.31
4060.72	3752.67
4059.75	3663.6
4058.79	3764.32
4057.83	3732.46
4056.87	3674.61
4055.91	3707.73
4054.94	3810.98
4053.98	3729.78
4053.02	3684.96
4052.06	3712.86
4051.09	3660.27
4050.13	3817.93
4049.17	3762.75
4048.2	3811.37
4047.24	3709.52
4046.27	3690.7
4045.31	3726.34
4044.35	3689.37
4043.38	3737.96
4042.42	3734.69
4041.45	3811.76
4040.49	3860.3
4039.52	3761.17
4038.56	3788.98
4037.59	3723.57
4036.63	3911.89
4035.66	3688.57
4034.69	3819.9
4033.73	3770.05
4032.76	3782.3
4031.8	3719.55
4030.83	3664.57
4029.86	3793.19
4028.89	3839.04
4027.93	3812.5
4026.96	3775.64
4025.99	3816.3
4025.02	3727.77
4024.06	3729.69
4023.09	3767.75
4022.12	3927.15
4021.15	3805.12
4020.18	3727
4019.21	3759.87
4018.25	3779.84
4017.28	3724.98
4016.31	3832.64
4015.34	3782.95
4014.37	3761.64
4013.4	3840.88
4012.43	3793.79
4011.46	3705.49
4010.49	3813.03
4009.52	3850.99
4008.55	3744.7
4007.58	3751.75
4006.6	3820.58
4005.63	3745.25
4004.66	3803.76
4003.69	3833.95
4002.72	3877
4001.75	3734.83
4000.77	3813.88
3999.8	3851.76
3998.83	3740.52
3997.86	3721.85
3996.88	3805.98
3995.91	3872.1
3994.94	3930.49
3993.96	3747.42
3992.99	3731.33
3992.02	3884.71
3991.04	3807
3990.07	3921.81
3989.1	3818.45
3988.12	3840.85
3987.15	3806.81
3986.17	3775.35
3985.2	3736.2
3984.22	3899.61
3983.25	3880.96
3982.27	3880.26
3981.3	3795
3980.32	3750.76
3979.34	3785.94
3978.37	3775.01
3977.39	3953.57
3976.41	3853.01
3975.44	3931.67
3974.46	3897.69
3973.48	3748.57
3972.51	3791.39
3971.53	3716.52
3970.55	3907.65
3969.57	3853.25
3968.6	3913.91
3967.62	3683.16
3966.64	3828.16
3965.66	3899.01
3964.68	3862.54
3963.7	3918.03
3962.73	3861.14
3961.75	3791.51
3960.77	3788.27
3959.79	3869.25
3958.81	3899.18
3957.83	3895.92
3956.85	3999.8
3955.87	3846.05
3954.89	3955
3953.91	3882.9
3952.93	3945.92
3951.94	3917.17
3950.96	3987.81
3949.98	3931.04
3949	3864.1
3948.02	3822.65
3947.04	3979.83
3946.06	3869.64
3945.07	3825.67
3944.09	3990.39
3943.11	3872.62
3942.13	3823.59
3941.14	3927.18
3940.16	3956.98
3939.18	3890.16
3938.19	3810.65
3937.21	3888.75
3936.23	3903.29
3935.24	3927.99
3934.26	3924.73
3933.27	3888.47
3932.29	3984.26
3931.3	3963.22
3930.32	3921.89
3929.33	3949.09
3928.35	3877.33
3927.36	3828.42
3926.38	3888.6
3925.39	4060.35
3924.41	3818.73
3923.42	4023.39
3922.43	3933.94
3921.45	3887.61
3920.46	4046.53
3919.47	4007.8
3918.49	3880.43
3917.5	3867.06
3916.51	3972.7
3915.52	3923.88
3914.54	3915.57
3913.55	4074.29
3912.56	4048.25
3911.57	3941.27
3910.58	3958.26
3909.6	4035.93
3908.61	4090.82
3907.62	3933.35
3906.63	3950.32
3905.64	3952.13
3904.65	3943.84
3903.66	4029
3902.67	3942.4
3901.68	3992.19
3900.69	3946.02
3899.7	4013.45
3898.71	3962.25
3897.72	4037.23
3896.73	3900.26
3895.74	4055.94
3894.74	3929.1
3893.75	4006.55
3892.76	3960.45
3891.77	4015.18
3890.78	3976.65
3889.79	4036.39
3888.79	4028.1
3887.8	3863.65
3886.81	3958.64
3885.81	3998.21
3884.82	4040.27
3883.83	3996.75
3882.83	4051.38
3881.84	3950.01
3880.85	4017.21
3879.85	4039.11
3878.86	3973
3877.86	4047.7
3876.87	4089.69
3875.88	3993.45
3874.88	4022.87
3873.89	4160.31
3872.89	4023.92
3871.89	4015.65
3870.9	3896.91
3869.9	4114.6
3868.91	4078.71
3867.91	4130.67
3866.91	4062.17
3865.92	3973.63
3864.92	3922.74
3863.92	3994.75
3862.93	4029.12
3861.93	4098.58
3860.93	4065.25
3859.93	4132.17
3858.94	4061.26
3857.94	4223.34
3856.94	4084.83
3855.94	4096.6
3854.94	4075.82
3853.94	4080.09
3852.95	3991.75
3851.95	4058.58
3850.95	4245.47
3849.95	4169.66
3848.95	4108.88
3847.95	4100.63
3846.95	4089.88
3845.95	4066.64
3844.95	4185.85
3843.95	4205.07
3842.95	4071.9
3841.95	3983.74
3840.94	4250.21
3839.94	4229.46
3838.94	4146.31
3837.94	4080.66
3836.94	4052.47
3835.94	4081.67
3834.93	4038.52
3833.93	4145.02
3832.93	4064.47
3831.93	4195.86
3830.92	4182.63
3829.92	4127.04
3828.92	4121.3
3827.91	4120.55
3826.91	4102.36
3825.91	4019.43
3824.9	4043.59
3823.9	4112.56
3822.89	4149.14
3821.89	4081.19
3820.88	4229.73
3819.88	4131.94
3818.87	4178.44
3817.87	4197.57
3816.86	4189.34
3815.86	4086.66
3814.85	4090.88
3813.84	4082.67
3812.84	4188.76
3811.83	4061.31
3810.83	4115.2
3809.82	4208.81
3808.81	4160.87
3807.8	4155.14
3806.8	4144.45
3805.79	4213.17
3804.78	4172.7
3803.77	4152.1
3802.77	4243.09
3801.76	4143.14
3800.75	4144.86
3799.74	4166.41
3798.73	4202.81
3797.72	4120.28
3796.71	4245.86
3795.7	4051.9
3794.69	4313.64
3793.68	4218.77
3792.67	4257.6
3791.66	4229.6
3790.65	4191.71
3789.64	4225.57
3788.63	4254.48
3787.62	4204.24
3786.61	4178.74
3785.6	4242.25
3784.59	4194.51
3783.58	4136.9
3782.56	4269.57
3781.55	4214.44
3780.54	4374.21
3779.53	4128.93
3778.52	4204.71
3777.5	4248.38
3776.49	4205.64
3775.48	4246.82
3774.46	4334.86
3773.45	4131.79
3772.44	4143.36
3771.42	4196.85
3770.41	4205.94
3769.39	4259.4
3768.38	4187.14
3767.36	4228.26
3766.35	4284.15
3765.34	4352.33
3764.32	4282.58
3763.3	4254.7
3762.29	4359.78
3761.27	4196.53
3760.26	4178.53
3759.24	4281.1
3758.23	4282.78
3757.21	4345.94
3756.19	4330.38
3755.18	4364.01
3754.16	4215.72
3753.14	4239.52
3752.12	4332.12
3751.11	4346.06
3750.09	4227.36
3749.07	4440.24
3748.05	4218.44
3747.03	4352.68
3746.02	4175.16
3745	4252.92
3743.98	4345.38
3742.96	4337.22
3741.94	4321.7
3740.92	4320.91
3739.9	4226.94
3738.88	4348.73
3737.86	4242.54
3736.84	4278.52
3735.82	4338.98
3734.8	4308.79
3733.78	4317.79
3732.76	4285.17
3731.74	4382.31
3730.71	4344.78
3729.69	4388.03
3728.67	4352.97
3727.65	4352.17
3726.63	4324.46
3725.61	4526.64
3724.58	4254.41
3723.56	4295.18
3722.54	4428.82
3721.51	4362.02
3720.49	4290.36
3719.47	4318.89
3718.44	4381.59
3717.42	4341.71
3716.4	4267.67
3715.37	4335.23
3714.35	4373.48
3713.32	4338.51
3712.3	4254.77
3711.27	4512.54
3710.25	4426.35
3709.22	4415.78
3708.2	4441.78
3707.17	4443.4
3706.15	4435.27
3705.12	4383.28
3704.09	4372.73
3703.07	4459.61
3702.04	4565.93
3701.01	4492.05
3699.99	4371.94
3698.96	4478.22
3697.93	4496.86
3696.9	4432.77
3695.88	4478.17
3694.85	4518.69
3693.82	4369.53
3692.79	4368.72
3691.76	4433.55
3690.74	4427.87
3689.71	4490.22
3688.68	4535.55
3687.65	4605.15
3686.62	4572.73
3685.59	4506.33
3684.56	4532.2
3683.53	4740.09
3682.5	4603.33
3681.47	4536.97
3680.44	4601.62
3679.41	4615.33
3678.38	4493.23
3677.34	4596.65
3676.31	4586.1
3675.28	4638.57
3674.25	4628.02
3673.22	4646.55
3672.19	4732.89
3671.15	4686
3670.12	4668.18
3669.09	4812.57
3668.06	4751.17
3667.02	4789.01
3665.99	4722.8
3664.96	4712.25
3663.92	4815.37
3662.89	4792.72
3661.85	4757.99
3660.82	4815.12
3659.79	4804.56
3658.75	4859.25
3657.72	4851.1
3656.68	4867.11
3655.65	5044.92
3654.61	5070.54
3653.57	4878.89
3652.54	4887.64
3651.5	5055.66
3650.47	5069.2
3649.43	4986.24
3648.39	5045.62
3647.36	5141.14
3646.32	5075.09
3645.28	5286.28
3644.25	5249.15
3643.21	5120.46
3642.17	5309.84
3641.13	5282.36
3640.09	5257.3
3639.06	5369.49
3638.02	5447.94
3636.98	5552.84
3635.94	5573.46
3634.9	5343.86
3633.86	5547.34
3632.82	5546.31
3631.78	5643.88
3630.74	5654.85
3629.7	5725.92
3628.66	5671.98
3627.62	5687.75
3626.58	5833.25
3625.54	5913.83
3624.5	5838.29
3623.46	5959.66
3622.42	5855.33
3621.38	5909.45
3620.33	6030.74
3619.29	5921.65
3618.25	6090.87
3617.21	6075.35
3616.17	6091.01
3615.12	5970
3614.08	5906.56
3613.04	6010.92
3611.99	5866.03
3610.95	6111.71
3609.91	6050.69
3608.86	6114.23
3607.82	5938.3
3606.77	6025.77
3605.73	5974.39
3604.69	6033.11
3603.64	5957.81
3602.6	6050
3601.55	5900.58
3600.5	5966.45
3599.46	5986.86
3598.41	5921.2
3597.37	5991.8
3596.32	5828.19
3595.27	5827.11
3594.23	5966.96
3593.18	5827.33
3592.13	5709.24
3591.09	5803.68
3590.04	5824.08
3588.99	5837.32
3587.94	5805.21
3586.9	5584.66
3585.85	5843.6
3584.8	5697.04
3583.75	5791.35
3582.7	5694.92
3581.65	5746.3
3580.6	5666.59
3579.56	5691.74
3578.51	5712.12
3577.46	5608.65
3576.41	5631.42
3575.36	5747.02
3574.31	5700.73
3573.26	5661.59
3572.2	5731.92
3571.15	5535.78
3570.1	5786.86
3569.05	5578.9
3568	5480.37
3566.95	5436.56
3565.9	5649.46
3564.84	5672.17
3563.79	5663.98
3562.74	5653.42
3561.69	5661.87
3560.63	5568.21
3559.58	5569.55
3558.53	5634.97
3557.47	5629.17
3556.42	5566.43
3555.37	5570.14
3554.31	5706.66
3553.26	5458.97
3552.2	5550.42
3551.15	5675.03
3550.09	5553.09
3549.04	5741.63
3547.98	5596.04
3546.93	5554.72
3545.87	5508.69
3544.82	5450.83
3543.76	5674.72
3542.71	5439.33
3541.65	5485.64
3540.59	5579.26
3539.54	5441.01
3538.48	5482.57
3537.42	5464.99
3536.36	5612.93
3535.31	5628.43
3534.25	5452.48
3533.19	5635.78
3532.13	5488.24
3531.07	5602.96
3530.02	5535.79
3528.96	5546.56
3527.9	5573.85
3526.84	5535.05
3525.78	5451.41
3524.72	5584.89
3523.66	5475.33
3522.6	5490.81
3521.54	5478
3520.48	5545.34
3519.42	5582.02
3518.36	5613.98
3517.3	5398.49
3516.24	5633.08
3515.17	5493.05
3514.11	5567.39
3513.05	5566.34
3511.99	5567.66
3510.93	5536.02
3509.87	5716.19
3508.8	5510.42
3507.74	5490.57
3506.68	5574.21
3505.61	5486.16
3504.55	5492.19
3503.49	5651
3502.42	5520.68
3501.36	5484.4
3500.3	5654.88
3499.23	5447.11
3498.17	5551.78
3497.1	5602.39
3496.04	5591.95
3494.97	5494.67
3493.91	5566.39
3492.84	5429.26
3491.77	5578.38
3490.71	5593.75
3489.64	5461.39
3488.58	5601.03
3487.51	5536.7
3486.44	5552.06
3485.38	5480.73
3484.31	5510.15
3483.24	5579.39
3482.17	5496.38
3481.11	5560.91
3480.04	5538.8
3478.97	5650.11
3477.9	5569.48
3476.83	5526.32
3475.77	5536.98
3474.7	5643.53
3473.63	5670.53
3472.56	5625.05
3471.49	5474.39
3470.42	5641.63
3469.35	5537.76
3468.28	5534.39
3467.21	5610.43
3466.14	5597.7
3465.07	5535.94
3464	5609.6
3462.92	5601.55
3461.85	5600.5
3460.78	5501.45
3459.71	5757.01
3458.64	5553.03
3457.57	5731.53
3456.49	5585.91
3455.42	5624.49
3454.35	5672.37
3453.28	5692.28
3452.2	5574.73
3451.13	5608.62
3450.06	5684.41
3448.98	5564.6
3447.91	5691.59
3446.83	5613.71
3445.76	5608
3444.68	5616.25
3443.61	5573.33
3442.53	5572.28
3441.46	5587.51
3440.38	5670.15
3439.31	5787.63
3438.23	5726.12
3437.16	5685.54
3436.08	5644.98
3435	5590.5
3433.93	5673.04
3432.85	5576.79
3431.77	5631.45
3430.7	5785.88
3429.62	5652.53
3428.54	5628.27
3427.46	5627.21
3426.39	5447.58
3425.31	5708.56
3424.23	5542.89
3423.15	5613.7
3422.07	5601.06
3420.99	5704.26
3419.91	5557.25
3418.83	5711.38
3417.75	5587.58
3416.68	5683.76
3415.6	5499.83
3414.51	5593.68
3413.43	5650.47
3412.35	5651.72
3411.27	5736.23
3410.19	5651.9
3409.11	5588.41
3408.03	5670.57
3406.95	5727.29
3405.87	5603.73
3404.78	5780.58
3403.7	5546.18
3402.62	5621.35
3401.54	5597.2
3400.45	5660.79
3399.37	5611.25
3398.29	5605.57
3397.2	5625.28
3396.12	5638.06
3395.04	5590.87
3393.95	5691.28
3392.87	5637.17
3391.78	5659.16
3390.7	5618.91
3389.61	5539.51
3388.53	5600.67
3387.44	5599.61
3386.36	5686.07
3385.27	5553.75
3384.19	5741.47
3383.1	5664.43
3382.01	5552.9
3380.93	5643.89
3379.84	5753.24
3378.75	5598.05
3377.67	5537.21
3376.58	5522.37
3375.49	5746.59
3374.4	5580.04
3373.31	5631.83
3372.23	5681.31
3371.14	5774.41
3370.05	5640.12
3368.96	5583.95
3367.87	5663.24
3366.78	5632.33
3365.69	5576.19
3364.6	5740.33
3363.51	5658.96
3362.42	5534.04
3361.33	5647.65
3360.24	5614.48
3359.15	5728.03
3358.06	5610.07
3356.97	5645.66
3355.88	5550.67
3354.79	5549.62
3353.69	5702
3352.6	5664.29
3351.51	5674.66
3350.42	5463.03
3349.33	5626.75
3348.23	5520.44
3347.14	5583.45
3346.05	5607.54
3344.95	5711.66
3343.86	5536.84
3342.77	5679.79
3341.67	5660.43
3340.58	5613.66
3339.48	5573.76
3338.39	5632.09
3337.29	5656.14
3336.2	5689.31
3335.1	5676.82
3334.01	5643.8
3332.91	5517.23
3331.82	5612
3330.72	5665.68
3329.62	5769.5
3328.53	5656.69
3327.43	5735.4
3326.33	5492.73
3325.24	5655.75
3324.14	5504.31
3323.04	5719.66
3321.94	5698.08
3320.85	5737.99
3319.75	5720.96
3318.65	5658.42
3317.55	5652.8
3316.45	5663.1
3315.35	5666.58
3314.25	5481.28
3313.16	5634.86
3312.06	5597.42
3310.96	5544.07
3309.86	5508.93
3308.76	5537.43
3307.66	5697.67
3306.55	5646.62
3305.45	5679.61
3304.35	5558.2
3303.25	5575.3
3302.15	5601.48
3301.05	5579.99
3299.95	5485.91
3298.84	5550.65
3297.74	5624.44
3296.64	5598.43
3295.54	5570.16
3294.43	5476.17
3293.33	5606.57
3292.23	5610.03
3291.12	5652.01
3290.02	5693.97
3288.92	5557.02
3287.81	5558.22
3286.71	5595.65
3285.6	5605.9
3284.5	5765.49
3283.39	5581.14
3282.29	5636.63
3281.18	5572.24
3280.08	5763.36
3278.97	5574.64
3277.86	5607.48
3276.76	5511.5
3275.65	5585.01
3274.54	5561.36
3273.44	5673.22
3272.33	5581.82
3271.22	5488.2
3270.12	5728.67
3269.01	5565.1
3267.9	5579.83
3266.79	5520.11
3265.68	5690.48
3264.57	5707.43
3263.47	5582.34
3262.36	5766.12
3261.25	5591.49
3260.14	5615.21
3259.03	5650.18
3257.92	5599.55
3256.81	5607.49
3255.7	5498.35
3254.59	5573.84
3253.48	5613.29
3252.37	5688.73
3251.25	5579.65
3250.14	5623.58
3249.03	5577.53
3247.92	5576.46
3246.81	5519.2
3245.69	5666.49
3244.58	5629.46
3243.47	5623.89
3242.36	5647.53
3241.24	5543.13
3240.13	5461.23
3239.02	5511.83
3237.9	5513.02
3236.79	5476.06
3235.68	5607.41
3234.56	5604.09
3233.45	5524.52
3232.33	5507.76
3231.22	5567.25
3230.1	5599.81
3228.99	5450.82
3227.87	5454.26
3226.75	5522.67
3225.64	5552.98
3224.52	5527.28
3223.41	5523.99
3222.29	5560.99
3221.17	5441.3
3220.05	5574.53
3218.94	5535.43
3217.82	5505.29
3216.7	5575.81
3215.58	5530.02
3214.47	5564.73
3213.35	5536.85
3212.23	5448.63
3211.11	5469.93
3209.99	5522.5
3208.87	5539.31
3207.75	5518.16
3206.63	5510.4
3205.51	5574.09
3204.39	5514.99
3203.27	5551.87
3202.15	5437.03
3201.03	5536.36
3199.91	5526.38
3198.79	5601.14
3197.67	5419.49
3196.55	5489.78
3195.42	5473.13
3194.3	5509.96
3193.18	5499.99
3192.06	5351.94
3190.93	5520.15
3189.81	5456.76
3188.69	5495.78
3187.56	5419.06
3186.44	5393.55
3185.32	5521.54
3184.19	5458.21
3183.07	5575.02
3181.94	5413.87
3180.82	5537.32
3179.7	5634.05
3178.57	5392.99
3177.44	5431.94
3176.32	5415.35
3175.19	5478.72
3174.07	5419.94
3172.94	5452.2
3171.82	5484.45
3170.69	5585.47
3169.56	5355.88
3168.43	5476.85
3167.31	5586.7
3166.18	5474.75
3165.05	5544.65
3163.92	5494.82
3162.8	5484.9
3161.67	5554.75
3160.54	5438.49
3159.41	5402.01
3158.28	5418.69
3157.15	5464.14
3156.02	5469.73
3154.89	5256.22
3153.76	5379.13
3152.63	5433.4
3151.5	5505.35
3150.37	5415.83
3149.24	5483.34
3148.11	5404.91
3146.98	5430.4
3145.85	5380.74
3144.72	5479.12
3143.59	5369.84
3142.45	5242.92
3141.32	5429.6
3140.19	5481.54
3139.06	5623.95
3137.92	5428.68
3136.79	5306.28
3135.66	5303.06
3134.52	5423.34
3133.39	5468.6
3132.26	5430.07
3131.12	5336.45
3129.99	5326.61
3128.85	5255.08
3127.72	5364.22
3126.58	5501.94
3125.45	5337.93
3124.31	5396.35
3123.18	5529.59
3122.04	5447.09
3120.9	5437.24
3119.77	5310.8
3118.63	5439.55
3117.49	5216.39
3116.36	5413.27
3115.22	5478.18
3114.08	5547.45
3112.95	5322.25
3111.81	5461.83
3110.67	5337.77
3109.53	5248.89
3108.39	5460.87
3107.25	5457.62
3106.11	5234.89
3104.98	5418.22
3103.84	5333.8
3102.7	5337.16
3101.56	5331.74
3100.42	5418.43
3099.28	5413
3098.14	5427.3
3096.99	5483.23
3095.85	5335.37
3094.71	5457.02
3093.57	5219.42
3092.43	5292.87
3091.29	5480.14
3090.15	5437.49
3089	5390.48
3087.86	5369.75
3086.72	5307.46
3085.57	5472.67
3084.43	5301.04
3083.29	5376.54
3082.14	5281.5
3081	5324.2
3079.86	5414.95
3078.71	5201.98
3077.57	5179.13
3076.42	5379.05
3075.28	5334.34
3074.13	5414.09
3072.99	5290.81
3071.84	5492.74
3070.7	5269.13
3069.55	5252.85
3068.4	5441.58
3067.26	5346.76
3066.11	5278.15
3064.96	5388.29
3063.82	5376.35
3062.67	5244.58
3061.52	5308.92
3060.37	5421.16
3059.23	5224.12
3058.08	5382.05
3056.93	5348.36
3055.78	5323.38
3054.63	5337.58
3053.48	5266.94
3052.33	5472.55
3051.18	5445.4
3050.03	5385.64
3048.88	5391.12
3047.73	5296.62
3046.58	5273.87
3045.43	5248.95
3044.28	5328.3
3043.13	5240.4
3041.98	5382.69
3040.83	5375.14
3039.68	5291.62
3038.52	5221.16
3037.37	5267.88
3036.22	5388.33
3035.07	5387.29
3033.91	5399.26
3032.76	5354.85
3031.61	5271.45
3030.45	5233.59
3029.3	5271.57
3028.14	5222.9
3026.99	5356.17
3025.84	5240.36
3024.68	5252.34
3023.53	5268.64
3022.37	5256.79
3021.22	5247.12
3020.06	5250.43
3018.9	5258.06
3017.75	5291.65
3016.59	5329.54
3015.44	5203.13
3014.28	5396.63
3013.12	5209.75
3011.96	5299.48
3010.81	5261.73
3009.65	5228.32
3008.49	5257.53
3007.33	5271.62
3006.18	5359.09
3005.02	5185.42
3003.86	5203.83
3002.7	5220.08
3001.54	5260.04
3000.38	5356.05
2999.22	5253.69
2998.06	5330.26
2996.9	5318.45
2995.74	5237.7
2994.58	5305.62
2993.42	5278.74
2992.26	5202.35
2991.1	5235.79
2989.94	5135.76
2988.77	5253.12
2987.61	5249.95
2986.45	5214.51
2985.29	5250.06
2984.12	5203.89
2982.96	5159.88
2981.8	5225.51
2980.64	5153.57
2979.47	5225.63
2978.31	5265.43
2977.14	5141.98
2975.98	5177.48
2974.82	5262.36
2973.65	5269.92
2972.49	5281.77
2971.32	5252.85
2970.16	5264.7
2968.99	5195.04
2967.82	5311.98
2966.66	5231.61
2965.49	5234.88
2964.33	5242.44
2963.16	5215.7
2961.99	5362.52
2960.83	5175.12
2959.66	5212.66
2958.49	5260.89
2957.32	5229.9
2956.15	5228.88
2954.99	5178.64
2953.82	5203.31
2952.65	5251.49
2951.48	5205.56
2950.31	5200.27
2949.14	5250.56
2947.97	5129.85
2946.8	5235.7
2945.63	5159.9
2944.46	5370.37
2943.29	5230.5
2942.12	5103.5
2940.95	5136.66
2939.78	5161.27
2938.61	5202.95
2937.44	5199.8
2936.26	5249.99
2935.09	5074.07
2933.92	5224.48
2932.75	5244.79
2931.57	5237.37
2930.4	5117
2929.23	5241.72
2928.05	5172.52
2926.88	5224.76
2925.71	5332.35
2924.53	5226.98
2923.36	5262.15
2922.18	5199.4
2921.01	5228.18
2919.83	5222.9
2918.66	5215.5
2917.48	5356.97
2916.31	5273
2915.13	5216.7
2913.95	5228.44
2912.78	5280.54
2911.6	5228.52
2910.42	5278.48
2909.25	5179.75
2908.07	5214.84
2906.89	5196.84
2905.71	5142.76
2904.54	5103.56
2903.36	5310.48
2902.18	5192.78
2901	5242.66
2899.82	5173.78
2898.64	5308.45
2897.46	5288.34
2896.28	5230.09
2895.1	5029.9
2893.92	5219.57
2892.74	5157.13
2891.56	5185.77
2890.38	5159.35
2889.2	5160.45
2888.02	5216.58
2886.84	5188.06
2885.65	5138.39
2884.47	5122.58
2883.29	5149.06
2882.11	5086.75
2880.92	5193.55
2879.74	5188.31
2878.56	5126.02
2877.38	5029.95
2876.19	5128.24
2875.01	5194.81
2873.82	5168.45
2872.64	5270.88
2871.45	5225.52
2870.27	5203.4
2869.08	5238.24
2867.9	5055.82
2866.71	5179.25
2865.53	5165.59
2864.34	5046.53
2863.16	5220.47
2861.97	5299.52
2860.78	5146.79
2859.6	5143.68
2858.41	5176.37
2857.22	5183.77
2856.03	5258.54
2854.85	5223.83
2853.66	5163.89
2852.47	5251.24
2851.28	5102.97
2850.09	5106.17
2848.9	5134.61
2847.71	5120.99
2846.52	5138.9
2845.34	5104.27
2844.15	5054.95
2842.96	5198.89
2841.76	5122.27
2840.57	5108.66
2839.38	5067.77
2838.19	5211.6
2837	5193.79
2835.81	5146.62
2834.62	5118.34
2833.43	5132.01
2832.23	5084.87
2831.04	5077.59
2829.85	4980.17
2828.65	5127.98
2827.46	5080.88
2826.27	5119.68
2825.07	4942.75
2823.88	5044.38
2822.69	5118.76
2821.49	5084.26
2820.3	5037.22
2819.1	5099
2817.91	5167.03
2816.71	5193.21
2815.52	5150.37
2814.32	5170.26
2813.13	5071
2811.93	5078.36
2810.73	5188.1
2809.54	5120.23
2808.34	5188.15
2807.14	5093.16
2805.94	5156.88
2804.75	5055.67
2803.55	5108.94
2802.35	5189.31
2801.15	5046.43
2799.95	5074.64
2798.75	5146.63
2797.56	5014.26
2796.36	5169.61
2795.16	5060.22
2793.96	5069.64
2792.76	5085.31
2791.56	5048.9
2790.36	5127.04
2789.16	5128.11
2787.95	5000.12
2786.75	5196.86
2785.55	5002.32
2784.35	5155.28
2783.15	5083.54
2781.95	5142.85
2780.74	5137.68
2779.54	5053.52
2778.34	5031.74
2777.13	4968.41
2775.93	5023.52
2774.73	5109.77
2773.52	5052.69
2772.32	5080.76
2771.12	5119.2
2769.91	4987.44
2768.71	5015.5
2767.5	5087.13
2766.3	5156.65
2765.09	5004.24
2763.89	5140.1
2762.68	5081.04
2761.47	4974.33
2760.27	5058.31
2759.06	4951.65
2757.85	5035.6
2756.65	5007.69
2755.44	5157.85
2754.23	4960.17
2753.02	5066.81
2751.81	5115.48
2750.61	5064.81
2749.4	5115.53
2748.19	5077.29
2746.98	4987.37
2745.77	5162.11
2744.56	5037.08
2743.35	5044.35
2742.14	5119.8
2740.93	5110.52
2739.72	5010.38
2738.51	5058.95
2737.3	5043.49
2736.09	5001.22
2734.88	5012.61
2733.66	5052.88
2732.45	5049.82
2731.24	4927.14
2730.03	4837.5
2728.82	5009.72
2727.6	5142.7
2726.39	4999.49
2725.18	5093.28
2723.96	4948.07
2722.75	4959.45
2721.53	4845.22
2720.32	5054.25
2719.11	5096.48
2717.89	4904.08
2716.68	4808.46
2715.46	4994.71
2714.25	4843.58
2713.03	4939.27
2711.81	4870.44
2710.6	4846.87
2709.38	5000.04
2708.16	4978.5
2706.95	4938.49
2705.73	4919.02
2704.51	4928.32
2703.29	4890.38
2702.08	5000.26
2700.86	5005.42
2699.64	4942.88
2698.42	5007.54
2697.2	4934.76
2695.98	4964.55
2694.76	4879.5
2693.54	4987.18
2692.32	4990.28
2691.1	4970.85
2689.88	4939.14
2688.66	4948.4
2687.44	4971.99
2686.22	4942.34
2685	4924.99
2683.78	4901.5
2682.56	5008.97
2681.33	4846.36
2680.11	4959.94
2678.89	4852.62
2677.67	4910.95
2676.44	5044.89
2675.22	4902.87
2674	4930.5
2672.77	4886.62
2671.55	4805.99
2670.33	4931.65
2669.1	4904.13
2667.88	4939.9
2666.65	4959.32
2665.43	4917.53
2664.2	4992.03
2662.97	4891.1
2661.75	4918.68
2660.52	4907.5
2659.3	5004.37
2658.07	4909.63
2656.84	4763.98
2655.62	4938.24
2654.39	4925.03
2653.16	4881.29
2651.93	4866.07
2650.7	4895.63
2649.48	4939.44
2648.25	4920.14
2647.02	4951.71
2645.79	4889.71
2644.56	4797.22
2643.33	4952.82
2642.1	4831.9
2640.87	4916.3
2639.64	4850.3
2638.41	4894.03
2637.18	4884.93
2635.95	4908.33
2634.72	4990.59
2633.48	4865.77
2632.25	4852.63
2631.02	4762.38
2629.79	4858.81
2628.56	4827.42
2627.32	4791.98
2626.09	4949.17
2624.86	4879.27
2623.62	4945.18
2622.39	4865.16
2621.16	4783.16
2619.92	4853.1
2618.69	4852.13
2617.45	4881.53
2616.22	4884.61
2614.98	4758.15
2613.75	4830.05
2612.51	4835.16
2611.27	4876.67
2610.04	4752.34
2608.8	4957.62
2607.57	4823.22
2606.33	4868.74
2605.09	4849.58
2603.85	4745.58
2602.62	4722.42
2601.38	4806.29
2600.14	4799.27
2598.9	4806.39
2597.66	4752.96
2596.42	4719.72
2595.18	4728.87
2593.94	4772.3
2592.71	4731.01
2591.47	4742.17
2590.23	4717.03
2588.98	4734.23
2587.74	4678.87
2586.5	4734.35
2585.26	4644.78
2584.02	4752.6
2582.78	4806.01
2581.54	4766.8
2580.29	4830.25
2579.05	4913.8
2577.81	4721.7
2576.57	4710.7
2575.32	4800.25
2574.08	4843.52
2572.84	4770.19
2571.59	4735.07
2570.35	4732.11
2569.1	4666.88
2567.86	4682.01
2566.61	4773.45
2565.37	4738.37
2564.12	4709.31
2562.88	4798.69
2561.63	4815.78
2560.39	4820.84
2559.14	4797.81
2557.89	4728.67
2556.65	4615.44
2555.4	4696.71
2554.15	4651.68
2552.9	4700.84
2551.66	4751.98
2550.41	4638.87
2549.16	4724.05
2547.91	4633
2546.66	4680.12
2545.41	4635.15
2544.16	4626.22
2542.91	4691.31
2541.66	4708.37
2540.41	4685.43
2539.16	4644.51
2537.91	4789.5
2536.66	4786.54
2535.41	4615.74
2534.16	4682.74
2532.91	4667.82
2531.66	4674.87
2530.4	4554.14
2529.15	4672.99
2527.9	4696.01
2526.65	4711.03
2525.39	4654.22
2524.14	4611.4
2522.89	4652.36
2521.63	4713.23
2520.38	4628.56
2519.12	4655.53
2517.87	4558.96
2516.61	4669.6
2515.36	4600.95
2514.1	4578.12
2512.85	4650.86
2511.59	4645.95
2510.33	4643.03
2509.08	4699.8
2507.82	4595.41
2506.56	4654.15
2505.31	4585.61
2504.05	4624.45
2502.79	4637.43
2501.53	4602.72
2500.28	4480.59
2499.02	4638.61
2497.76	4647.61
2496.5	4686.39
2495.24	4596.11
2493.98	4684.51
2492.72	4506.94
2491.46	4502.07
2490.2	4657.88
2488.94	4512.16
2487.68	4703.6
2486.42	4627.31
2485.16	4604.58
2483.9	4587.8
2482.63	4596.78
2481.37	4546.33
2480.11	4654.35
2478.85	4564.3
2477.59	4486.18
2476.32	4536.74
2475.06	4547.7
2473.8	4576.46
2472.53	4583.45
2471.27	4576.6
2470	4522.28
2468.74	4554.98
2467.47	4561.97
2466.21	4618.36
2464.94	4477.15
2463.68	4513.78
2462.41	4625.45
2461.15	4472.47
2459.88	4595.95
2458.61	4470.67
2457.35	4499.37
2456.08	4494.52
2454.81	4576.46
2453.54	4530.18
2452.28	4539.12
2451.01	4591.44
2449.74	4606.28
2448.47	4632.94
2447.2	4507.88
2445.93	4451.82
2444.66	4511.97
2443.39	4518.94
2442.12	4510.15
2440.85	4481.68
2439.58	4583.11
2438.31	4544.8
2437.04	4451.43
2435.77	4499.7
2434.5	4475.2
2433.23	4399.59
2431.96	4457.67
2430.68	4509.83
2429.41	4418.54
2428.14	4409.79
2426.87	4473.71
2425.59	4462.99
2424.32	4413.01
2423.04	4419.97
2421.77	4503.45
2420.5	4516.28
2419.22	4401.6
2417.95	4522.3
2416.67	4525.3
2415.4	4563.6
2414.12	4523.48
2412.85	4453.98
2411.57	4384.51
2410.29	4436.51
2409.02	4355.32
2407.74	4524.78
2406.46	4324.19
2405.18	4620.81
2403.91	4527.9
2402.63	4470.25
2401.35	4410.67
2400.07	4433.25
2398.79	4446.03
2397.52	4421.68
2396.24	4352.38
2394.96	4415.98
2393.68	4530.35
2392.4	4338.02
2391.12	4430.87
2389.84	4494.41
2388.56	4399.8
2387.27	4480.88
2385.99	4444.85
2384.71	4463.46
2383.43	4372.83
2382.15	4487
2380.87	4489.99
2379.58	4438.4
2378.3	4447.24
2377.02	4346.97
2375.73	4301.29
2374.45	4384.16
2373.17	4375.49
2371.88	4448.58
2370.6	4484.66
2369.31	4460.4
2368.03	4492.57
2366.74	4330.2
2365.46	4358.5
2364.17	4435.39
2362.89	4399.5
2361.6	4346.13
2360.31	4393.83
2359.03	4429.85
2357.74	4413.41
2356.45	4309.59
2355.17	4359.2
2353.88	4247.65
2352.59	4248.73
2351.3	4478.8
2350.01	4340.14
2348.72	4232.57
2347.43	4342.25
2346.15	4378.21
2344.86	4326.92
2343.57	4324.1
2342.28	4348.42
2340.99	4359.16
2339.69	4466.74
2338.4	4382.56
2337.11	4348.76
2335.82	4299.48
2334.53	4393.44
2333.24	4320.95
2331.95	4316.2
2330.65	4485.54
2329.36	4482.69
2328.07	4445.05
2326.77	4395.82
2325.48	4340.81
2324.19	4307.08
2322.89	4395.07
2321.6	4320.78
2320.3	4354.66
2319.01	4259.17
2317.71	4376.05
2316.42	4367.44
2315.12	4283.58
2313.83	4325.15
2312.53	4341.63
2311.23	4371.6
2309.94	4301.3
2308.64	4377.53
2307.34	4314.97
2306.05	4356.48
2304.75	4317.06
2303.45	4368.19
2302.15	4307.6
2300.85	4343.31
2299.55	4400.17
2298.25	4389.65
2296.96	4356.04
2295.66	4401.32
2294.36	4263.88
2293.06	4382.22
2291.76	4292.9
2290.45	4351.61
2289.15	4293.07
2287.85	4278.75
2286.55	4299
2285.25	4378.79
2283.95	4410.54
2282.65	4329.01
2281.34	4320.45
2280.04	4221.7
2278.74	4368.57
2277.43	4269.85
2276.13	4362.95
2274.83	4350.56
2273.52	4368.84
2272.22	4136.04
2270.91	4344.06
2269.61	4222.48
2268.3	4215.87
2267	4205.43
2265.69	4294.56
2264.39	4215.2
2263.08	4235.39
2261.77	4251.75
2260.47	4340.8
2259.16	4301.66
2257.85	4254.88
2256.54	4336.23
2255.24	4375.48
2253.93	4166.27
2252.62	4213.19
2251.31	4248.63
2250	4159.9
2248.69	4252.62
2247.38	4200.2
2246.07	4222.25
2244.76	4230.93
2243.45	4296.84
2242.14	4282.61
2240.83	4260.76
2239.52	4290.39
2238.21	4226.6
2236.9	4183.81
2235.59	4182.95
2234.27	4241.16
2232.96	4204.1
2231.65	4210.85
2230.34	4130.02
2229.02	4222.46
2227.71	4196.85
2226.4	4323.49
2225.08	4267.43
2223.77	4304.6
2222.45	4159.18
2221.14	4283.82
2219.82	4265.84
2218.51	4179.43
2217.19	4233.69
2215.88	4308.81
2214.56	4207.26
2213.24	4193.1
2211.93	4165.66
2210.61	4170.5
2209.29	4302.5
2207.97	4225.72
2206.66	4293.15
2205.34	4324.51
2204.02	4211.74
2202.7	4237.42
2201.38	4198.64
2200.06	4197.78
2198.74	4202.6
2197.42	4127.86
2196.1	4087.24
2194.78	4101.55
2193.46	4244.6
2192.14	4141.51
2190.82	4303.41
2189.5	4122.78
2188.18	4191.93
2186.86	4071.92
2185.54	4173.19
2184.21	4083.48
2182.89	4093.98
2181.57	4181.96
2180.24	4152.76
2178.92	4029.13
2177.6	4088.73
2176.27	4169.08
2174.95	4204.1
2173.62	4157.93
2172.3	4158.97
2170.97	4095.85
2169.65	4176.12
2168.32	4167.72
2167	3983.97
2165.67	4056.67
2164.34	4101.07
2163.02	4134.14
2161.69	4225.61
2160.36	4034.5
2159.04	4127.83
2157.71	4102.5
2156.38	4094.13
2155.05	4232.55
2153.72	4064.22
2152.39	4181.9
2151.06	4107.69
2149.74	4123.77
2148.41	4141.72
2147.08	4103.28
2145.75	4102.43
2144.41	4210.56
2143.08	4055.66
2141.75	4094.26
2140.42	4025.82
2139.09	4073.8
2137.76	4118.01
2136.43	4070.25
2135.09	4125.7
2133.76	4002.92
2132.43	4073.36
2131.09	4125.02
2129.76	4103.55
2128.43	4091.46
2127.09	4053.14
2125.76	4116
2124.42	4096.42
2123.09	4088.09
2121.75	4042.31
2120.42	4015.27
2119.08	4072.46
2117.75	4052.91
2116.41	4048.33
2115.07	4084.9
2113.74	4044.79
2112.4	4096.31
2111.06	4144.06
2109.72	3948.85
2108.38	4071.35
2107.05	4055.57
2105.71	4004.3
2104.37	4042.69
2103.03	4021.32
2101.69	4029.82
2100.35	4126.03
2099.01	4035.62
2097.67	4053.44
2096.33	4024.63
2094.99	4007.02
2093.65	4097.53
2092.31	4005.36
2090.97	4107.02
2089.62	4057.73
2088.28	4008.47
2086.94	3888.45
2085.6	4031.02
2084.25	4093.47
2082.91	4092.63
2081.57	3939.2
2080.22	3990.48
2078.88	4062.19
2077.53	4042.75
2076.19	3973.13
2074.84	4028.07
2073.5	3947.33
2072.15	4035.7
2070.81	3977.27
2069.46	4050.74
2068.12	3966.34
2066.77	4071.34
2065.42	4031.52
2064.08	4028.83
2062.73	3924.1
2061.38	3978.94
2060.03	3939.17
2058.68	4049.6
2057.34	4122.92
2055.99	4005.3
2054.64	4008.17
2053.29	3862.83
2051.94	4123.21
2050.59	4031.61
2049.24	4047.44
2047.89	3974.41
2046.54	3993.94
2045.19	3963.51
2043.83	4014.49
2042.48	3980.36
2041.13	4070.15
2039.78	4023.08
2038.43	4009.31
2037.07	3908.68
2035.72	3981.78
2034.37	3932.92
2033.01	3939.5
2031.66	3984.84
2030.31	3841.86
2028.95	4057.02
2027.6	3982.36
2026.24	3891.13
2024.89	3895.86
2023.53	4007.55
2022.17	3931.12
2020.82	3891.59
2019.46	3888.94
2018.11	3891.82
2016.75	3946.28
2015.39	3956.51
2014.03	3940.96
2012.68	3912.52
2011.32	4040.57
2009.96	3956.91
2008.6	3928.48
2007.24	3907.43
2005.88	3985.71
2004.52	3915
2003.16	3879.26
2001.8	3942.79
2000.44	3918.08
1999.08	3985.24
1997.72	4030.34
1996.36	3952.37
1995	3958.89
1993.64	3952.56
1992.27	3990.28
1990.91	3894.03
1989.55	3882.21
1988.19	4006.14
1986.82	3909.94
1985.46	3899.96
1984.1	3904.64
1982.73	3918.49
1981.37	3855.38
1980	3922.36
1978.64	3985.65
1977.27	3874.95
1975.91	3912.59
1974.54	3968.52
1973.18	3945.73
1971.81	3802.19
1970.44	3949.58
1969.08	3892.06
1967.71	3911.36
1966.34	3905.06
1964.97	3929.84
1963.61	3901.61
1962.24	3853.29
1960.87	3985.83
1959.5	3915.6
1958.13	3911.14
1956.76	3972.39
1955.39	3935.06
1954.02	3859.42
1952.65	3902.4
1951.28	3925.3
1949.91	3906.25
1948.54	3830.68
1947.17	3838.99
1945.8	3881.93
1944.42	3906.63
1943.05	3865.74
1941.68	3948.72
1940.31	3791.29
1938.93	3852.4
1937.56	3813.37
1936.19	3881.73
1934.81	3813.6
1933.44	3845.54
1932.06	3837.47
1930.69	3871.21
1929.31	3826.77
1927.94	3904.13
1926.56	3852.43
1925.18	3820.74
1923.81	3778.17
1922.43	3775.56
1921.05	3912.76
1919.68	3841.15
1918.3	3820.38
1916.92	3806.88
1915.54	3849.63
1914.17	3788.97
1912.79	3809.94
1911.41	3912.48
1910.03	3790.22
1908.65	3820.23
1907.27	3913.65
1905.89	3947.25
1904.51	3826.89
1903.13	3925.68
1901.75	3915.81
1900.37	3828.11
1898.99	3818.26
1897.6	3839.17
1896.22	3840.18
1894.84	3815.87
1893.46	3804.22
1892.07	3774.5
1890.69	3786.36
1889.31	3814.48
1887.92	3815.49
1886.54	3858.04
1885.15	3830.14
1883.77	3831.14
1882.38	3898.93
1881	3853
1879.61	3863.02
1878.23	3889.27
1876.84	3877.63
1875.46	3766.83
1874.07	3843.56
1872.68	3844.55
1871.29	3901.41
1869.91	3857.36
1868.52	3876.36
1867.13	3895.36
1865.74	3862.13
1864.35	3845.12
1862.96	3896.51
1861.57	3913.68
1860.19	3948.84
1858.8	3998.38
1857.4	3900.43
1856.01	3852.87
1854.62	3913.18
1853.23	3799.14
1851.84	3934.89
1850.45	3975.38
1849.06	3902.71
1847.67	3878.55
1846.27	3895.68
1844.88	3911.02
1843.49	3955.06
1842.09	3880.67
1840.7	3917.52
1839.31	3864.69
1837.91	3944.57
1836.52	3848.73
1835.12	3830
1833.73	4028.09
1832.33	3984.25
1830.93	3999.53
1829.54	3930.64
1828.14	3922.65
1826.75	3912.88
1825.35	3863.74
1823.95	3975.65
1822.55	3842.44
1821.16	3914.96
1819.76	3924.86
1818.36	3806.05
1816.96	3901.76
1815.56	3897.37
1814.16	3873.32
1812.76	3827.85
1811.36	3864.55
1809.96	3870.88
1808.56	3887.91
1807.16	3904.94
1805.76	3863.08
1804.36	3753.44
1802.96	3848.97
1801.56	3867.77
1800.15	3793.86
1798.75	3855.45
1797.35	3924.14
1795.94	3914.4
1794.54	3908.23
1793.14	3875.35
1791.73	3942.2
1790.33	3921.79
1788.92	3803.49
1787.52	3889.88
1786.11	3908.63
1784.71	3929.15
1783.3	3880.31
1781.9	3854.6
1780.49	3802.24
1779.08	3877.86
1777.68	3878.81
1776.27	3941.95
1774.86	3907.37
1773.45	3958.04
1772.05	3921.7
1770.64	3853.43
1769.23	3875.68
1767.82	3919.22
1766.41	3817.28
1765	3843.08
1763.59	3875.96
1762.18	3809.55
1760.77	3971.8
1759.36	3800.85
1757.95	3810.68
1756.54	3870.09
1755.12	3777.19
1753.71	3827.74
1752.3	4000.4
1750.89	3829.66
1749.47	3885.47
1748.06	3923.57
1746.65	3798.94
1745.23	3799.9
1743.82	3908.71
1742.4	3821.27
1740.99	3898.22
1739.58	3920.36
1738.16	3896.57
1736.74	3844.53
1735.33	3834.89
1733.91	3818.19
1732.5	3926.81
1731.08	3830.69
1729.66	3838.7
1728.24	3841.42
1726.83	3911.14
1725.41	3795.72
1723.99	3876
1722.57	3827.59
1721.15	3879.64
1719.73	3829.5
1718.31	3830.45
1716.89	3797.94
1715.47	3848.19
1714.05	4042.73
1712.63	3918.7
1711.21	3843.99
1709.79	3939.91
1708.37	3961.94
1706.95	3887.25
1705.52	3844.24
1704.1	3841.67
1702.68	3844.37
1701.26	3833.02
1699.83	3870.84
1698.41	3929.72
1696.98	3839.36
1695.56	3845.56
1694.14	3909.68
1692.71	3859.72
1691.28	3806.28
1689.86	3942.26
1688.43	3757.33
1687.01	3823.14
1685.58	3853.88
1684.15	3884.6
1682.73	3836.48
1681.3	3818.15
1679.87	3855.86
1678.44	3806.02
1677.02	3850.72
1675.59	3895.4
1674.16	3850.84
1672.73	3909.49
1671.3	3817.72
1669.87	3783.69
1668.44	3866.8
1667.01	3762.86
1665.58	3823.22
1664.15	3811.92
1662.72	3882.72
1661.28	3838.24
1659.85	3922.97
1658.42	3875.01
1656.99	3886.4
1655.55	3800.08
1654.12	3715.55
1652.69	3730.45
1651.25	3771.51
1649.82	3838.69
1648.39	3766.42
1646.95	3817.89
1645.52	3796.17
1644.08	3779.69
1642.64	3782.37
1641.21	3828.57
1639.77	3798.17
1638.34	3823.46
1636.9	3758.27
1635.46	3790.52
1634.02	3867.98
1632.59	3799.34
1631.15	3864.59
1629.71	3775.13
1628.27	3781.27
1626.83	3714.45
1625.39	3824.83
1623.95	3756.28
1622.51	3719.02
1621.07	3721.7
1619.63	3838.92
1618.19	3820.75
1616.75	3896.27
1615.31	3813.92
1613.87	3882.47
1612.43	3872.97
1610.98	3875.61
1609.54	3919.84
1608.1	3757.88
1606.66	3840.22
1605.21	3804.77
1603.77	3871.48
1602.32	3941.63
1600.88	3843.87
1599.43	3817.09
1597.99	3861.26
1596.54	3739.36
1595.1	3766.23
1593.65	3817.29
1592.21	3852.78
1590.76	3779.37
1589.31	3766.47
1587.86	3774.31
1586.42	3744.14
1584.97	3738.16
1583.52	3756.35
1582.07	3847.02
1580.62	3680.55
1579.17	3640.08
1577.72	3770.39
1576.28	3729.92
1574.83	3710.16
1573.37	3835.2
1571.92	3786.13
1570.47	3675.05
1569.02	3667.37
1567.57	3697.59
1566.12	3824.21
1564.67	3726.99
1563.21	3746.85
1561.76	3665.17
1560.31	3674.71
1558.85	3741
1557.4	3643.9
1555.95	3703.3
1554.49	3668.13
1553.04	3669.06
1551.58	3704.36
1550.13	3768.84
1548.67	3644.38
1547.21	3610.98
1545.76	3725.22
1544.3	3628.31
1542.84	3634.4
1541.39	3709.1
1539.93	3629.41
1538.47	3671.5
1537.01	3624.42
1535.56	3669.93
1534.1	3581.74
1532.64	3661.5
1531.18	3635.02
1529.72	3589.71
1528.26	3559.84
1526.8	3579.62
1525.34	3674.7
1523.88	3552.41
1522.42	3551.65
1520.95	3639.83
1519.49	3502.25
1518.03	3547.66
1516.57	3505.87
1515.1	3600.82
1513.64	3582.96
1512.18	3548.03
1510.71	3492.62
1509.25	3607.98
1507.79	3579.89
1506.32	3533.04
1504.86	3539.1
1503.39	3514.46
1501.92	3610.93
1500.46	3511.25
1498.99	3536.07
1497.53	3606.9
1496.06	3546.48
1494.59	3525.27
1493.12	3512.59
1491.66	3482.88
1490.19	3557.05
1488.72	3513.73
1487.25	3492.55
1485.78	3581.98
1484.31	3492.75
1482.84	3537.92
1481.37	3474.24
1479.9	3505.8
1478.43	3584.93
1476.96	3590.96
1475.49	3557.91
1474.02	3394.06
1472.54	3505.43
1471.07	3484.29
1469.6	3525.99
1468.13	3416.6
1466.65	3534.65
1465.18	3455.85
1463.71	3526.34
1462.23	3534.06
1460.76	3519.74
1459.28	3483.38
1457.81	3463.99
1456.33	3515.77
1454.86	3547.2
1453.38	3473.61
1451.9	3501.65
1450.43	3446.72
1448.95	3552.61
1447.47	3551.84
1445.99	3366.67
1444.52	3540.16
1443.04	3524.18
1441.56	3418.6
1440.08	3505.76
1438.6	3439.09
1437.12	3509.31
1435.64	3542.34
1434.16	3521.31
1432.68	3463.14
1431.2	3494.47
1429.72	3429.58
1428.24	3487.9
1426.75	3515.83
1425.27	3565.67
1423.79	3401.33
1422.31	3397.22
1420.82	3442
1419.34	3461.48
1417.86	3512.96
1416.37	3461.67
1414.89	3504.71
1413.4	3451.75
1411.92	3371.89
1410.43	3514.22
1408.95	3466.35
1407.46	3467.28
1405.97	3582.58
1404.49	3469.14
1403	3461.67
1401.51	3390.32
1400.03	3500.5
1398.54	3445.98
1397.05	3498.99
1395.56	3462.97
1394.07	3430.32
1392.58	3432.93
1391.09	3415.41
1389.6	3359.29
1388.11	3497.81
1386.62	3383
1385.13	3439.28
1383.64	3473.74
1382.15	3446.17
1380.66	3421.97
1379.17	3424.58
1377.67	3494.19
1376.18	3406.35
1374.69	3382.17
1373.19	3468.49
1371.7	3338.87
1370.21	3485.39
1368.71	3389.28
1367.22	3386.87
1365.72	3319.25
1364.23	3318.53
1362.73	3478.27
1361.23	3398.98
1359.74	3419.96
1358.24	3339.04
1356.74	3436.85
1355.25	3265.8
1353.75	3375.26
1352.25	3419.59
1350.75	3425.53
1349.25	3346.38
1347.76	3390.68
1346.26	3428.3
1344.76	3325.86
1343.26	3315.14
1341.76	3289.43
1340.26	3410.33
1338.75	3384.61
1337.25	3362.22
1335.75	3371.48
1334.25	3370.75
1332.75	3378.34
1331.25	3289.42
1329.74	3361.9
1328.24	3462.62
1326.74	3407
1325.23	3354.73
1323.73	3372.28
1322.22	3403.12
1320.72	3297.72
1319.21	3423.23
1317.71	3324.51
1316.2	3368.62
1314.7	3356.27
1313.19	3325.67
1311.68	3346.51
1310.18	3362.37
1308.67	3300.28
1307.16	3370.86
1305.65	3399.97
1304.14	3344.53
1302.63	3348.78
1301.13	3280.13
1299.62	3332.41
1298.11	3368.12
1296.6	3407.12
1295.09	3320.31
1293.58	3331.17
1292.06	3340.37
1290.55	3290.02
1289.04	3300.88
1287.53	3389.45
1286.02	3339.12
1284.5	3348.31
1282.99	3332.71
1281.48	3325.37
1279.96	3220.6
1278.45	3305.76
1276.94	3328.15
1275.42	3301.02
1273.91	3297
1272.39	3213.79
1270.87	3330.2
1269.36	3228.88
1267.84	3397.99
1266.33	3280.22
1264.81	3286.1
1263.29	3257.37
1261.77	3279.72
1260.26	3255.95
1258.74	3296.4
1257.22	3280.87
1255.7	3260.4
1254.18	3286.02
1252.66	3249.11
1251.14	3292.81
1249.62	3357.87
1248.1	3270
1246.58	3221.62
1245.06	3220.92
1243.54	3248.14
1242.01	3260.58
1240.49	3292.71
1238.97	3231.24
1237.45	3268.29
1235.92	3264.29
1234.4	3276.71
1232.88	3207.09
1231.35	3262.15
1229.83	3225.37
1228.3	3172.2
1226.78	3209.21
1225.25	3208.51
1223.72	3220.91
1222.2	3303.74
1220.67	3257.17
1219.14	3246.63
1217.62	3203.36
1216.09	3220.66
1214.56	3257.59
1213.03	3315.77
1211.5	3185.84
1209.98	3248.91
1208.45	3233.49
1206.92	3103.67
1205.39	3279.46
1203.86	3170.92
1202.33	3158.79
1200.79	3159.74
1199.26	3186.8
1197.73	3202.42
1196.2	3097.28
1194.67	3217.34
1193.13	3215
1191.6	3142.54
1190.07	3213.59
1188.53	3165.61
1187	3102.99
1185.47	3203.33
1183.93	3117.92
1182.4	3105.84
1180.86	3142.61
1179.33	3159.83
1177.79	3120.07
1176.25	3109.62
1174.72	3174.02
1173.18	3065.97
1171.64	3146.61
1170.1	3113.4
1168.57	3033.07
1167.03	3134.79
1165.49	3106.48
1163.95	3167.52
1162.41	3140.84
1160.87	3169.38
1159.33	3085.9
1157.79	3091.71
1156.25	3155.94
1154.71	3177.95
1153.17	3123.73
1151.63	3054.94
1150.08	3148.3
1148.54	3037.39
1147	3086.96
1145.46	3074.94
1143.91	3020.82
1142.37	3144.84
1140.82	3038.92
1139.28	3036.63
1137.73	3092.6
1136.19	3100.01
1134.64	3117.13
1133.1	3003.23
1131.55	3033.29
1130.01	3013.23
1128.46	3096.61
1126.91	3042.6
1125.36	3064.55
1123.82	3044.5
1122.27	3114.87
1120.72	3030.24
1119.17	3036.03
1117.62	3046.66
1116.07	3052.44
1114.52	3092.09
1112.97	2981.75
1111.42	3076.22
1109.87	3099.72
1108.32	3052.31
1106.77	3024.24
1105.22	2988.14
1103.66	3006.81
1102.11	3038.35
1100.56	3053.77
1099	2996.77
1097.45	3031.51
1095.9	2980.97
1094.34	3068.78
1092.79	2994.13
1091.23	2995.08
1089.68	2962.27
1088.12	3035.54
1086.56	3020.41
1085.01	2984.41
1083.45	3036.74
1081.89	3039.28
1080.34	3059.48
1078.78	3018.69
1077.22	3099.85
1075.66	3047.83
1074.1	3133.76
1072.54	3102.61
1070.98	3026.58
1069.43	3049.95
1067.86	3100.55
1066.3	3008.55
1064.74	3102.39
1063.18	3112.91
1061.62	3028.97
1060.06	3052.31
1058.5	3037.24
1056.93	2978.97
1055.37	3056.69
1053.81	2984.05
1052.24	2994.58
1050.68	3003.51
1049.12	3018.83
1047.55	3022.96
1045.99	2950.4
1044.42	3045.58
1042.85	3004.98
1041.29	2958.03
1039.72	2931.84
1038.16	2955.12
1036.59	2940.11
1035.02	2988.9
1033.45	2938.81
1031.88	3032.22
1030.32	2927.95
1028.75	2925.7
1027.18	2894.79
1025.61	2890.96
1024.04	2950.83
1022.47	2945.4
1020.9	2850.84
1019.33	2913.86
1017.76	2903.67
1016.18	2869.62
1014.61	2903.98
1013.04	2939.9
1011.47	2972.63
1009.89	2854.37
1008.32	2810.83
1006.75	2859.46
1005.17	2879.47
1003.6	2823.26
1002.02	2879.78
1000.45	2795.02
998.873	2799.16
997.297	2879.45
995.721	2899.43
994.145	2768.76
992.568	2755.46
990.991	2808.74
989.413	2893.69
987.835	2774.22
986.257	2753.02
984.678	2901.27
983.099	2864.21
981.52	2857.24
979.94	2798.05
978.36	2829.08
976.78	2882.23
975.199	2723.44
973.618	2858.82
972.037	2771.23
970.455	2806.97
968.873	2793.7
967.29	2782.03
965.707	2794.04
964.124	2793.42
962.541	2783.33
960.957	2801.65
959.373	2824.7
957.788	2814.6
956.203	2776.12
954.618	2800.74
953.032	2727.59
951.446	2783.73
949.86	2880.82
948.273	2757.28
946.686	2859.06
945.099	2782.83
943.511	2758.59
941.923	2691.86
940.334	2801.43
938.745	2756.75
937.156	2708.94
935.567	2782.26
933.977	2844.54
932.387	2798.31
930.796	2792.98
929.205	2793.93
927.614	2721.04
926.022	2689.02
924.43	2749.66
922.838	2761.61
921.245	2762.56
919.652	2779.21
918.058	2761.33
916.465	2839.14
914.87	2662.87
913.276	2768.89
911.681	2804.33
910.086	2792.73
908.49	2749.81
906.894	2741.36
905.298	2859.77
903.701	2768.32
902.104	2683.17
900.507	2751.44
898.909	2728.91
897.311	2800.27
895.713	2733.95
894.114	2748.98
892.515	2824.97
890.916	2775.89
889.316	2787.77
887.715	2763.71
886.115	2728.73
884.514	2781.22
882.913	2791.52
881.311	2712.86
879.709	2738.78
878.107	2725.69
876.504	2764.07
874.901	2696.4
873.298	2778.43
871.694	2813.66
870.09	2697.71
868.485	2717.36
866.88	2782.18
865.275	2818.93
863.669	2838.55
862.064	2778.75
860.457	2759.46
858.851	2757.28
857.244	2753.56
855.636	2718.72
854.028	2764.76
852.42	2765.7
850.812	2768.19
849.203	2787.77
847.594	2784.04
845.984	2769.44
844.375	2754.84
842.764	2799.25
841.154	2747.4
839.543	2757.65
837.931	2791.16
836.32	2846.38
834.708	2762
833.095	2824.95
831.482	2782.46
829.869	2786.49
828.256	2829.25
826.642	2777.49
825.028	2795.46
823.413	2766.96
821.798	2780.27
820.183	2872.51
818.567	2806.88
816.951	2778.4
815.335	2774.68
813.718	2840.55
812.101	2757.98
810.483	2819.18
808.865	2767.56
807.247	2817.92
805.629	2815.74
804.01	2720.91
802.39	2800.58
800.771	2812.3
799.151	2746.86
797.53	2777.1
795.91	2764.14
794.288	2829.83
792.667	2849.23
791.045	2765.36
789.423	2747.78
787.8	2791.85
786.177	2794.3
784.554	2801.37
782.93	2716.06
781.306	2806.27
779.682	2774.86
778.057	2778.85
776.432	2913.6
774.807	2808.36
773.181	2806.19
771.554	2837.85
769.928	2812.62
768.301	2752.06
766.674	2831.32
765.046	2803.04
763.418	2817.76
761.789	2744.98
760.161	2799.61
758.531	2751.41
756.902	2766.14
755.272	2797.72
753.642	2771.02
752.011	2785.73
750.38	2878.61
748.749	2847.31
747.117	2812.96
745.485	2873.6
743.852	2869.89
742.22	2879.96
740.586	2818.08
738.953	2867.95
737.319	2910.14
735.685	2800.88
734.05	2888.95
732.415	2921.94
730.779	2922.81
729.144	2974.11
727.507	2892.46
725.871	2931.52
724.234	2891.15
722.597	2966.85
720.959	2957.02
719.321	2951.77
717.683	3056.39
716.044	2955.02
714.405	3055.01
712.765	3007.05
711.126	2998.75
709.485	3060.57
707.845	2944.06
706.204	3010.43
704.563	3123.99
702.921	3074.55
701.279	3040.37
699.636	3073.17
697.993	2987.25
696.35	3128.07
694.707	3034.58
693.063	3117.53
691.419	3051.45
689.774	3108.52
688.129	3103.26
686.483	3047.86
684.838	3121.61
683.191	3110.27
681.545	3156.63
679.898	3268.25
678.251	3111.19
676.603	3219.74
674.955	3188.67
673.307	3197.05
671.658	3167.52
670.009	3166.8
668.359	3184.27
666.709	3182.03
665.059	3226.76
663.408	3150.3
661.757	3167.76
660.106	3174.61
658.454	3125.46
656.802	3046.06
655.15	3142.2
653.497	3073.42
651.844	2980.48
650.19	3005.51
648.536	2989.71
646.881	2979.97
645.227	2985.34
643.572	2945.39
641.916	2949.25
640.26	2977.27
638.604	2866.4
636.947	2846.14
635.29	2920.93
633.633	2843.34
631.975	2874.36
630.317	2831.49
628.659	2764.53
627	2798.56
625.34	2812.99
623.681	2821.39
622.021	2814.73
620.36	2820.11
618.7	2742.7
617.038	2734.55
615.377	2741.46
613.715	2716.76
612.053	2722.16
610.39	2760.64
608.727	2763.02
607.064	2814.99
605.4	2706.17
603.736	2768.65
602.071	2722.96
600.406	2753.87
598.741	2666.18
597.075	2731.61
595.409	2753.5
593.743	2730.37
592.076	2744.75
590.409	2685.64
588.741	2709.02
587.073	2672.43
585.405	2662.83
583.736	2692.19
582.067	2706.55
580.397	2765.84
578.728	2649.93
577.057	2737.63
575.387	2705.59
573.716	2755.84
572.044	2681.92
570.373	2775.52
568.7	2736.01
567.028	2660.65
565.355	2673.5
563.682	2662.43
562.008	2706.64
560.334	2679.14
558.66	2738.25
556.985	2698.81
555.31	2677.31
553.634	2722.95
551.958	2655.2
550.282	2763.47
548.605	2633.12
546.928	2690.65
545.25	2691.53
543.573	2759.46
541.894	2740.95
540.216	2729.9
538.537	2705.45
536.857	2689.95
535.178	2768.22
533.497	2705.09
531.817	2686.62
530.136	2732.11
528.455	2652.68
526.773	2659.51
525.091	2652.96
523.408	2667.21
521.725	2691.86
520.042	2642.23
518.359	2652.02
516.675	2684.08
514.99	2719.08
513.305	2648.72
511.62	2658.5
509.935	2668.27
508.249	2735.88
506.562	2658.16
504.876	2703.5
503.189	2631.75
501.501	2666.71
499.813	2680.91
498.125	2656.6
496.436	2666.36
494.747	2673.15
493.058	2665.14
491.368	2630.5
489.678	2610.67
487.987	2682.53
486.297	2695.23
484.605	2589.66
482.913	2667.39
481.221	2637.23
479.529	2642.54
477.836	2662.61
476.143	2687.1
474.449	2671.72
472.755	2585.51
471.061	2664.59
469.366	2627.11
467.67	2627.98
465.975	2631.8
464.279	2669.52
462.582	2692.49
460.886	2650.62
459.189	2624.97
457.491	2614.06
455.793	2666.47
454.095	2615.8
452.396	2634.34
450.697	2652.86
448.997	2675.79
447.298	2617.82
445.597	2580.46
443.897	2601.92
442.196	2651.29
440.494	2613.95
438.792	2629.51
437.09	2593.65
435.387	2579.84
433.684	2544.02
431.981	2631.49
430.277	2651.43
428.573	2609.75
426.868	2593.02
425.163	2626.15
423.458	2518.53
421.752	2551.66
420.046	2621.41
418.34	2566.6
416.633	2551.36
414.925	2558.1
413.218	2579.47
411.51	2597.9
409.801	2573.89
408.092	2554.28
406.383	2612.2
404.673	2635
402.963	2572.99
401.253	2630.86
399.542	2603.95
397.831	2600.43
396.119	2525.34
394.407	2571.49
392.694	2589.88
390.982	2649.12
389.268	2587.23
387.555	2611.43
385.841	2590.41
384.126	2565.02
382.411	2592.13
380.696	2633.8
378.981	2567.62
377.265	2616.57
375.548	2564.98
373.832	2594.97
372.114	2608.93
370.397	2659.28
368.679	2571.35
366.96	2608.59
365.242	2573.07
363.523	2691.73
361.803	2600.97
360.083	2652.69
358.363	2691.32
356.642	2610.79
354.921	2671.19
353.199	2586.35
351.477	2649.63
349.755	2678.05
348.032	2612.13
346.309	2626.04
344.586	2647.19
342.862	2646.58
341.137	2686.56
339.413	2639.56
337.688	2708.51
335.962	2687.6
334.236	2668.15
332.51	2734.15
330.783	2665.47
329.056	2648.93
327.328	2697.52
325.601	2676.64
323.872	2706.4
322.144	2744.82
320.414	2738.4
318.685	2681.4
316.955	2686.56
315.225	2713.39
313.494	2732.98
311.763	2725.13
310.031	2740.38
308.299	2720.98
306.567	2691.49
304.834	2728.38
303.101	2690.24
301.368	2709.81
299.634	2699.09
297.9	2701.35
296.165	2716.58
294.43	2715.95
292.694	2693.71
290.958	2730.53
289.222	2597.44
287.485	2737.9
285.748	2663.87
284.011	2683.4
282.273	2682.78
280.534	2713.79
278.795	2670.03
277.056	2676.6
275.317	2719.09
273.577	2751.51
271.836	2735.07
270.096	2688.48
268.355	2633.3
266.613	2708.77
264.871	2703.83
263.129	2663.03
261.386	2656.67
259.643	2686.17
257.899	2678.38
256.155	2613.25
254.411	2718.7
252.666	2690.85
250.921	2718.87
249.175	2752.61
247.429	2664.63
245.683	2655.42
243.936	2703.47
242.189	2725.73
240.441	2685.04
238.693	2700.15
236.944	2743.85
235.196	2710.33
233.446	2672.55
231.697	2701.93
229.947	2781.3
228.196	2727.81
226.445	2745.74
224.694	2769.37
222.942	2720.2
221.19	2629.67
219.437	2757.45
217.685	2845.23
215.931	2769
214.177	2778.33
212.423	2823.29
210.669	2822.64
208.914	2844.77
207.158	2854.08
205.403	2856.26
203.646	2758.8
201.89	2854.93
200.133	2851.42
