4501.29	913.867
4500.4	899.721
4499.52	944.825
4498.64	989.914
4497.75	981.259
4496.87	924.541
4495.98	873.497
4495.1	949.657
4494.22	907.104
4493.33	875.867
4492.45	867.24
4491.56	974.416
4490.68	886.706
4489.79	931.726
4488.9	855.345
4488.02	894.71
4487.13	908.665
4486.25	840.792
4485.36	925.274
4484.47	837.679
4483.59	877.013
4482.7	964.264
4481.81	958.458
4480.93	854.007
4480.04	865.13
4479.15	915.695
4478.26	895.816
4477.38	844.963
4476.49	901.136
4475.6	940.397
4474.71	878.302
4473.83	886.593
4472.94	855.483
4472.05	903.166
4471.16	894.569
4470.27	852.224
4469.38	866.136
4468.49	857.55
4467.6	860.212
4466.71	871.305
4465.82	843.051
4464.93	910.337
4464.04	862.422
4463.15	806.097
4462.26	850.888
4461.37	881.625
4460.48	895.507
4459.59	861.67
4458.7	864.326
4457.81	866.981
4456.92	864.025
4456.03	880.703
4455.14	869.332
4454.24	852.358
4453.35	860.619
4452.46	852.06
4451.57	851.912
4450.68	888.187
4449.78	806.793
4448.89	815.055
4448	840.116
4447.11	918.366
4446.21	848.221
4445.32	839.676
4444.43	870.312
4443.53	839.383
4442.64	825.249
4441.75	816.714
4440.85	824.961
4439.96	919.881
4439.06	838.651
4438.17	866.454
4437.27	827.18
4436.38	922.032
4435.48	879.968
4434.59	899.366
4433.69	899.209
4432.8	837.626
4431.9	848.646
4431.01	912.693
4430.11	786.956
4429.22	904.004
4428.32	895.477
4427.42	878.585
4426.53	920.262
4425.63	842.032
4424.73	869.762
4423.84	886.333
4422.94	888.965
4422.04	902.74
4421.14	963.869
4420.25	855.075
4419.35	879.989
4418.45	899.325
4417.55	865.762
4416.65	865.611
4415.76	887.722
4414.86	862.525
4413.96	929.139
4413.06	948.446
4412.16	912.129
4411.26	853.581
4410.36	909.03
4409.46	942.224
4408.56	908.711
4407.66	891.882
4406.76	902.837
4405.86	997.114
4404.96	883.082
4404.06	932.905
4403.16	918.861
4402.26	996.415
4401.36	912.99
4400.46	923.928
4399.56	934.862
4398.66	915.284
4397.76	976.131
4396.85	914.963
4395.95	950.84
4395.05	1036.59
4394.15	992.075
4393.25	947.57
4392.34	939.093
4391.44	1022.02
4390.54	1005.23
4389.64	971.824
4388.73	943.972
4387.83	971.484
4386.93	1037.73
4386.02	1001.58
4385.12	1018
4384.21	998.461
4383.31	1009.35
4382.41	1025.76
4381.5	1036.64
4380.6	1011.58
4379.69	1003.11
4378.79	1025.04
4377.88	1038.67
4376.98	1030.2
4376.07	1060.4
4375.17	1021.56
4374.26	1013.1
4373.36	1023.96
4372.45	985.148
4371.54	1122.93
4370.64	1056.52
4369.73	1067.37
4368.82	1100.28
4367.92	1113.87
4367.01	1083.35
4366.1	1077.65
4365.2	1060.92
4364.29	1118.6
4363.38	1107.38
4362.47	1120.96
4361.57	1104.24
4360.66	1076.51
4359.75	1109.36
4358.84	1078.89
4357.93	1169.5
4357.02	1039.99
4356.11	1072.82
4355.21	1160.64
4354.3	1193.43
4353.39	1146.48
4352.48	1113.29
4351.57	1115.85
4350.66	1060.69
4349.75	1184.14
4348.84	1211.4
4347.93	1150.77
4347.02	1114.87
4346.11	1117.42
4345.2	1188.59
4344.29	1210.34
4343.37	1166.22
4342.46	1122.12
4341.55	1168.55
4340.64	1225.94
4339.73	1146.2
4338.82	1159.71
4337.9	1274.64
4336.99	1173.01
4336.08	1156.36
4335.17	1213.69
4334.26	1205.26
4333.34	1169.44
4332.43	1128.16
4331.52	1147.13
4330.6	1220.83
4329.69	1160.41
4328.78	1182.09
4327.86	1192.83
4326.95	1230.91
4326.03	1206.08
4325.12	1227.75
4324.21	1164.65
4323.29	1232.78
4322.38	1270.83
4321.46	1218.68
4320.55	1319.55
4319.63	1204.6
4318.72	1231.7
4317.8	1182.33
4316.88	1228.53
4315.97	1201.02
4315.05	1247.2
4314.14	1197.87
4313.22	1328.61
4312.3	1235.63
4311.39	1213.6
4310.47	1265.19
4309.55	1210.44
4308.63	1278.37
4307.72	1204.57
4306.8	1272.47
4305.88	1291.32
4304.96	1282.92
4304.05	1271.8
4303.13	1334.2
4302.21	1279.52
4301.29	1301.07
4300.37	1216.47
4299.45	1314.21
4298.54	1221.48
4297.62	1232.15
4296.7	1256.41
4295.78	1305.13
4294.86	1280.43
4293.94	1247.59
4293.02	1353.35
4292.1	1233.56
4291.18	1290.39
4290.26	1260.29
4289.34	1317.09
4288.42	1338.58
4287.5	1303.06
4286.57	1245.83
4285.65	1332.45
4284.73	1286.09
4283.81	1294
4282.89	1282.92
4281.97	1323.37
4281.04	1285.18
4280.12	1290.37
4279.2	1265.75
4278.28	1295.33
4277.35	1265.3
4276.43	1275.91
4275.51	1272.98
4274.59	1286.29
4273.66	1318.56
4272.74	1304.79
4271.81	1391.17
4270.89	1307.03
4269.97	1333.86
4269.04	1339.03
4268.12	1346.91
4267.19	1311.52
4266.27	1322.1
4265.34	1265.1
4264.42	1316.23
4263.49	1332.21
4262.57	1313.06
4261.64	1312.83
4260.72	1288.29
4259.79	1293.46
4258.87	1339.13
4257.94	1363.19
4257.01	1273.88
4256.09	1343.81
4255.16	1340.88
4254.23	1300.18
4253.31	1232.52
4252.38	1353.65
4251.45	1302.18
4250.52	1345.08
4249.6	1379.88
4248.67	1339.22
4247.74	1382.09
4246.81	1381.84
4245.88	1346.58
4244.96	1427.13
4244.03	1343.42
4243.1	1302.8
4242.17	1404.84
4241.24	1393.83
4240.31	1339.77
4239.38	1331.47
4238.45	1398.46
4237.52	1357.88
4236.59	1363.02
4235.66	1306.33
4234.73	1271.16
4233.8	1373.04
4232.87	1308.32
4231.94	1334.95
4231.01	1434.08
4230.08	1401.6
4229.15	1342.29
4228.22	1355.48
4227.28	1355.24
4226.35	1349.63
4225.42	1411.09
4224.49	1357.2
4223.56	1394.5
4222.62	1434.47
4221.69	1359.15
4220.76	1423.24
4219.83	1374.75
4218.89	1363.79
4217.96	1331.4
4217.03	1400.8
4216.09	1395.2
4215.16	1386.92
4214.23	1424.15
4213.29	1375.72
4212.36	1287.17
4211.42	1423.39
4210.49	1393.71
4209.55	1348
4208.62	1406.59
4207.68	1368.91
4206.75	1355.3
4205.81	1419.2
4204.88	1426.97
4203.94	1338.54
4203.01	1381.05
4202.07	1370.12
4201.13	1385.9
4200.2	1452.4
4199.26	1406.76
4198.32	1459.89
4197.39	1392.92
4196.45	1432.69
4195.51	1363.08
4194.58	1429.51
4193.64	1373.26
4192.7	1418.34
4191.76	1362.11
4190.82	1385.85
4189.89	1425.58
4188.95	1324.08
4188.01	1414.41
4187.07	1406.17
4186.13	1395.27
4185.19	1411
4184.25	1424.05
4183.31	1474.37
4182.37	1404.92
4181.43	1409.99
4180.49	1439
4179.55	1398.85
4178.61	1411.9
4177.67	1369.11
4176.73	1384.81
4175.79	1395.2
4174.85	1442.78
4173.91	1447.83
4172.97	1428.98
4172.03	1452.63
4171.09	1476.27
4170.14	1284.87
4169.2	1478.39
4168.26	1406.48
4167.32	1419.49
4166.38	1421.89
4165.43	1424.29
4164.49	1394.87
4163.55	1445
4162.6	1423.53
4161.66	1404.72
4160.72	1415.07
4159.77	1425.42
4158.83	1366.89
4157.89	1411.67
4156.94	1451.14
4156	1400.57
4155.05	1402.97
4154.11	1437.13
4153.16	1468.63
4152.22	1415.45
4151.27	1528.94
4150.33	1483.71
4149.38	1512.53
4148.44	1472.6
4147.49	1464.41
4146.55	1371.65
4145.6	1434.82
4144.65	1460.98
4143.71	1534.68
4142.76	1494.8
4141.81	1410.03
4140.87	1425.62
4139.92	1451.76
4138.97	1393.44
4138.03	1393.19
4137.08	1440.43
4136.13	1432.26
4135.18	1482.11
4134.23	1415.93
4133.29	1420.95
4132.34	1460.23
4131.39	1438.89
4130.44	1428.09
4129.49	1430.47
4128.54	1485.53
4127.59	1477.36
4126.64	1448.13
4125.69	1487.36
4124.74	1450.25
4123.79	1455.25
4122.84	1476.04
4121.89	1449.47
4120.94	1430.8
4119.99	1469.99
4119.04	1496.02
4118.09	1406.37
4117.14	1482.34
4116.19	1466.31
4115.24	1379.35
4114.28	1426.38
4113.33	1486.53
4112.38	1509.9
4111.43	1478.13
4110.48	1590.73
4109.52	1527.46
4108.57	1377.62
4107.62	1487.56
4106.66	1516.15
4105.71	1442.44
4104.76	1533.96
4103.8	1413.09
4102.85	1473.12
4101.9	1457.14
4100.94	1517.14
4099.99	1493.29
4099.03	1461.59
4098.08	1495.37
4097.12	1495.11
4096.17	1458.19
4095.21	1494.57
4094.26	1470.75
4093.3	1412.92
4092.35	1425.75
4091.39	1441.19
4090.44	1490.62
4089.48	1540.03
4088.52	1521.45
4087.57	1471.52
4086.61	1520.91
4085.65	1429.19
4084.7	1517.75
4083.74	1512.25
4082.78	1412.75
4081.82	1511.71
4080.87	1482.72
4079.91	1398.94
4078.95	1557.87
4077.99	1474.1
4077.03	1437.32
4076.08	1504.87
4075.12	1475.91
4074.16	1525.18
4073.2	1517.09
4072.24	1519.42
4071.28	1566.06
4070.32	1557.96
4069.36	1466.51
4068.4	1500.1
4067.44	1445.15
4066.48	1533.41
4065.52	1496.69
4064.56	1493.82
4063.6	1488.35
4062.64	1493.28
4061.68	1480.01
4060.72	1505.75
4059.75	1523.68
4058.79	1474.01
4057.83	1520.53
4056.87	1546.25
4055.91	1501.8
4054.94	1548.29
4053.98	1615.54
4053.02	1485.41
4052.06	1500.72
4051.09	1466.7
4050.13	1518.35
4049.17	1460.99
4048.2	1533.37
4047.24	1520.12
4046.27	1579.5
4045.31	1529.95
4044.35	1589.31
4043.38	1542.36
4042.42	1534.31
4041.45	1489.98
4040.49	1474.17
4039.52	1494.62
4038.56	1579.82
4037.59	1507.03
4036.63	1568.9
4035.66	1558.26
4034.69	1576.1
4033.73	1557.7
4032.76	1567.77
4031.8	1487.3
4030.83	1518.07
4029.86	1502.28
4028.89	1496.84
4027.93	1512.08
4026.96	1617.76
4025.99	1516.7
4025.02	1578.43
4024.06	1609.14
4023.09	1533.96
4022.12	1448.48
4021.15	1533.4
4020.18	1530.55
4019.21	1587.04
4018.25	1514.52
4017.28	1527.14
4016.31	1513.97
4015.34	1549.8
4014.37	1516
4013.4	1471.91
4012.43	1551.54
4011.46	1522.91
4010.49	1504.6
4009.52	1512.06
4008.55	1571.02
4007.58	1529.54
4006.6	1573.03
4005.63	1485.23
4004.66	1587.9
4003.69	1585.04
4002.72	1582.19
4001.75	1509.88
4000.77	1607.33
3999.8	1637.9
3998.83	1521.91
3997.86	1609.03
3996.88	1449.41
3995.91	1636.71
3994.94	1605.59
3993.96	1551.36
3992.99	1543.38
3992.02	1563.64
3991.04	1529.99
3990.07	1591.31
3989.1	1532
3988.12	1531.72
3987.15	1485.27
3986.17	1528.6
3985.2	1595
3984.22	1576.77
3983.25	1540.59
3982.27	1553.13
3981.3	1586.16
3980.32	1542.32
3979.34	1495.93
3978.37	1526.4
3977.39	1602.94
3976.41	1584.73
3975.44	1581.88
3974.46	1556
3973.48	1558.28
3972.51	1609.16
3971.53	1570.51
3970.55	1557.43
3969.57	1559.71
3968.6	1584.99
3967.62	1571.93
3966.64	1500.09
3965.66	1668.45
3964.68	1514.87
3963.7	1560.57
3962.73	1519.43
3961.75	1636.6
3960.77	1638.86
3959.79	1615.59
3958.81	1577.02
3957.83	1663.48
3956.85	1505.03
3955.87	1647.58
3954.89	1614.13
3953.91	1539.9
3952.93	1577.86
3951.94	1531.7
3950.96	1498.3
3949.98	1556.62
3949	1586.9
3948.02	1528.04
3947.04	1540.5
3946.06	1629.32
3945.07	1598.48
3944.09	1534.57
3943.11	1661.51
3942.13	1562
3941.14	1584.61
3940.16	1589.4
3939.18	1568.78
3938.19	1611.71
3937.21	1608.87
3936.23	1633.99
3935.24	1562.56
3934.26	1630.86
3933.27	1661.04
3932.29	1688.67
3931.3	1586.81
3930.32	1571.29
3929.33	1621.77
3928.35	1606.25
3927.36	1603.42
3926.38	1618.35
3925.39	1491.25
3924.41	1620.3
3923.42	1579.44
3922.43	1622.24
3921.45	1611.81
3920.46	1596.32
3919.47	1628.96
3918.49	1545.08
3917.5	1577.72
3916.51	1574.9
3915.52	1645.5
3914.54	1650.26
3913.55	1576.57
3912.56	1629.42
3911.57	1616.48
3910.58	1631.36
3909.6	1658.88
3908.61	1600.43
3907.62	1612.77
3906.63	1698.41
3905.64	1665.25
3904.65	1576.52
3903.66	1621.71
3902.67	1626.46
3901.68	1633.74
3900.69	1676.36
3899.7	1582.66
3898.71	1617.71
3897.72	1693.11
3896.73	1586.85
3895.74	1586.56
3894.74	1677.06
3893.75	1580.94
3892.76	1636.11
3891.77	1666.06
3890.78	1605.27
3889.79	1652.86
3888.79	1599.65
3887.8	1548.99
3886.81	1682.17
3885.81	1623.96
3884.82	1679.04
3883.83	1615.82
3882.83	1653.27
3881.84	1658
3880.85	1619.96
3879.85	1629.73
3878.86	1596.74
3877.86	1689.47
3876.87	1659
3875.88	1628.54
3874.88	1630.76
3873.89	1723.41
3872.89	1600.02
3871.89	1637.4
3870.9	1699.87
3869.9	1634.29
3868.91	1621.45
3867.91	1724.04
3866.91	1623.36
3865.92	1690.8
3864.92	1565.08
3863.92	1602.41
3862.93	1622.18
3861.93	1639.43
3860.93	1704.3
3859.93	1651.36
3858.94	1605.96
3857.94	1668.3
3856.94	1683.02
3855.94	1752.82
3854.94	1679.9
3853.94	1677.09
3852.95	1736.85
3851.95	1673.98
3850.95	1663.66
3849.95	1708.38
3848.95	1580.53
3847.95	1652.75
3846.95	1669.95
3845.95	1619.66
3844.95	1629.36
3843.95	1591.58
3842.95	1648.75
3841.95	1670.92
3840.94	1683.1
3839.94	1727.74
3838.94	1615.09
3837.94	1692.17
3836.94	1704.33
3835.94	1659.11
3834.93	1676.27
3833.93	1663.5
3832.93	1688.13
3831.93	1627.98
3830.92	1612.73
3829.92	1664.77
3828.92	1756.66
3827.91	1661.67
3826.91	1636.46
3825.91	1723.32
3824.9	1660.76
3823.9	1635.56
3822.89	1660.15
3821.89	1694.69
3820.88	1681.94
3819.88	1696.56
3818.87	1678.84
3817.87	1730.75
3816.86	1640.93
3815.86	1672.94
3814.85	1687.55
3813.84	1657.42
3812.84	1672.03
3811.83	1651.85
3810.83	1599.39
3809.82	1718.29
3808.81	1591.36
3807.8	1767.3
3806.8	1709.9
3805.79	1736.88
3804.78	1709.27
3803.77	1686.63
3802.77	1619.37
3801.76	1633.95
3800.75	1762.56
3799.74	1673.01
3798.73	1685.09
3797.72	1692.21
3796.71	1729.06
3795.7	1733.7
3794.69	1646.71
3793.68	1690.97
3792.67	1675.81
3791.66	1727.48
3790.65	1675.2
3789.64	1662.52
3788.63	1741.37
3787.62	1718.79
3786.61	1629.46
3785.6	1636.58
3784.59	1646.17
3783.58	1682.93
3782.56	1697.45
3781.55	1650.2
3780.54	1674.6
3779.53	1718.74
3778.52	1757.93
3777.5	1752.67
3776.49	1680.77
3775.48	1685.4
3774.46	1707.3
3773.45	1721.78
3772.44	1746.13
3771.42	1713.75
3770.41	1683.85
3769.39	1703.27
3768.38	1705.42
3767.36	1682.93
3766.35	1694.94
3765.34	1706.94
3764.32	1669.69
3763.3	1676.77
3762.29	1718.31
3761.27	1732.76
3760.26	1737.36
3759.24	1837.92
3758.23	1640.79
3757.21	1667.54
3756.19	1696.74
3755.18	1693.97
3754.16	1701.04
3753.14	1725.3
3752.12	1724.98
3751.11	1719.75
3750.09	1645.75
3749.07	1731.4
3748.05	1718.8
3747.03	1711.12
3746.02	1730.44
3745	1749.76
3743.98	1776.43
3742.96	1704.96
3741.94	1687.48
3740.92	1706.78
3739.9	1694.21
3738.88	1720.86
3737.86	1732.8
3736.84	1712.88
3735.82	1631.71
3734.8	1702.45
3733.78	1760.92
3732.76	1714.07
3731.74	1662.34
3730.71	1686.51
3729.69	1727.8
3728.67	1776.42
3727.65	1761.42
3726.63	1734.19
3725.61	1709.41
3724.58	1723.77
3723.56	1735.67
3722.54	1728.02
3721.51	1774.13
3720.49	1661.42
3719.47	1756.38
3718.44	1731.63
3717.42	1743.52
3716.4	1765.17
3715.37	1808.79
3714.35	1745
3713.32	1769.08
3712.3	1778.51
3711.27	1773.31
3710.25	1731.52
3709.22	1736.08
3708.2	1684.56
3707.17	1754.94
3706.15	1757.05
3705.12	1749.42
3704.09	1680.88
3703.07	1717.11
3702.04	1799.59
3701.01	1760.3
3699.99	1696.68
3698.96	1718.27
3697.93	1790.96
3696.9	1739.54
3695.88	1787.86
3694.85	1714.57
3693.82	1828.54
3692.79	1760.13
3691.76	1788.97
3690.74	1701.16
3689.71	1795.6
3688.68	1722.39
3687.65	1680.78
3686.62	1709.61
3685.59	1760.29
3684.56	1733.26
3683.53	1783.91
3682.5	1662.24
3681.47	1797.8
3680.44	1758.66
3679.41	1777.74
3678.38	1772.56
3677.34	1738.29
3676.31	1752.51
3675.28	1834.59
3674.25	1812.44
3673.22	1746.69
3672.19	1763.33
3671.15	1813.86
3670.12	1789.31
3669.09	1762.35
3668.06	1808.01
3667.02	1848.81
3665.99	1826.7
3664.96	1758.63
3663.92	1826.02
3662.89	1801.5
3661.85	1847.1
3660.82	1788.75
3659.79	1766.67
3658.75	1773.59
3657.72	1869.9
3656.68	1840.56
3655.65	1900.6
3654.61	1849.54
3653.57	1803.33
3652.54	1856.1
3651.5	1850.93
3650.47	1826.46
3649.43	1828.53
3648.39	1907.78
3647.36	1844.73
3646.32	1943.24
3645.28	1880.21
3644.25	1829.25
3643.21	1956.62
3642.17	1869.53
3641.13	1854.73
3640.09	1876.06
3639.06	1928.68
3638.02	1937.95
3636.98	1899.08
3635.94	1920.39
3634.9	1985
3633.86	1950.95
3632.82	2001.1
3631.78	1974.28
3630.74	1887.36
3629.7	1963.93
3628.66	1927.51
3627.62	2052.11
3626.58	1897.97
3625.54	2005.71
3624.5	1938.09
3623.46	2052.99
3622.42	1985.39
3621.38	2040.22
3620.33	2080.64
3619.29	2073.06
3618.25	2019.9
3617.21	2041.11
3616.17	2019.15
3615.12	2045.14
3614.08	1987.23
3613.04	1996.45
3611.99	2032.02
3610.95	1974.15
3609.91	2093.55
3608.86	1963.83
3607.82	1968.26
3606.77	1946.35
3605.73	2013
3604.69	2058.1
3603.64	2009.86
3602.6	1916.19
3601.55	1963.67
3600.5	2097.22
3599.46	2027.5
3598.41	2012.78
3597.37	1974.16
3596.32	2035.92
3595.27	1987.76
3594.23	1996.95
3593.18	1996.58
3592.13	1974.72
3591.09	1974.35
3590.04	1935.79
3588.99	1944.98
3587.94	2020.97
3586.9	1996.74
3585.85	2013.06
3584.8	1998.38
3583.75	1974.16
3582.7	1966.64
3581.65	2040.16
3580.6	1908.72
3579.56	1956.02
3578.51	1934.21
3577.46	1988.63
3576.41	1933.49
3575.36	1930.75
3574.31	2013.7
3573.26	1844.36
3572.2	1915.4
3571.15	1915.04
3570.1	1919.44
3569.05	1952.38
3568	1897.33
3566.95	1896.97
3565.9	1960.79
3564.84	1910.52
3563.79	1957.68
3562.74	1964.45
3561.69	1916.58
3560.63	1901.98
3559.58	1873.13
3558.53	1879.91
3557.47	1938.88
3556.42	1988.35
3555.37	1931.04
3554.31	1956.77
3553.26	1904.24
3552.2	1880.17
3551.15	1896.42
3550.09	1803.63
3549.04	1921.77
3547.98	1907.2
3546.93	1999.23
3545.87	1882.81
3544.82	1920.34
3543.76	1891.57
3542.71	1919.62
3541.65	1907.43
3540.59	1840.83
3539.54	1909.09
3538.48	1937.11
3537.42	1965.13
3536.36	1863.09
3535.31	1931.3
3534.25	1921.48
3533.19	1982.56
3532.13	1965.66
3531.07	1944.03
3530.02	1903.52
3528.96	1886.63
3527.9	1907.53
3526.84	1893.01
3525.78	1795.9
3524.72	1941.85
3523.66	1873.08
3522.6	1792.53
3521.54	1877.09
3520.48	1860.24
3519.42	1909.39
3518.36	1970.31
3517.3	1986.44
3516.24	1915.39
3515.17	1919.74
3514.11	1884.06
3513.05	1881.35
3511.99	1883.35
3510.93	1934.78
3509.87	1957.95
3508.8	1908.18
3507.74	1879.59
3506.68	1938.04
3505.61	1923.57
3504.55	1859.73
3503.49	1941.65
3502.42	1863.73
3501.36	1870.43
3500.3	1881.83
3499.23	1923.75
3498.17	1975.06
3497.1	1894.86
3496.04	1819.38
3494.97	1910.58
3493.91	1919.61
3492.84	1947.4
3491.77	1890.74
3490.71	1972.47
3489.64	1845.48
3488.58	1924.84
3487.51	1830.72
3486.44	1992.09
3485.38	1928.45
3484.31	1909.34
3483.24	1834.03
3482.17	1864.13
3481.11	1849.73
3480.04	1898.55
3478.97	1893.51
3477.9	1928.26
3476.83	1885.78
3475.77	1855.02
3474.7	1878.06
3473.63	1915.12
3472.56	1844.62
3471.49	1951.8
3470.42	1881.32
3469.35	1838.91
3468.28	1859.59
3467.21	1903.62
3466.14	1886.92
3465.07	1884.23
3464	1851.19
3462.92	1906.86
3461.85	1841.16
3460.78	1920.14
3459.71	1917.45
3458.64	1935.75
3457.57	1809.47
3456.49	1914.04
3455.42	1909.02
3454.35	1894.67
3453.28	1898.98
3452.2	1898.62
3451.13	1874.97
3450.06	1855.99
3448.98	1860.3
3447.91	1948.41
3446.83	1920.11
3445.76	1961.64
3444.68	1784.45
3443.61	1877.16
3442.53	1876.81
3441.46	1860.18
3440.38	1841.23
3439.31	1908.29
3438.23	1975.32
3437.16	1865.75
3436.08	1888.63
3435	1930.08
3433.93	1878.63
3432.85	1882.92
3431.77	1884.89
3430.7	1770.81
3429.62	1965.39
3428.54	1916.3
3427.46	1871.87
3426.39	1948.05
3425.31	1850.3
3424.23	1903.27
3423.15	1833.38
3422.07	1902.55
3420.99	1883.66
3419.91	1936.58
3418.83	1843.58
3417.75	1891.86
3416.68	1815.1
3415.6	1858.74
3414.51	1893.1
3413.43	1871.92
3412.35	1860
3411.27	1868.9
3410.19	1944.86
3409.11	1819.64
3408.03	1877.09
3406.95	1913.72
3405.87	1876.38
3404.78	1906.07
3403.7	1891.85
3402.62	1870.7
3401.54	1838.02
3400.45	1874.62
3399.37	1855.8
3398.29	1813.91
3397.2	1889.71
3396.12	1801.69
3395.04	1916.67
3393.95	1851.74
3392.87	1865.22
3391.78	1881.01
3390.7	1862.22
3389.61	1903.34
3388.53	1829.26
3387.44	1891.11
3386.36	1853.9
3385.27	1883.48
3384.19	1814.07
3383.1	1878.17
3382.01	1891.62
3380.93	1870.56
3379.84	1810.4
3378.75	1869.85
3377.67	1798.21
3376.58	1899.03
3375.49	1866.49
3374.4	1838.56
3373.31	1852
3372.23	1881.52
3371.14	1821.44
3370.05	1830.28
3368.96	1818.46
3367.87	1841.07
3366.78	1969.25
3365.69	1867.91
3364.6	1890.5
3363.51	1819.03
3362.42	1843.92
3361.33	1811.47
3360.24	1854.68
3359.15	1833.7
3358.06	1821.9
3356.97	1906.33
3355.88	1857.86
3354.79	1866.67
3353.69	1884.64
3352.6	1893.44
3351.51	1833.56
3350.42	1874.41
3349.33	1899.23
3348.23	1882.85
3347.14	1855.05
3346.05	1818.11
3344.95	1927.51
3343.86	1847.14
3342.77	1887.93
3341.67	1917.28
3340.58	1878.07
3339.48	1822.89
3338.39	1849.96
3337.29	1810.79
3336.2	1824.14
3335.1	1789.56
3334.01	1805.19
3332.91	1857.33
3331.82	1841.01
3330.72	1815.57
3329.62	1803.83
3328.53	1810.32
3327.43	1816.82
3326.33	1846.1
3325.24	1804.74
3324.14	1840.85
3323.04	1922.5
3321.94	1808.26
3320.85	1855.74
3319.75	1834.9
3318.65	1873.24
3317.55	1838.75
3316.45	1863.43
3315.35	1844.88
3314.25	1810.41
3313.16	1821.44
3312.06	1875.66
3310.96	1841.21
3309.86	1840.86
3308.76	1792.79
3307.66	1856.06
3306.55	1789.84
3305.45	1846.27
3304.35	1798.24
3303.25	1872.81
3302.15	1808.91
3301.05	1767.72
3299.95	1801.41
3298.84	1778.39
3297.74	1782.58
3296.64	1775.44
3295.54	1858.99
3294.43	1826.9
3293.33	1833.35
3292.23	1857.93
3291.12	1839.45
3290.02	1848.16
3288.92	1809.31
3287.81	1768.22
3286.71	1826.73
3285.6	1878.44
3284.5	1882.61
3283.39	1778.18
3282.29	1834.39
3281.18	1815.95
3280.08	1804.3
3278.97	1860.47
3277.86	1833
3276.76	1884.62
3275.65	1717.07
3274.54	1777.74
3273.44	1768.37
3272.33	1804.16
3271.22	1806.07
3270.12	1767.36
3269.01	1807.64
3267.9	1811.81
3266.79	1775.37
3265.68	1711.88
3264.57	1806.26
3263.47	1810.43
3262.36	1760.49
3261.25	1782.69
3260.14	1755.32
3259.03	1761.74
3257.92	1849.25
3256.81	1806.11
3255.7	1830.53
3254.59	1771.65
3253.48	1800.57
3252.37	1831.74
3251.25	1761.64
3250.14	1810.79
3249.03	1776.71
3247.92	1789.86
3246.81	1767.04
3245.69	1795.93
3244.58	1806.82
3243.47	1840.18
3242.36	1723.01
3241.24	1826
3240.13	1814.42
3239.02	1798.36
3237.9	1784.55
3236.79	1752.79
3235.68	1691.87
3234.56	1756.61
3233.45	1834.78
3232.33	1816.49
3231.22	1802.69
3230.1	1782.17
3228.99	1770.62
3227.87	1790.45
3226.75	1720.65
3225.64	1785.29
3224.52	1811.82
3223.41	1784.6
3222.29	1788.74
3221.17	1839.88
3220.05	1758.96
3218.94	1769.82
3217.82	1782.9
3216.7	1746.77
3215.58	1820.23
3214.47	1824.36
3213.35	1830.71
3212.23	1767.79
3211.11	1792.03
3209.99	1749.24
3208.87	1760.07
3207.75	1730.7
3206.63	1746
3205.51	1714.42
3204.39	1785.51
3203.27	1782.94
3202.15	1787.06
3201.03	1791.18
3199.91	1786.37
3198.79	1774.88
3197.67	1825.82
3196.55	1803.18
3195.42	1713.7
3194.3	1769.07
3193.18	1710.81
3192.06	1761.71
3190.93	1736.88
3189.81	1778.85
3188.69	1800.76
3187.56	1767.04
3186.44	1728.87
3185.32	1730.77
3184.19	1739.33
3183.07	1732.33
3181.94	1763.12
3180.82	1753.89
3179.7	1760.22
3178.57	1786.55
3177.44	1752.88
3176.32	1763.65
3175.19	1747.77
3174.07	1754.1
3172.94	1718.24
3171.82	1753.42
3170.69	1715.36
3169.56	1737.22
3168.43	1741.32
3167.31	1687.76
3166.18	1778.35
3165.05	1718.15
3163.92	1695.66
3162.8	1704.2
3161.67	1741.54
3160.54	1778.86
3159.41	1747.51
3158.28	1742.75
3157.15	1724.7
3156.02	1744.29
3154.89	1766.09
3153.76	1772.39
3152.63	1710.11
3151.5	1669.96
3150.37	1716.08
3149.24	1689.22
3148.11	1753
3146.98	1752.67
3145.85	1739.07
3144.72	1681.3
3143.59	1745.03
3142.45	1669.61
3141.32	1722.28
3140.19	1719.74
3139.06	1730.45
3137.92	1714.67
3136.79	1725.37
3135.66	1667.68
3134.52	1691.62
3133.39	1693.5
3132.26	1715.22
3131.12	1743.55
3129.99	1723.38
3128.85	1709.83
3127.72	1709.5
3126.58	1726.79
3125.45	1675.81
3124.31	1770.16
3123.18	1701.58
3122.04	1729.86
3120.9	1751.54
3119.77	1691.8
3118.63	1737.66
3117.49	1638.37
3116.36	1719.41
3115.22	1752.05
3114.08	1705.56
3112.95	1718.41
3111.81	1643.38
3110.67	1755.09
3109.53	1680.09
3108.39	1728.07
3107.25	1740.91
3106.11	1698.87
3104.98	1711.71
3103.84	1731.13
3102.7	1662.79
3101.56	1662.47
3100.42	1701.62
3099.28	1764.87
3098.14	1628.63
3096.99	1713.78
3095.85	1669.63
3094.71	1745.98
3093.57	1719.36
3092.43	1758.45
3091.29	1740.6
3090.15	1687.72
3089	1639.25
3087.86	1643.31
3086.72	1706.44
3085.57	1714.86
3084.43	1688.28
3083.29	1624.55
3082.14	1748.84
3081	1735.39
3079.86	1717.57
3078.71	1765.31
3077.57	1699.44
3076.42	1707.84
3075.28	1670.39
3074.13	1641.69
3072.99	1678.48
3071.84	1708.71
3070.7	1616.74
3069.55	1622.97
3068.4	1666.28
3067.26	1665.96
3066.11	1652.55
3064.96	1756.86
3063.82	1678.07
3062.67	1669.03
3061.52	1727.52
3060.37	1659.67
3059.23	1715.97
3058.08	1641.61
3056.93	1693.54
3055.78	1714.97
3054.63	1668.95
3053.48	1725.19
3052.33	1692.23
3051.18	1691.9
3050.03	1717.66
3048.88	1658.64
3047.73	1669.19
3046.58	1658
3045.43	1657.68
3044.28	1583.5
3043.13	1676.58
3041.98	1695.8
3040.83	1680.27
3039.68	1675.61
3038.52	1690.47
3037.37	1666.28
3036.22	1648.6
3035.07	1706.84
3033.91	1639.29
3032.76	1643.31
3031.61	1677.67
3030.45	1666.51
3029.3	1679.19
3028.14	1603.05
3026.99	1685.04
3025.84	1660.89
3024.68	1638.92
3023.53	1627.78
3022.37	1642.61
3021.22	1627.15
3020.06	1680.92
3018.9	1615.7
3017.75	1602.41
3016.59	1658.32
3015.44	1681.78
3014.28	1683.61
3013.12	1622.78
3011.96	1680.8
3010.81	1598.39
3009.65	1706.06
3008.49	1595.61
3007.33	1582.35
3006.18	1625.21
3005.02	1618.42
3003.86	1646.15
3002.7	1654.46
3001.54	1682.18
3000.38	1714.2
2999.22	1672.9
2998.06	1648.87
2996.9	1644.24
2995.74	1577.13
2994.58	1660.83
2993.42	1718.66
2992.26	1602.05
2991.1	1588.82
2989.94	1586.36
2988.77	1669.98
2987.61	1602.96
2986.45	1652.12
2985.29	1585.13
2984.12	1511.71
2982.96	1586.66
2981.8	1693.83
2980.64	1575.3
2979.47	1617.97
2978.31	1634.84
2977.14	1638.82
2975.98	1664.27
2974.82	1659.65
2973.65	1689.38
2972.49	1609.64
2971.32	1617.91
2970.16	1581.13
2968.99	1673.05
2967.82	1634.13
2966.66	1563.05
2965.49	1620.63
2964.33	1575.3
2963.16	1630.71
2961.99	1660.39
2960.83	1627.93
2959.66	1580.5
2958.49	1590.9
2957.32	1629.12
2956.15	1586
2954.99	1592.11
2953.82	1587.52
2952.65	1623.58
2951.48	1610.43
2950.31	1622.95
2949.14	1614.08
2947.97	1654.38
2946.8	1583.53
2945.63	1551.17
2944.46	1661.95
2943.29	1601.83
2942.12	1607.92
2940.95	1635.36
2939.78	1596.62
2938.61	1634.73
2937.44	1583.2
2936.26	1589.29
2935.09	1567.65
2933.92	1639.85
2932.75	1562.78
2931.57	1641.34
2930.4	1611.18
2929.23	1589.56
2928.05	1604.16
2926.88	1633.67
2925.71	1626.96
2924.53	1592.58
2923.36	1619.94
2922.18	1674.96
2921.01	1606.54
2919.83	1591.34
2918.66	1610.17
2917.48	1520.54
2916.31	1590.41
2915.13	1700.64
2913.95	1611.04
2912.78	1629.85
2911.6	1599.79
2910.42	1641.96
2909.25	1618.28
2908.07	1609.47
2906.89	1517.87
2905.71	1579.12
2904.54	1608.52
2903.36	1540.32
2902.18	1603.65
2901	1514.26
2899.82	1596.66
2898.64	1609.07
2897.46	1583.32
2896.28	1568.18
2895.1	1569.99
2893.92	1512.49
2892.74	1666.8
2891.56	1552.13
2890.38	1551.83
2889.2	1555.76
2888.02	1523.71
2886.84	1578.42
2885.65	1535.8
2884.47	1522.81
2883.29	1560.58
2882.11	1537.02
2880.92	1572.65
2879.74	1530.08
2878.56	1555.13
2877.38	1573.84
2876.19	1543.96
2875.01	1552.11
2873.82	1564.47
2872.64	1488.17
2871.45	1568.08
2870.27	1553
2869.08	1609.66
2867.9	1565.05
2866.71	1583.72
2865.53	1501.18
2864.34	1559.91
2863.16	1553.28
2861.97	1550.87
2860.78	1516.86
2859.6	1552.37
2858.41	1583.66
2857.22	1564.4
2856.03	1559.88
2854.85	1597.46
2853.66	1584.52
2852.47	1533.72
2851.28	1642.79
2850.09	1585.69
2848.9	1595.89
2847.71	1648.13
2846.52	1534.31
2845.34	1584.45
2844.15	1605.15
2842.96	1533.41
2841.76	1594.01
2840.57	1532.81
2839.38	1532.51
2838.19	1500.72
2837	1515.12
2835.81	1544.19
2834.62	1615.21
2833.43	1512.13
2832.23	1507.64
2831.04	1561.85
2829.85	1601.37
2828.65	1561.24
2827.46	1489.69
2826.27	1510.35
2825.07	1443.03
2823.88	1451.12
2822.69	1526.21
2821.49	1523.81
2820.3	1485.84
2819.1	1535.77
2817.91	1502
2816.71	1533.07
2815.52	1503.5
2814.32	1484.39
2813.13	1490.36
2811.93	1561.13
2810.73	1548.28
2809.54	1547.98
2808.34	1522.61
2807.14	1474.28
2805.94	1549.15
2804.75	1609.38
2803.55	1588.2
2802.35	1479.38
2801.15	1495.78
2799.95	1499.66
2798.75	1545.24
2797.56	1486.56
2796.36	1534.21
2795.16	1496.39
2793.96	1508.6
2792.76	1543.72
2791.56	1487.18
2790.36	1513.96
2789.16	1596.94
2787.95	1477.97
2786.75	1550.52
2785.55	1527.33
2784.35	1570.72
2783.15	1505.93
2781.95	1472.36
2780.74	1492.86
2779.54	1536.22
2778.34	1483.96
2777.13	1504.44
2775.93	1518.69
2774.73	1474.77
2773.52	1530.55
2772.32	1513.64
2771.12	1461.44
2769.91	1444.55
2768.71	1500.29
2767.5	1446.06
2766.3	1462.36
2765.09	1509.78
2763.89	1544.73
2762.68	1507.11
2761.47	1488.16
2760.27	1458.85
2759.06	1483.42
2757.85	1518.35
2756.65	1460.06
2755.44	1555.02
2754.23	1496.74
2753.02	1479.89
2751.81	1409.24
2750.61	1450.34
2749.4	1479.01
2748.19	1555.24
2746.98	1507.38
2745.77	1463.67
2744.56	1430.31
2743.35	1440.36
2742.14	1450.4
2740.93	1520.35
2739.72	1464.29
2738.51	1476.39
2737.3	1457.51
2736.09	1527.4
2734.88	1467.26
2733.66	1448.4
2732.45	1456.36
2731.24	1495.26
2730.03	1437.23
2728.82	1463.74
2727.6	1473.76
2726.39	1527.05
2725.18	1429.91
2723.96	1456.41
2722.75	1462.3
2721.53	1472.3
2720.32	1455.54
2719.11	1490.25
2717.89	1489.95
2716.68	1442.33
2715.46	1462.62
2714.25	1425.31
2713.03	1494.94
2711.81	1437.08
2710.6	1445.02
2709.38	1465.28
2708.16	1376.64
2706.95	1433.89
2705.73	1421.28
2704.51	1460.01
2703.29	1377.6
2702.08	1447.12
2700.86	1358.59
2699.64	1499.89
2698.42	1460.62
2697.2	1458.28
2695.98	1437.48
2694.76	1420.8
2693.54	1389.77
2692.32	1428.43
2691.1	1440.44
2689.88	1452.45
2688.66	1396.86
2687.44	1460.06
2686.22	1379.93
2685	1379.65
2683.78	1414.17
2682.56	1413.89
2681.33	1450.43
2680.11	1427.64
2678.89	1406.91
2677.67	1435.26
2676.44	1463.59
2675.22	1408.12
2674	1467.09
2672.77	1446.37
2671.55	1425.66
2670.33	1458.05
2669.1	1427.14
2667.88	1394.19
2666.65	1379.63
2665.43	1377.32
2664.2	1419.88
2662.97	1450.2
2661.75	1384.65
2660.52	1453.7
2659.3	1400.41
2658.07	1465.35
2656.84	1434.49
2655.62	1415.87
2654.39	1411.52
2653.16	1435.67
2651.93	1406.88
2650.7	1414.75
2649.48	1412.43
2648.25	1440.64
2647.02	1424.07
2645.79	1383.11
2644.56	1397.07
2643.33	1441.52
2642.1	1441.24
2640.87	1388.11
2639.64	1365.48
2638.41	1418.03
2637.18	1383.22
2635.95	1433.71
2634.72	1425.3
2633.48	1410.81
2632.25	1396.32
2631.02	1456.92
2629.79	1334.9
2628.56	1340.72
2627.32	1358.71
2626.09	1336.14
2624.86	1392.63
2623.62	1428.83
2622.39	1404.23
2621.16	1426.24
2619.92	1363.16
2618.69	1364.91
2617.45	1390.96
2616.22	1417
2614.98	1380.29
2613.75	1351.69
2612.51	1375.69
2611.27	1387.56
2610.04	1409.52
2608.8	1376.89
2607.57	1374.6
2606.33	1339.96
2605.09	1404.36
2603.85	1349.53
2602.62	1391.68
2601.38	1371.21
2600.14	1350.74
2598.9	1366.62
2597.66	1392.59
2596.42	1335.81
2595.18	1361.77
2593.94	1341.33
2592.71	1407.61
2591.47	1320.63
2590.23	1370.76
2588.98	1364.44
2587.74	1370.21
2586.5	1305.47
2585.26	1351.54
2584.02	1355.3
2582.78	1351
2581.54	1314.49
2580.29	1320.27
2579.05	1330.07
2577.81	1390.15
2576.57	1381.83
2575.32	1301.11
2574.08	1365.19
2572.84	1383.01
2571.59	1330.48
2570.35	1360.36
2569.1	1337.99
2567.86	1355.8
2566.61	1325.4
2565.37	1363.28
2564.12	1314.83
2562.88	1372.77
2561.63	1328.35
2560.39	1368.21
2559.14	1325.82
2557.89	1291.46
2556.65	1339.32
2555.4	1319.01
2554.15	1308.72
2552.9	1368.57
2551.66	1340.25
2550.41	1307.94
2549.16	1317.69
2547.91	1305.41
2546.66	1273.12
2545.41	1292.88
2544.16	1314.63
2542.91	1322.37
2541.66	1352.11
2540.41	1309.84
2539.16	1281.59
2537.91	1351.29
2536.66	1315.05
2535.41	1312.79
2534.16	1296.54
2532.91	1270.32
2531.66	1331.97
2530.4	1267.81
2529.15	1275.54
2527.9	1341.15
2526.65	1304.96
2525.39	1348.59
2524.14	1300.45
2522.89	1300.19
2521.63	1262.04
2520.38	1293.69
2519.12	1283.46
2517.87	1277.23
2516.61	1263.02
2515.36	1258.79
2514.1	1296.37
2512.85	1300.09
2511.59	1343.62
2510.33	1307.53
2509.08	1339.1
2507.82	1301.04
2506.56	1282.88
2505.31	1213.02
2504.05	1306.22
2502.79	1317.88
2501.53	1273.9
2500.28	1277.61
2499.02	1281.33
2497.76	1300.93
2496.5	1266.91
2495.24	1340.12
2493.98	1347.79
2492.72	1244.32
2491.46	1234.15
2490.2	1291.43
2488.94	1312.99
2487.68	1284.96
2486.42	1258.93
2485.16	1228.94
2483.9	1254.46
2482.63	1272.04
2481.37	1281.69
2480.11	1249.74
2478.85	1326.72
2477.59	1269.04
2476.32	1213.36
2475.06	1254.67
2473.8	1307.84
2472.53	1262.08
2471.27	1234.14
2470	1289.26
2468.74	1263.3
2467.47	1243.28
2466.21	1272.67
2464.94	1270.44
2463.68	1266.23
2462.41	1281.77
2461.15	1277.57
2459.88	1283.23
2458.61	1184.28
2457.35	1249.17
2456.08	1260.75
2454.81	1205.27
2453.54	1272.08
2452.28	1226.47
2451.01	1243.97
2449.74	1283.14
2448.47	1308.49
2447.2	1245.18
2445.93	1231.14
2444.66	1232.86
2443.39	1234.59
2442.12	1226.46
2440.85	1263.61
2439.58	1216.13
2438.31	1235.56
2437.04	1233.34
2435.77	1317.66
2434.5	1250.54
2433.23	1181.48
2431.96	1193.04
2430.68	1220.31
2429.41	1284.89
2428.14	1257.13
2426.87	1207.78
2425.59	1254.66
2424.32	1189.63
2423.04	1244.34
2421.77	1291.19
2420.5	1265.42
2419.22	1222.01
2417.95	1217.84
2416.67	1215.64
2415.4	1205.59
2414.12	1152.43
2412.85	1220.78
2411.57	1202.9
2410.29	1251.62
2409.02	1220.04
2407.74	1239.37
2406.46	1233.25
2405.18	1225.17
2403.91	1221.01
2402.63	1210.98
2401.35	1245.94
2400.07	1224.18
2398.79	1180.92
2397.52	1200.23
2396.24	1190.21
2394.96	1203.65
2393.68	1217.08
2392.4	1197.3
2391.12	1218.54
2389.84	1214.39
2388.56	1169.25
2387.27	1211.94
2385.99	1244.87
2384.71	1225.11
2383.43	1236.56
2382.15	1154.41
2380.87	1140.53
2379.58	1202.68
2378.3	1184.89
2377.02	1192.45
2375.73	1196.1
2374.45	1184.17
2373.17	1189.77
2371.88	1191.48
2370.6	1162.04
2369.31	1227.97
2368.03	1099.31
2366.74	1171.06
2365.46	1164.99
2364.17	1145.31
2362.89	1131.47
2361.6	1183.72
2360.31	1165.99
2359.03	1144.38
2357.74	1190.77
2356.45	1176.93
2355.17	1188.34
2353.88	1112.39
2352.59	1152.92
2351.3	1210.91
2350.01	1183.5
2348.72	1175.5
2347.43	1130.65
2346.15	1140.12
2344.86	1128.26
2343.57	1170.67
2342.28	1164.62
2340.99	1141.13
2339.69	1150.58
2338.4	1148.41
2337.11	1142.37
2335.82	1159.56
2334.53	1174.81
2333.24	1205.53
2331.95	1184.01
2330.65	1222.45
2329.36	1127.44
2328.07	1196.82
2326.77	1171.44
2325.48	1175.07
2324.19	1145.85
2322.89	1145.62
2321.6	1185.94
2320.3	1239.77
2319.01	1142.99
2317.71	1156.27
2316.42	1140.59
2315.12	1177.02
2313.83	1155.56
2312.53	1193.9
2311.23	1212.94
2309.94	1098.94
2308.64	1114.14
2307.34	1158.24
2306.05	1109.83
2304.75	1132.72
2303.45	1161.38
2302.15	1178.48
2300.85	1099.3
2299.55	1081.76
2298.25	1121.95
2296.96	1096.71
2295.66	1171.51
2294.36	1146.27
2293.06	1111.42
2291.76	1145.8
2290.45	1172.47
2289.15	1116.51
2287.85	1143.18
2286.55	1133.34
2285.25	1100.46
2283.95	1129.04
2282.65	1146.08
2281.34	1115.14
2280.04	1130.26
2278.74	1170.32
2277.43	1099.11
2276.13	1158.34
2274.83	1104.42
2273.52	1163.62
2272.22	1136.55
2270.91	1096.08
2269.61	1065.2
2268.3	1103.29
2267	1145.2
2265.69	1104.75
2264.39	1094.96
2263.08	1138.75
2261.77	1113.64
2260.47	1113.42
2259.16	1071.11
2257.85	1111.05
2256.54	1068.76
2255.24	1131.62
2253.93	1079.79
2252.62	1154.09
2251.31	1083.17
2250	1090.59
2248.69	1090.37
2247.38	1145.51
2246.07	1101.37
2244.76	1082.06
2243.45	1089.47
2242.14	1091.16
2240.83	1100.47
2239.52	1115.5
2238.21	1073.33
2236.9	1111.23
2235.59	1080.52
2234.27	1086.01
2232.96	1121.98
2231.65	1030.34
2230.34	1140.56
2229.02	1087.03
2227.71	1084.9
2226.4	1099.9
2225.08	1130.12
2223.77	1120.37
2222.45	1082.11
2221.14	1062.87
2219.82	1094.97
2218.51	1109.95
2217.19	1109.73
2215.88	1119
2214.56	1152.96
2213.24	1036.88
2211.93	1065.15
2210.61	1095.3
2209.29	1134.93
2207.97	1104.34
2206.66	1119.29
2205.34	1050.78
2204.02	1101.77
2202.7	1082.58
2201.38	1080.46
2200.06	1040.44
2198.74	1085.7
2197.42	1076.01
2196.1	1083.37
2194.78	1035.8
2193.46	1045.06
2192.14	1069.45
2190.82	1050.3
2189.5	1053.87
2188.18	1061.22
2186.86	1132.87
2185.54	1070.24
2184.21	1041.67
2182.89	1069.8
2181.57	1045.02
2180.24	1042.91
2178.92	1088.03
2177.6	1087.81
2176.27	1008.28
2174.95	1036.39
2173.62	1087.14
2172.3	1096.35
2170.97	1062.17
2169.65	1088.36
2168.32	1078.7
2167	1065.28
2165.67	1100.88
2164.34	1019.61
2163.02	1094.78
2161.69	1054.99
2160.36	1096.21
2159.04	1052.67
2157.71	1022.33
2156.38	1074.83
2155.05	1048.26
2153.72	1027.35
2152.39	1051.59
2151.06	1085.23
2149.74	1053.04
2148.41	1052.82
2147.08	1054.48
2145.75	1024.2
2144.41	1114.17
2143.08	1066.98
2141.75	1108.08
2140.42	1025.23
2139.09	1068.2
2137.76	1041.7
2136.43	1002.08
2135.09	992.494
2133.76	1050.44
2132.43	1053.97
2131.09	1040.63
2129.76	1046.04
2128.43	1012.09
2127.09	1047.48
2125.76	1004.18
2124.42	1009.59
2123.09	1020.62
2121.75	977.344
2120.42	1025.81
2119.08	1031.22
2117.75	1036.62
2116.41	1030.79
2115.07	1017.49
2113.74	948.086
2112.4	994.63
2111.06	1033.68
2109.72	1055.89
2108.38	1020.17
2107.05	1018.09
2105.71	1019.75
2104.37	1013.94
2103.03	976.392
2101.69	1026.59
2100.35	1000.25
2099.01	998.177
2097.67	968.125
2096.33	1048.12
2094.99	1032.99
2093.65	1015.99
2092.31	1051.2
2090.97	972.716
2089.62	1045.17
2088.28	985.353
2086.94	1011.22
2085.6	1009.15
2084.25	981.019
2082.91	1006.87
2081.57	1027.13
2080.22	965.528
2078.88	1015.55
2077.53	1046.95
2076.19	989.099
2074.84	1014.92
2073.5	990.548
2072.15	1021.93
2070.81	1034.72
2069.46	947.216
2068.12	1026.87
2066.77	980.241
2065.42	963.333
2064.08	981.692
2062.73	1007.46
2061.38	1007.26
2060.03	992.21
2058.68	958.628
2057.34	941.746
2055.99	1013.83
2054.64	971.005
2053.29	968.951
2051.94	970.602
2050.59	966.698
2049.24	992.419
2047.89	1025.53
2046.54	997.56
2045.19	984.4
2043.83	1002.7
2042.48	943.301
2041.13	970.844
2039.78	968.794
2038.43	1029.59
2037.07	996.113
2035.72	973.735
2034.37	901.488
2033.01	953.015
2031.66	989.748
2030.31	971.081
2028.95	974.571
2027.6	1042.65
2026.24	1016.6
2024.89	962.897
2023.53	901.837
2022.17	942.215
2020.82	958.611
2019.46	1054.25
2018.11	943.471
2016.75	1013.28
2015.39	1033.33
2014.03	987.081
2012.68	959.258
2011.32	990.353
2009.96	933.094
2008.6	945.78
2007.24	980.537
2005.88	1002.41
2004.52	934.158
2003.16	974.411
2001.8	968.694
2000.44	972.168
1999.08	938.894
1997.72	997.482
1996.36	995.438
1995	954.834
1993.64	971.158
1992.27	992.982
1990.91	963.414
1989.55	987.065
1988.19	970.351
1986.82	966.481
1985.46	1012.12
1984.1	980.744
1982.73	956.714
1981.37	952.85
1980	958.148
1978.64	963.443
1977.27	987.049
1975.91	948.395
1974.54	950.028
1973.18	984.603
1971.81	986.227
1970.44	978.705
1969.08	991.304
1967.71	956.354
1966.34	937.873
1964.97	974.234
1963.61	952.101
1962.24	990.272
1960.87	949.878
1959.5	1000.82
1958.13	944.004
1956.76	947.459
1955.39	991.065
1954.02	974.436
1952.65	955.988
1951.28	952.141
1949.91	922.764
1948.54	962.683
1947.17	916.911
1945.8	980.507
1944.42	954.793
1943.05	956.415
1941.68	952.573
1940.31	966.942
1938.93	988.588
1937.56	942.876
1936.19	969.977
1934.81	966.135
1933.44	960.476
1932.06	958.457
1930.69	930.982
1929.31	938.059
1927.94	954.222
1926.56	919.496
1925.18	933.838
1923.81	948.175
1922.43	957.057
1921.05	991.354
1919.68	947.58
1918.3	920.159
1916.92	943.555
1915.54	994.154
1914.17	988.505
1912.79	977.418
1911.41	962.71
1910.03	960.696
1908.65	940.56
1907.27	972.977
1905.89	952.847
1904.51	965.326
1903.13	948.827
1901.75	970.353
1900.37	959.29
1898.99	962.709
1897.6	937.178
1896.22	949.644
1894.84	967.53
1893.46	1003.49
1892.07	927.355
1890.69	963.308
1889.31	973.948
1887.92	932.193
1886.54	1025.92
1885.15	926.385
1883.77	900.915
1882.38	953.073
1881	943.85
1879.61	927.413
1878.23	1001.18
1876.84	981.131
1875.46	991.745
1874.07	978.917
1872.68	982.317
1871.29	937.06
1869.91	974.699
1868.52	965.488
1867.13	913.059
1865.74	961.482
1864.35	968.481
1862.96	959.279
1861.57	917.692
1860.19	1007.45
1858.8	973.064
1857.4	963.869
1856.01	958.273
1854.62	945.489
1853.23	975.842
1851.84	968.45
1850.45	968.247
1849.06	966.248
1847.67	985.797
1846.27	983.795
1844.88	1010.51
1843.49	956.464
1842.09	970.616
1840.7	986.556
1839.31	948.688
1837.91	968.212
1836.52	924.986
1835.12	931.96
1833.73	1003.44
1832.33	978.147
1830.93	977.942
1829.54	972.364
1828.14	954.256
1826.75	955.845
1825.35	952.065
1823.95	933.973
1822.55	958.82
1821.16	913.907
1819.76	947.688
1818.36	954.64
1816.96	961.588
1815.56	975.682
1814.16	927.239
1812.76	980.63
1811.36	953.636
1809.96	937.366
1808.56	906.823
1807.16	944.11
1805.76	952.833
1804.36	936.577
1802.96	950.649
1801.56	1005.73
1800.15	939.551
1798.75	921.529
1797.35	939.156
1795.94	937.176
1794.54	956.573
1793.14	951.029
1791.73	941.926
1790.33	950.628
1788.92	948.648
1787.52	969.801
1786.11	937.574
1784.71	972.95
1783.3	926.508
1781.9	942.315
1780.49	965.224
1779.08	968.575
1777.68	975.478
1776.27	948.626
1774.86	935.993
1773.45	934.02
1772.05	942.699
1770.64	990.424
1769.23	933.429
1767.82	949.2
1766.41	943.678
1765	950.572
1763.59	934.414
1762.18	959.035
1760.77	981.873
1759.36	942.682
1757.95	944.255
1756.54	951.14
1755.12	913.752
1753.71	936.575
1752.3	931.066
1750.89	957.415
1749.47	927.134
1748.06	962.318
1746.65	955.04
1745.23	924.778
1743.82	935.19
1742.4	929.69
1740.99	918.891
1739.58	954.031
1738.16	904.371
1736.74	935.968
1735.33	909.286
1733.91	942.633
1732.5	968.906
1731.08	959.879
1729.66	945.563
1728.24	936.544
1726.83	957.506
1725.41	999.615
1723.99	962.389
1722.57	979.808
1721.15	917.935
1719.73	930.071
1718.31	914.024
1716.89	906.787
1715.47	959.407
1714.05	964.484
1712.63	915.01
1711.21	941.205
1709.79	891.756
1708.37	997.078
1706.95	947.639
1705.52	908.767
1704.1	898.03
1702.68	908.382
1701.26	934.539
1699.83	916.779
1698.41	911.316
1696.98	951.501
1695.56	919.706
1694.14	944.078
1692.71	964.931
1691.28	931.399
1689.86	931.202
1688.43	962.563
1687.01	969.371
1685.58	935.867
1684.15	967.207
1682.73	954.739
1681.3	951.034
1679.87	943.828
1678.44	917.367
1677.02	931.175
1675.59	937.977
1674.16	920.282
1672.73	969.064
1671.3	954.868
1669.87	986.138
1668.44	935.233
1667.01	907.071
1665.58	964.541
1664.15	960.842
1662.72	939.679
1661.28	970.911
1659.85	913.091
1658.42	940.825
1656.99	919.683
1655.55	933.446
1654.12	962.902
1652.69	948.745
1651.25	986.904
1649.82	908.246
1648.39	970.798
1646.95	935.741
1645.52	954.705
1644.08	968.437
1642.64	940.368
1641.21	941.909
1639.77	955.634
1638.34	906.702
1636.9	965.667
1635.46	972.419
1634.02	958.299
1632.59	904.191
1631.15	950.937
1629.71	909.02
1628.27	960.958
1626.83	959.016
1625.39	957.075
1623.95	878.724
1622.51	954.931
1621.07	890.5
1619.63	900.723
1618.19	871.034
1616.75	921.157
1615.31	898.413
1613.87	946.774
1612.43	996.848
1610.98	923.838
1609.54	956.566
1608.1	951.165
1606.66	945.765
1605.21	916.123
1603.77	883.03
1602.32	891.497
1600.88	934.574
1599.43	891.117
1597.99	877.087
1596.54	916.68
1595.1	930.318
1593.65	933.578
1592.21	995.603
1590.76	896.889
1589.31	913.975
1587.86	908.597
1586.42	875.59
1584.97	951.375
1583.52	940.814
1582.07	930.258
1580.62	930.059
1579.17	924.685
1577.72	946.91
1576.28	915.668
1574.83	936.161
1573.37	911.829
1571.92	952.994
1570.47	901.102
1569.02	931.915
1567.57	907.605
1566.12	950.457
1564.67	915.824
1563.21	925.955
1561.76	901.667
1560.31	922.118
1558.85	911.601
1557.4	949.238
1555.95	871.668
1554.49	911.016
1553.04	924.569
1551.58	903.753
1550.13	874.357
1548.67	882.757
1547.21	891.154
1545.76	863.496
1544.3	913.084
1542.84	871.706
1541.39	895.537
1539.93	891.915
1538.47	883.15
1537.01	881.246
1535.56	910.197
1534.1	906.575
1532.64	918.374
1531.18	841.092
1529.72	883.727
1528.26	881.826
1526.8	902.18
1525.34	883.159
1523.88	932.594
1522.42	858.829
1520.95	916.8
1519.49	858.461
1518.03	853.147
1516.57	921.338
1515.1	857.908
1513.64	867.976
1512.18	878.039
1510.71	867.604
1509.25	899.86
1507.79	901.374
1506.32	873.872
1504.86	854.914
1503.39	882.027
1501.92	907.423
1500.46	856.069
1498.99	907.033
1497.53	859.11
1496.06	884.489
1494.59	879.187
1493.12	884.109
1491.66	860.075
1490.19	924.595
1488.72	880.134
1487.25	861.223
1485.78	886.563
1484.31	848.944
1482.84	867.471
1481.37	892.793
1479.9	913.003
1478.43	873.711
1476.96	878.622
1475.49	861.442
1474.02	891.833
1472.54	893.34
1471.07	882.96
1469.6	842.026
1468.13	867.304
1466.65	887.481
1465.18	911.041
1463.71	861.656
1462.23	880.124
1460.76	901.976
1459.28	866.185
1457.81	888.029
1456.33	877.672
1454.86	858.849
1453.38	882.375
1451.9	851.706
1450.43	844.751
1448.95	876.727
1447.47	847.772
1445.99	861.123
1444.52	882.926
1443.04	820.166
1441.56	885.927
1440.08	855.31
1438.6	877.095
1437.12	843.114
1435.64	895.299
1434.16	847.817
1432.68	888.158
1431.2	852.516
1429.72	870.897
1428.24	882.521
1426.75	841.842
1425.27	821.42
1423.79	843.165
1422.31	868.272
1420.82	847.858
1419.34	859.471
1417.86	803.685
1416.37	862.469
1414.89	794.917
1413.4	872.199
1411.92	828.242
1410.43	870.14
1408.95	831.25
1407.46	815.929
1405.97	844.346
1404.49	839.119
1403	847.344
1401.51	832.033
1400.03	835.214
1398.54	829.993
1397.05	784.459
1395.56	861.543
1394.07	869.752
1392.58	898.102
1391.09	834.131
1389.6	854.086
1388.11	835.448
1386.62	813.463
1385.13	855.209
1383.64	839.935
1382.15	812.935
1380.66	802.705
1379.17	820.96
1377.67	879.41
1376.18	835.677
1374.69	827.125
1373.19	826.946
1371.7	821.746
1370.21	836.627
1368.71	859.866
1367.22	858.008
1365.72	811.001
1364.23	867.667
1362.73	844.079
1361.23	825.514
1359.74	845.384
1358.24	833.508
1356.74	801.597
1355.25	829.807
1353.75	863.013
1352.25	847.806
1350.75	842.616
1349.25	834.092
1347.76	785.545
1346.26	853.74
1344.76	816.879
1343.26	806.701
1341.76	854.851
1340.26	834.673
1338.75	854.48
1337.25	794.344
1335.75	855.774
1334.25	833.949
1332.75	890.351
1331.25	835.251
1329.74	840.06
1328.24	828.236
1326.74	828.056
1325.23	847.825
1323.73	837.669
1322.22	815.885
1320.72	802.417
1319.21	797.26
1317.71	817.014
1316.2	748.766
1314.7	805.039
1313.19	811.503
1311.68	798.053
1310.18	819.444
1308.67	872.335
1307.16	795.874
1305.65	789.071
1304.14	835.305
1302.63	858.321
1301.13	805.122
1299.62	809.916
1298.11	818.019
1296.6	806.252
1295.09	837.525
1293.58	810.866
1292.06	832.198
1290.55	764.198
1289.04	851.68
1287.53	843.228
1286.02	818.249
1284.5	821.376
1282.99	783.194
1281.48	794.587
1279.96	779.55
1278.45	817.358
1276.94	782.512
1275.42	856.614
1273.91	830.025
1272.39	808.397
1270.87	804.922
1269.36	793.203
1267.84	814.464
1266.33	822.528
1264.81	784.445
1263.29	767.797
1261.77	823.637
1260.26	759.228
1258.74	757.416
1257.22	753.958
1255.7	803.169
1254.18	756.92
1252.66	781.432
1251.14	833.894
1249.62	759.714
1248.1	774.344
1246.58	807.049
1245.06	793.726
1243.54	790.267
1242.01	783.524
1240.49	763.646
1238.97	760.195
1237.45	784.652
1235.92	791.045
1234.4	808.922
1232.88	761.172
1231.35	798.728
1229.83	785.435
1228.3	739.361
1226.78	811.316
1225.25	802.946
1223.72	766.727
1222.2	805.87
1220.67	769.667
1219.14	779.322
1217.62	777.515
1216.09	775.709
1214.56	746.088
1213.03	781.912
1211.5	803.002
1209.98	747.234
1208.45	768.322
1206.92	761.616
1205.39	751.645
1203.86	746.58
1202.33	756.216
1200.79	765.848
1199.26	780.374
1197.73	744.294
1196.2	734.34
1194.67	778.23
1193.13	750.33
1191.6	787.674
1190.07	741.849
1188.53	756.357
1187	746.413
1185.47	764.172
1183.93	764.005
1182.4	770.352
1180.86	763.67
1179.33	704.897
1177.79	729.156
1176.25	769.677
1174.72	743.478
1173.18	756.327
1171.64	741.526
1170.1	720.228
1168.57	713.568
1167.03	721.537
1165.49	739.251
1163.95	724.469
1162.41	716.19
1160.87	748.506
1159.33	717.499
1157.79	746.555
1156.25	731.788
1154.71	720.271
1153.17	750.929
1151.63	692.389
1150.08	729.524
1148.54	748.813
1147	704.897
1145.46	730.663
1143.91	730.503
1142.37	730.342
1140.82	736.658
1139.28	710.597
1137.73	742.807
1136.19	703.813
1134.64	698.806
1133.1	718.059
1131.55	706.583
1130.01	699.961
1128.46	709.504
1126.91	725.507
1125.36	733.424
1123.82	678.349
1122.27	695.962
1120.72	721.64
1119.17	715.025
1117.62	734.232
1116.07	682.443
1114.52	671.002
1112.97	672.467
1111.42	656.196
1109.87	662.499
1108.32	668.8
1106.77	707.321
1105.22	662.062
1103.66	698.957
1102.11	718.125
1100.56	668.063
1099	708.152
1097.45	690.296
1095.9	662.796
1094.34	720.551
1092.79	662.504
1091.23	707.372
1089.68	718.467
1088.12	676.528
1086.56	698.871
1085.01	695.505
1083.45	653.598
1081.89	664.693
1080.34	722.333
1078.78	731.802
1077.22	686.716
1075.66	625.608
1074.1	662.356
1072.54	694.278
1070.98	670.079
1069.43	697.177
1067.86	669.783
1066.3	688.859
1064.74	664.683
1063.18	648.523
1061.62	686.802
1060.06	686.651
1058.5	680.098
1056.93	681.548
1055.37	713.387
1053.81	694.04
1052.24	740.252
1050.68	632.991
1049.12	703.168
1047.55	661.471
1045.99	690.078
1044.42	648.402
1042.85	659.436
1041.29	672.061
1039.72	697.448
1038.16	662.19
1036.59	650.876
1035.02	687.416
1033.45	639.426
1031.88	672.764
1030.32	667.833
1028.75	685.214
1027.18	654.792
1025.61	661.019
1024.04	638.578
1022.47	630.476
1020.9	660.58
1019.33	662.025
1017.76	661.878
1016.18	641.052
1014.61	625.007
1013.04	640.769
1011.47	669.24
1009.89	643.663
1008.32	638.754
1006.75	648.144
1005.17	641.647
1003.6	644.681
1002.02	649.3
1000.45	645.982
998.873	633.144
997.297	617.139
995.721	610.658
994.145	637.48
992.568	632.583
990.991	630.857
989.413	637.056
987.835	663.849
986.257	671.622
984.678	666.722
983.099	625.408
981.52	658.511
979.94	618.8
978.36	639.232
976.78	594.796
975.199	648.437
973.618	664.105
972.037	633.922
970.455	632.2
968.873	639.961
967.29	624.02
965.707	655.471
964.124	615.848
962.541	650.443
960.957	643.985
959.373	639.108
957.788	593.213
956.203	640.401
954.618	619.758
953.032	629.08
951.446	632.093
949.86	639.832
948.273	622.358
946.686	606.467
945.099	601.607
943.511	615.644
941.923	612.359
940.334	626.387
938.745	613.66
937.156	616.67
935.567	616.532
933.977	628.975
932.387	602.109
930.796	595.688
929.205	626.983
927.614	578.141
926.022	609.426
924.43	654.83
922.838	607.585
921.245	572.918
919.652	610.453
918.058	622.868
916.465	613.318
914.87	633.568
913.276	611.477
911.681	601.935
910.086	604.935
908.49	650.239
906.894	629.729
905.298	599.832
903.701	605.962
902.104	616.785
900.507	602.561
898.909	578.956
897.311	606.985
895.713	639.695
894.114	609.842
892.515	606.579
890.916	603.318
889.316	617.247
887.715	588.988
886.115	587.294
884.514	593.41
882.913	616.696
881.311	610.314
879.709	619.541
878.107	605.361
876.504	613.025
874.901	597.293
873.298	586.246
871.694	578.32
870.09	607.802
868.485	618.573
866.88	605.973
865.275	629.198
863.669	585.46
862.064	614.907
860.457	639.671
858.851	616.188
857.244	611.383
855.636	586.361
854.028	594.004
852.42	612.527
850.812	643.476
849.203	588.944
847.594	616.777
845.984	608.872
844.375	597.866
842.764	600.837
841.154	596.046
839.543	609.879
837.931	594.227
836.32	589.441
834.708	595.512
833.095	615.535
831.482	629.348
829.869	599.761
828.256	601.176
826.642	636.67
825.028	624.138
823.413	613.159
821.798	623.858
820.183	615.98
818.567	617.389
816.951	615.703
815.335	601.645
813.718	601.51
812.101	616.835
810.483	663.065
808.865	565.565
807.247	613.33
805.629	648.718
804.01	566.728
802.39	585.128
800.771	591.17
799.151	594.124
797.53	601.705
795.91	570.72
794.288	601.435
792.667	622.885
791.045	615.037
789.423	634.934
787.8	603.976
786.177	608.461
784.554	586.764
782.93	642.062
781.306	629.602
779.682	618.688
778.057	600.085
776.432	586.105
774.807	585.973
773.181	604.293
771.554	613.381
769.928	602.484
768.301	630.007
766.674	625.257
765.046	600.542
763.418	606.549
761.789	587.99
760.161	600.136
758.531	570.845
756.902	590.661
755.272	605.867
753.642	604.197
752.011	571.865
750.38	610.056
748.749	585.399
747.117	586.799
745.485	585.135
743.852	563.564
742.22	590.996
740.586	574.025
738.953	596.851
737.319	601.307
735.685	585.875
734.05	570.449
732.415	545.856
730.779	587.007
729.144	582.29
727.507	579.103
725.871	549.947
724.234	609.387
722.597	554.28
720.959	584.687
719.321	587.607
717.683	598.156
716.044	561.407
714.405	613.138
712.765	582.502
711.126	608.288
709.485	594.433
707.845	595.823
706.204	598.735
704.563	580.322
702.921	560.394
701.279	577.015
699.636	604.283
697.993	572.189
696.35	600.967
694.707	581.057
693.063	576.363
691.419	570.151
689.774	603.464
688.129	541.019
686.483	562.168
684.838	563.56
683.191	589.25
681.545	569.379
679.898	576.84
678.251	535.733
676.603	585.683
674.955	567.347
673.307	565.702
671.658	585.285
670.009	562.414
668.359	569.864
666.709	572.766
665.059	583.241
663.408	589.167
661.757	590.548
660.106	573.761
658.454	578.172
656.802	555.343
655.15	590.013
653.497	561.142
651.844	548.917
650.19	579.029
648.536	574.364
646.881	571.211
645.227	569.571
643.572	578.505
641.916	576.863
640.26	548.047
638.604	563.017
636.947	582.507
635.29	574.832
633.633	547.55
631.975	551.95
630.317	545.794
628.659	571.295
627	539.518
625.34	598.157
623.681	548.311
622.021	524.091
620.36	561.613
618.7	597.614
617.038	541.794
615.377	595.838
613.715	576.147
612.053	573.008
610.39	598.439
608.727	556.211
607.064	583.138
605.4	560.467
603.736	539.308
602.071	569.223
600.406	518.041
598.741	571.967
597.075	547.823
595.409	570.206
593.743	546.074
592.076	559.448
590.409	553.323
588.741	560.693
587.073	581.549
585.405	579.918
583.736	563.307
582.067	585.646
580.397	557.06
578.728	532.98
577.057	577.762
575.387	526.751
573.716	516.158
572.044	575.872
570.373	542.841
568.7	565.144
567.028	557.542
565.355	548.448
563.682	566.252
562.008	581.06
560.334	536.126
558.66	553.921
556.985	574.692
555.31	555.161
553.634	555.034
551.958	550.433
550.282	557.764
548.605	563.601
546.928	547.075
545.25	558.873
543.573	570.665
541.894	583.942
540.216	564.448
538.537	574.742
536.857	565.679
535.178	559.596
533.497	577.324
531.817	556.366
530.136	554.752
528.455	566.52
526.773	547.065
525.091	546.94
523.408	521.555
521.725	546.691
520.042	536.169
518.359	537.532
516.675	555.224
514.99	523.928
513.305	535.679
511.62	568.195
509.935	585.863
508.249	560.521
506.562	558.91
504.876	554.336
503.189	566.064
501.501	537.786
499.813	548.031
498.125	552.348
496.436	581.832
494.747	553.576
493.058	531.252
491.368	547.405
489.678	554.675
487.987	553.069
486.297	548.507
484.605	517.341
482.913	549.734
481.221	536.311
479.529	561.299
477.836	518.344
476.143	537.419
474.449	559.438
472.755	550.455
471.061	566.558
469.366	526.602
467.67	576.622
465.975	542.579
464.279	555.721
462.582	521.698
460.886	552.519
459.189	525.878
457.491	581.72
455.793	577.17
454.095	591.758
452.396	541.584
450.697	559.116
448.997	570.756
447.298	539.741
445.597	563.143
443.897	554.194
442.196	532.021
440.494	581.857
438.792	583.192
437.09	547.81
435.387	543.28
433.684	546.091
431.981	543.03
430.277	529.7
428.573	570.653
426.868	545.589
425.163	520.537
423.458	548.271
421.752	540.817
420.046	517.248
418.34	575.727
416.633	546.302
414.925	550.57
413.218	563.618
411.51	553.244
409.801	538.484
408.092	572.007
406.383	508.984
404.673	510.329
402.963	583.308
401.253	564.173
399.542	527.512
397.831	539.078
396.119	536.033
394.407	562.194
392.694	546.006
390.982	548.799
389.268	536.999
387.555	590.855
385.841	580.509
384.126	565.793
382.411	537.962
380.696	597.598
378.981	558.116
377.265	540.504
375.548	575.337
373.832	528.606
372.114	560.513
370.397	566.206
368.679	567.531
366.96	583.404
365.242	529.451
363.523	530.783
361.803	577.185
360.083	561.063
358.363	556.574
356.642	602.937
354.921	541.792
353.199	567.806
351.477	586.549
349.755	571.899
348.032	544.194
346.309	560.028
344.586	588.909
342.862	572.821
341.137	595.886
339.413	581.254
337.688	595.611
335.962	578.087
334.236	575.057
332.51	576.372
330.783	603.748
329.056	586.238
327.328	632.412
325.601	572.946
323.872	594.511
322.144	588.589
320.414	607.249
318.685	579.644
316.955	595.407
315.225	589.49
313.494	582.131
311.763	587.773
310.031	581.862
308.299	555.744
306.567	611.899
304.834	568.472
303.101	574.111
301.368	602.821
299.634	581.054
297.9	588.127
296.165	613.932
294.43	603.704
292.694	583.397
290.958	603.424
289.222	575.928
287.485	608.903
285.748	591.492
284.011	614.376
282.273	588.341
280.534	602.586
278.795	618.262
277.056	595.119
275.317	620.85
273.577	614.959
271.836	600.451
270.096	597.44
268.355	626.018
266.613	628.744
264.871	622.857
263.129	605.495
261.386	591.009
259.643	620.99
257.899	613.676
256.155	622.135
254.411	619.124
252.666	660.532
250.921	628.864
249.175	590.05
247.429	608.527
245.683	596.933
243.936	626.849
242.189	642.443
240.441	640.863
238.693	647.865
236.944	637.706
235.196	630.41
233.446	651.701
231.697	638.69
229.947	628.542
228.196	606.973
226.445	585.415
224.694	645.234
222.942	655.074
221.19	624.958
219.437	634.798
217.685	654.617
215.931	633.077
214.177	668.568
212.423	645.609
210.669	659.707
208.914	628.214
207.158	638.037
205.403	684.876
203.646	667.635
201.89	660.363
200.133	690.09
