4501.29	1063.82
4500.4	976.112
4499.52	978.771
4498.64	970.116
4497.75	1001.05
4496.87	998.052
4495.98	983.745
4495.1	1017.49
4494.22	1011.66
4493.33	957.803
4492.45	968.936
4491.56	988.538
4490.68	1039.2
4489.79	1047.49
4488.9	968.262
4488.02	953.982
4487.13	990.501
4486.25	1007.26
4485.36	1012.72
4484.47	916.652
4483.59	930.592
4482.7	927.611
4481.81	961.277
4480.93	997.75
4480.04	938.398
4479.15	938.235
4478.26	1000.05
4477.38	926.642
4476.49	926.481
4475.6	926.32
4474.71	917.713
4473.83	971.03
4472.94	908.951
4472.05	925.674
4471.16	925.513
4470.27	902.851
4469.38	936.439
4468.49	882.855
4467.6	924.868
4466.71	879.737
4465.82	913.306
4464.93	949.672
4464.04	907.369
4463.15	910.019
4462.26	881.779
4461.37	918.125
4460.48	881.471
4459.59	895.351
4458.7	886.776
4457.81	855.758
4456.92	939.767
4456.03	875.093
4455.14	931.027
4454.24	891.611
4453.35	869.029
4452.46	882.892
4451.57	882.738
4450.68	862.971
4449.78	885.231
4448.89	918.687
4448	884.922
4447.11	898.767
4446.21	912.607
4445.32	859.269
4444.43	870.312
4443.53	945.705
4442.64	911.97
4441.75	892.232
4440.85	911.652
4439.96	886.329
4439.06	916.925
4438.17	897.199
4437.27	922.194
4436.38	896.886
4435.48	924.665
4434.59	896.573
4433.69	871.283
4432.8	957.686
4431.9	918.436
4431.01	884.782
4430.11	934.859
4429.22	937.485
4428.32	945.691
4427.42	951.104
4426.53	931.417
4425.63	903.372
4424.73	861.399
4423.84	866.822
4422.94	939.126
4422.04	860.947
4421.14	947.155
4420.25	994.338
4419.35	866.065
4418.45	888.188
4417.55	979.898
4416.65	926.843
4415.76	929.464
4414.86	943.213
4413.96	895.757
4413.06	901.163
4412.16	959.404
4411.26	936.993
4410.36	936.829
4409.46	933.885
4408.56	1005.97
4407.66	955.786
4406.76	955.619
4405.86	947.119
4404.96	941.399
4404.06	985.658
4403.16	921.637
4402.26	999.191
4401.36	940.74
4400.46	946.124
4399.56	982.022
4398.66	1012.36
4397.76	1014.95
4396.85	1034.19
4395.95	953.612
4395.05	983.933
4394.15	1066.9
4393.25	1047.31
4392.34	947.404
4391.44	1005.4
4390.54	980.302
4389.64	1005.05
4388.73	977.191
4387.83	1029.61
4386.93	1048.8
4386.02	1048.61
4385.12	998.636
4384.21	1078.67
4383.31	1031.47
4382.41	978.757
4381.5	1017.29
4380.6	1094.5
4379.69	1041.8
4378.79	1060.96
4377.88	1063.53
4376.98	1013.63
4376.07	1054.88
4375.17	1129.24
4374.26	1093.15
4373.36	1098.48
4372.45	1018.26
4371.54	1142.24
4370.64	1075.83
4369.73	1092.19
4368.82	1171.97
4367.92	1119.38
4367.01	1105.4
4366.1	1094.18
4365.2	1129.81
4364.29	1148.9
4363.38	1118.4
4362.47	1087.91
4361.57	1112.5
4360.66	1093.03
4359.75	1117.61
4358.84	1136.68
4357.93	1130.98
4357.02	1097.77
4356.11	1149.84
4355.21	1119.38
4354.3	1105.44
4353.39	1143.73
4352.48	1176.52
4351.57	1102.11
4350.66	1170.61
4349.75	1206.12
4348.84	1211.4
4347.93	1169.99
4347.02	1199.99
4346.11	1202.53
4345.2	1180.36
4344.29	1180.15
4343.37	1152.5
4342.46	1152.3
4341.55	1116.43
4340.64	1151.89
4339.73	1236.69
4338.82	1272.12
4337.9	1170.47
4336.99	1252.49
4336.08	1159.1
4335.17	1180.81
4334.26	1251.82
4333.34	1194.09
4332.43	1267.81
4331.52	1234.74
4330.6	1231.78
4329.69	1212.41
4328.78	1201.25
4327.86	1236.6
4326.95	1261
4326.03	1167.8
4325.12	1203.14
4324.21	1241.2
4323.29	1183.58
4322.38	1186.1
4321.46	1215.95
4320.55	1297.7
4319.63	1264.69
4318.72	1267.2
4317.8	1220.56
4316.88	1193.04
4315.97	1239.23
4315.05	1200.81
4314.14	1214.24
4313.22	1254.95
4312.3	1202.9
4311.39	1210.87
4310.47	1246.1
4309.55	1311.31
4308.63	1240.21
4307.72	1267.25
4306.8	1264.3
4305.88	1234.11
4304.96	1165.79
4304.05	1258.18
4303.13	1293.36
4302.21	1314.91
4301.29	1317.4
4300.37	1205.59
4299.45	1232.58
4298.54	1267.73
4297.62	1327.35
4296.7	1367.91
4295.78	1316
4294.86	1188
4293.94	1272.05
4293.02	1288.13
4292.1	1282.47
4291.18	1287.68
4290.26	1292.88
4289.34	1292.65
4288.42	1227.26
4287.5	1349.2
4286.57	1267.54
4285.65	1229.32
4284.73	1307.79
4283.81	1258.73
4282.89	1315.47
4281.97	1312.52
4281.04	1274.33
4280.12	1322.9
4279.2	1273.88
4278.28	1249.27
4277.35	1314.07
4276.43	1248.82
4275.51	1278.4
4274.59	1313.37
4273.66	1269.82
4272.74	1345.39
4271.81	1315.38
4270.89	1279.97
4269.97	1320.33
4269.04	1347.15
4268.12	1330.68
4267.19	1306.11
4266.27	1278.84
4265.34	1354.3
4264.42	1310.82
4263.49	1318.7
4262.57	1350.88
4261.64	1299.32
4260.72	1372.01
4259.79	1312.36
4258.87	1290.53
4257.94	1293
4257.01	1246.89
4256.09	1308.74
4255.16	1367.86
4254.23	1302.88
4253.31	1308.04
4252.38	1280.84
4251.45	1342.63
4250.52	1323.52
4249.6	1369.1
4248.67	1398.5
4247.74	1333.59
4246.81	1330.66
4245.88	1268.48
4244.96	1343.65
4244.03	1297.65
4243.1	1410.47
4242.17	1375.23
4241.24	1294.27
4240.31	1345.15
4239.38	1320.71
4238.45	1347.37
4237.52	1320.24
4236.59	1376.46
4235.66	1298.27
4234.73	1306.1
4233.8	1260.19
4232.87	1356.68
4231.94	1302.72
4231.01	1396.48
4230.08	1307.63
4229.15	1320.82
4228.22	1436
4227.28	1341.82
4226.35	1395.24
4225.42	1314.51
4224.49	1378.65
4223.56	1346.23
4222.62	1337.95
4221.69	1313.58
4220.76	1350.87
4219.83	1342.59
4218.89	1371.83
4217.96	1315.33
4217.03	1349.91
4216.09	1352.35
4215.16	1328.01
4214.23	1386.67
4213.29	1346.28
4212.36	1399.56
4211.42	1209.35
4210.49	1366.96
4209.55	1334.62
4208.62	1347.76
4207.68	1368.91
4206.75	1291.14
4205.81	1322.98
4204.88	1418.95
4203.94	1325.19
4203.01	1327.62
4202.07	1402.17
4201.13	1300.45
4200.2	1401.67
4199.26	1313.33
4198.32	1393.16
4197.39	1320.87
4196.45	1371.33
4195.51	1403.09
4194.58	1490.85
4193.64	1410.59
4192.7	1381.01
4191.76	1407.42
4190.82	1372.53
4189.89	1292.34
4188.95	1324.08
4188.01	1401.09
4187.07	1390.19
4186.13	1344.68
4185.19	1408.33
4184.25	1405.42
4183.31	1375.9
4182.37	1301.15
4181.43	1409.99
4180.49	1441.66
4179.55	1382.9
4178.61	1387.97
4177.67	1416.96
4176.73	1387.47
4175.79	1474.92
4174.85	1371.04
4173.91	1344.23
4172.97	1389.14
4172.03	1428.73
4171.09	1393.96
4170.14	1391.05
4169.2	1385.5
4168.26	1430.36
4167.32	1432.76
4166.38	1358.23
4165.43	1456.12
4164.49	1479.73
4163.55	1402.57
4162.6	1407.63
4161.66	1407.38
4160.72	1412.42
4159.77	1388.33
4158.83	1443.71
4157.89	1406.37
4156.94	1384.94
4156	1363.51
4155.05	1461.21
4154.11	1484.77
4153.16	1373.36
4152.22	1436.62
4151.27	1386.1
4150.33	1409.65
4149.38	1435.85
4148.44	1409.15
4147.49	1432.69
4146.55	1398.08
4145.6	1408.4
4144.65	1500.61
4143.71	1392.05
4142.76	1402.36
4141.81	1449.64
4140.87	1430.9
4139.92	1488.72
4138.97	1369.69
4138.03	1438.05
4137.08	1358.65
4136.13	1421.71
4135.18	1418.82
4134.23	1400.11
4133.29	1326.04
4132.34	1420.69
4131.39	1430.98
4130.44	1409.65
4129.49	1433.1
4128.54	1430.21
4127.59	1419.42
4126.64	1427.07
4125.69	1447.87
4124.74	1476.57
4123.79	1392.09
4122.84	1457.62
4121.89	1388.97
4120.94	1393.98
4119.99	1417.4
4119.04	1469.73
4118.09	1522.04
4117.14	1490.23
4116.19	1387.48
4115.24	1410.87
4114.28	1415.87
4113.33	1426.13
4112.38	1368.1
4111.43	1451.87
4110.48	1469.99
4109.52	1440.85
4108.57	1466.84
4107.62	1529.54
4106.66	1392.86
4105.71	1400.48
4104.76	1434.32
4103.8	1460.28
4102.85	1457.4
4101.9	1467.62
4100.94	1480.46
4099.99	1433.04
4099.03	1372.53
4098.08	1448.23
4097.12	1419.17
4096.17	1463.42
4095.21	1486.72
4094.26	1491.69
4093.3	1480.95
4092.35	1362.96
4091.39	1428.11
4090.44	1440.93
4089.48	1521.73
4088.52	1393.36
4087.57	1489.82
4086.61	1450.35
4085.65	1434.41
4084.7	1439.38
4083.74	1397.33
4082.78	1433.64
4081.82	1373.33
4080.87	1435.74
4079.91	1464.19
4078.95	1471.75
4077.99	1481.93
4077.03	1492.1
4076.08	1523.12
4075.12	1342.93
4074.16	1483.47
4073.2	1498.84
4072.24	1438.63
4071.28	1456.61
4070.32	1469.38
4069.36	1544.65
4068.4	1479.27
4067.44	1458.17
4066.48	1494.36
4065.52	1483.68
4064.56	1493.82
4063.6	1475.34
4062.64	1456.86
4061.68	1427.99
4060.72	1445.94
4059.75	1391.07
4058.79	1437.62
4057.83	1465.95
4056.87	1483.88
4055.91	1499.2
4054.94	1509.32
4053.98	1379.19
4053.02	1472.43
4052.06	1443.6
4051.09	1466.7
4050.13	1443.08
4049.17	1473.96
4048.2	1471.1
4047.24	1439.71
4046.27	1501.7
4045.31	1400.29
4044.35	1488.19
4043.38	1454.23
4042.42	1479.88
4041.45	1466.66
4040.49	1456.03
4039.52	1455.77
4038.56	1504.72
4037.59	1408.64
4036.63	1460.16
4035.66	1509.08
4034.69	1493.28
4033.73	1529.24
4032.76	1482.39
4031.8	1549.38
4030.83	1533.58
4029.86	1491.94
4028.89	1489.08
4027.93	1491.4
4026.96	1462.7
4025.99	1436.6
4025.02	1477.68
4024.06	1557.48
4023.09	1515.88
4022.12	1484.62
4021.15	1492.1
4020.18	1509.9
4019.21	1396.08
4018.25	1535.16
4017.28	1483.29
4016.31	1524.29
4015.34	1485.33
4014.37	1459.28
4013.4	1459.02
4012.43	1502.57
4011.46	1453.34
4010.49	1579.32
4009.52	1535.24
4008.55	1452.55
4007.58	1472.89
4006.6	1555.01
4005.63	1536.71
4004.66	1549.3
4003.69	1458.96
4002.72	1494.71
4001.75	1540.74
4000.77	1486.46
3999.8	1499.05
3998.83	1524.49
3997.86	1542.2
3996.88	1516.23
3995.91	1575.05
3994.94	1543.94
3993.96	1512.84
3992.99	1463.77
3992.02	1481.48
3991.04	1514.58
3990.07	1578.48
3989.1	1501.21
3988.12	1583.04
3987.15	1562.23
3986.17	1492.7
3985.2	1492.43
3984.22	1520.36
3983.25	1530.34
3982.27	1463.43
3981.3	1545.16
3980.32	1542.32
3979.34	1478
3978.37	1580.18
3977.39	1515.88
3976.41	1502.8
3975.44	1482.05
3974.46	1561.12
3973.48	1519.9
3972.51	1627.07
3971.53	1475.87
3970.55	1534.42
3969.57	1546.93
3968.6	1449.5
3967.62	1523.36
3966.64	1494.98
3965.66	1522.81
3964.68	1553.19
3963.7	1547.8
3962.73	1557.74
3961.75	1521.71
3960.77	1580.15
3959.79	1554.34
3958.81	1505.57
3957.83	1589.49
3956.85	1589.21
3955.87	1522.61
3954.89	1529.98
3953.91	1511.86
3952.93	1521.78
3951.94	1496.02
3950.96	1518.68
3949.98	1579.55
3949	1571.62
3948.02	1561.15
3947.04	1578.69
3946.06	1598.77
3945.07	1534.85
3944.09	1526.93
3943.11	1470.68
3942.13	1528.93
3941.14	1556.63
3940.16	1505.48
3939.18	1545.89
3938.19	1601.54
3937.21	1484.33
3936.23	1573
3935.24	1562.56
3934.26	1554.65
3933.27	1582.31
3932.29	1526.16
3931.3	1510.64
3930.32	1568.75
3929.33	1512.63
3928.35	1540.27
3927.36	1590.73
3926.38	1552.4
3925.39	1539.43
3924.41	1612.69
3923.42	1602.26
3922.43	1548.74
3921.45	1482.56
3920.46	1538.04
3919.47	1535.23
3918.49	1542.55
3917.5	1603.04
3916.51	1569.84
3915.52	1559.43
3914.54	1513.58
3913.55	1627.19
3912.56	1530.74
3911.57	1570.94
3910.58	1542.83
3909.6	1560.26
3908.61	1628.24
3907.62	1620.36
3906.63	1589.73
3905.64	1571.76
3904.65	1584.1
3903.66	1616.65
3902.67	1558.27
3901.68	1573.14
3900.69	1479.44
3899.7	1517.03
3898.71	1554.61
3897.72	1529.1
3896.73	1556.57
3895.74	1576.47
3894.74	1550.96
3893.75	1512.86
3892.76	1590.73
3891.77	1567.76
3890.78	1549.83
3889.79	1491.6
3888.79	1582.02
3887.8	1548.99
3886.81	1538.63
3885.81	1598.78
3884.82	1520.45
3883.83	1537.79
3882.83	1577.78
3881.84	1605.16
3880.85	1559.59
3879.85	1526.61
3878.86	1591.71
3877.86	1651.76
3876.87	1573.54
3875.88	1590.84
3874.88	1605.63
3873.89	1580.22
3872.89	1592.49
3871.89	1670.05
3870.9	1594.42
3869.9	1629.27
3868.91	1553.68
3867.91	1560.92
3866.91	1590.75
3865.92	1653.17
3864.92	1592.67
3863.92	1514.65
3862.93	1516.88
3861.93	1591.8
3860.93	1644.15
3859.93	1633.82
3858.94	1618.49
3857.94	1555.57
3856.94	1602.87
3855.94	1600.08
3854.94	1629.83
3853.94	1574.46
3852.95	1574.18
3851.95	1618.93
3850.95	1601.12
3849.95	1548.3
3848.95	1533.01
3847.95	1507.73
3846.95	1524.95
3845.95	1587.16
3844.95	1636.85
3843.95	1669.04
3842.95	1578.8
3841.95	1633.46
3840.94	1545.76
3839.94	1565.45
3838.94	1592.62
3837.94	1737.09
3836.94	1614.5
3835.94	1601.73
3834.93	1564.02
3833.93	1713.38
3832.93	1625.79
3831.93	1593.08
3830.92	1647.63
3829.92	1607.45
3828.92	1711.81
3827.91	1606.86
3826.91	1566.72
3825.91	1606.28
3824.9	1630.88
3823.9	1568.35
3822.89	1652.69
3821.89	1679.76
3820.88	1644.62
3819.88	1659.24
3818.87	1658.94
3817.87	1666.1
3816.86	1603.63
3815.86	1690.34
3814.85	1662.7
3813.84	1582.88
3812.84	1560.23
3811.83	1614.59
3810.83	1629.19
3809.82	1604.06
3808.81	1660.87
3807.8	1583.62
3806.8	1647.85
3805.79	1573.11
3804.78	1644.77
3803.77	1582.46
3802.77	1656.57
3801.76	1628.99
3800.75	1683.23
3799.74	1677.96
3798.73	1660.31
3797.72	1645.14
3796.71	1622.54
3795.7	1542.99
3794.69	1659.09
3793.68	1636.51
3792.67	1631.26
3791.66	1655.71
3790.65	1628.18
3789.64	1625.41
3788.63	1647.38
3787.62	1676.75
3786.61	1646.77
3785.6	1690.97
3784.59	1725.26
3783.58	1584.08
3782.56	1628.27
3781.55	1642.79
3780.54	1590.62
3779.53	1647.13
3778.52	1632.01
3777.5	1646.52
3776.49	1582.05
3775.48	1675.53
3774.46	1680.16
3773.45	1689.72
3772.44	1664.74
3771.42	1629.92
3770.41	1604.96
3769.39	1666.29
3768.38	1646.27
3767.36	1648.43
3766.35	1653.06
3765.34	1655.22
3764.32	1625.36
3763.3	1679.23
3762.29	1664.15
3761.27	1676.15
3760.26	1695.53
3759.24	1675.54
3758.23	1714.59
3757.21	1652.78
3756.19	1659.86
3755.18	1701.35
3754.16	1671.54
3753.14	1636.82
3752.12	1663.55
3751.11	1621.48
3750.09	1714.52
3749.07	1716.66
3748.05	1647.6
3747.03	1730.76
3746.02	1681.35
3745	1646.69
3743.98	1658.65
3742.96	1758.93
3741.94	1709.55
3740.92	1709.24
3739.9	1650.08
3738.88	1620.36
3737.86	1669.08
3736.84	1678.57
3735.82	1670.91
3734.8	1641.21
3733.78	1677.65
3732.76	1692.03
3731.74	1694.16
3730.71	1710.99
3729.69	1705.78
3728.67	1671.21
3727.65	1612.19
3726.63	1658.36
3725.61	1719.19
3724.58	1618.63
3723.56	1667.22
3722.54	1703.58
3721.51	1788.8
3720.49	1700.51
3719.47	1683.1
3718.44	1729.19
3717.42	1631.2
3716.4	1630.89
3715.37	1733.12
3714.35	1698.63
3713.32	1681.24
3712.3	1688.24
3711.27	1739.16
3710.25	1641.29
3709.22	1755.58
3708.2	1655.31
3707.17	1689.13
3706.15	1676.63
3705.12	1647.08
3704.09	1707.68
3703.07	1726.85
3702.04	1738.71
3701.01	1716.47
3699.99	1691.81
3698.96	1730.44
3697.93	1671.72
3696.9	1746.83
3695.88	1741.65
3694.85	1687.82
3693.82	1702.1
3692.79	1709.08
3691.76	1742.79
3690.74	1689.01
3689.71	1644.96
3688.68	1676.23
3687.65	1751.22
3686.62	1685.33
3685.59	1762.71
3684.56	1786.66
3683.53	1701.38
3682.5	1708.35
3681.47	1749.28
3680.44	1824.15
3679.41	1644.35
3678.38	1694.96
3677.34	1738.29
3676.31	1645.86
3675.28	1732.8
3674.25	1742.17
3673.22	1787.88
3672.19	1688.24
3671.15	1733.94
3670.12	1706.99
3669.09	1784.14
3668.06	1745.08
3667.02	1710.88
3665.99	1729.92
3664.96	1821.52
3663.92	1789.74
3662.89	1796.67
3661.85	1711.71
3660.82	1783.91
3659.79	1776.33
3658.75	1703.52
3657.72	1809.5
3656.68	1804.33
3655.65	1784.68
3654.61	1871.27
3653.57	1822.64
3652.54	1793.34
3651.5	1817.14
3650.47	1821.63
3649.43	1775.46
3648.39	1804.07
3647.36	1827.85
3646.32	1815.46
3645.28	1836.82
3644.25	1834.07
3643.21	1855.41
3642.17	1770.75
3641.13	1828.23
3640.09	1919.41
3639.06	1733.65
3638.02	1870.55
3636.98	1817.25
3635.94	1905.95
3634.9	1862.29
3633.86	1907.65
3632.82	1897.68
3631.78	1868.47
3630.74	1887.36
3629.7	1865.37
3628.66	1929.92
3627.62	1876.69
3626.58	1919.59
3625.54	1904.82
3624.5	1954.9
3623.46	1959.34
3622.42	1913.36
3621.38	1922.61
3620.33	1960.65
3619.29	1924.3
3618.25	1890.35
3617.21	1997.93
3616.17	1834.5
3615.12	1956.43
3614.08	1891.35
3613.04	1924.55
3611.99	1974.51
3610.95	1957.38
3609.91	1961.8
3608.86	1925.52
3607.82	1896.42
3606.77	1872.13
3605.73	1981.89
3604.69	1945.62
3603.64	1950.05
3602.6	1909.02
3601.55	1901.49
3600.5	1972.87
3599.46	1907.95
3598.41	1864.57
3597.37	1883.34
3596.32	1935.56
3595.27	1899.37
3594.23	1961.12
3593.18	1917.77
3592.13	1869.65
3591.09	1895.57
3590.04	1916.7
3588.99	1882.93
3587.94	1877.81
3586.9	1944.25
3585.85	1886.65
3584.8	1833.83
3583.75	1938.4
3582.7	1871.29
3581.65	1930.53
3580.6	1958.76
3579.56	1894.07
3578.51	1884.19
3577.46	1929.09
3576.41	1862.06
3575.36	1880.76
3574.31	1925.63
3573.26	1870.54
3572.2	1905.88
3571.15	1869.84
3570.1	1788.62
3569.05	1876.28
3568	1911.59
3566.95	1844.68
3565.9	1865.72
3564.84	1929.53
3563.79	1862.65
3562.74	1921.69
3561.69	1914.21
3560.63	1807
3559.58	1839.9
3558.53	1860.92
3557.47	1948.38
3556.42	1907.68
3555.37	1838.52
3554.31	1788.37
3553.26	1856.81
3552.2	1861.21
3551.15	1811.08
3550.09	1898.43
3549.04	1838.84
3547.98	1866.92
3546.93	1890.26
3545.87	1911.23
3544.82	1880.09
3543.76	1884.47
3542.71	1751.57
3541.65	1843.54
3540.59	1873.95
3539.54	1845.21
3538.48	1875.62
3537.42	1898.91
3536.36	1837.09
3535.31	1945.48
3534.25	1912.03
3533.19	1916.4
3532.13	1894.78
3531.07	1910.96
3530.02	1915.33
3528.96	1865.38
3527.9	1973.63
3526.84	1810.4
3525.78	1887.94
3524.72	1904.1
3523.66	1929.69
3522.6	1858.57
3521.54	1846.44
3520.48	1919.18
3519.42	1864.6
3518.36	1847.76
3517.3	1875.69
3516.24	1903.61
3515.17	1846.72
3514.11	1879.35
3513.05	1864.87
3511.99	1805.66
3510.93	1826.51
3509.87	1828.52
3508.8	1912.88
3507.74	1830.19
3506.68	1848.66
3505.61	1888.29
3504.55	1847.97
3503.49	1814.71
3502.42	1875.48
3501.36	1900.98
3500.3	1914.72
3499.23	1881.47
3498.17	1869.38
3497.1	1883.12
3496.04	1903.89
3494.97	1955.17
3493.91	1837.47
3492.84	1886.4
3491.77	1911.85
3490.71	1836.44
3489.64	1878.3
3488.58	1854.51
3487.51	1833.06
3486.44	1783.5
3485.38	1858.15
3484.31	1970.26
3483.24	1787.19
3482.17	1943.76
3481.11	1816.95
3480.04	2010.92
3478.97	1837.34
3477.9	1862.73
3476.83	1888.12
3475.77	1887.77
3474.7	1849.99
3473.63	1882.38
3472.56	1891.38
3471.49	1919.08
3470.42	1862.63
3469.35	1913.68
3468.28	1873.61
3467.21	1845.23
3466.14	1742.13
3465.07	1772.15
3464	1862.86
3462.92	1923.2
3461.85	1782.82
3460.78	1864.15
3459.71	1847.47
3458.64	1821.47
3457.57	1893.41
3456.49	1846.43
3455.42	1904.35
3454.35	1857.39
3453.28	1833.74
3452.2	1859.02
3451.13	1870.32
3450.06	1909.55
3448.98	1813.73
3447.91	1878.57
3446.83	1864.26
3445.76	1880.19
3444.68	1858.9
3443.61	1865.53
3442.53	1786.11
3441.46	1853.2
3440.38	1848.2
3439.31	1829.26
3438.23	1801.03
3437.16	1928.48
3436.08	1874.69
3435	1899.89
3433.93	1822.9
3432.85	1829.52
3431.77	1875.6
3430.7	1817.23
3429.62	1918.98
3428.54	1923.26
3427.46	1862.59
3426.39	1903.99
3425.31	1908.26
3424.23	1896.31
3423.15	1884.37
3422.07	1904.87
3420.99	1855.85
3419.91	1899.52
3418.83	1806.52
3417.75	1889.54
3416.68	1856.77
3415.6	1803.18
3414.51	1812.1
3413.43	1851.1
3412.35	1957.16
3411.27	1892.03
3410.19	1810.74
3409.11	1872.82
3408.03	1870.16
3406.95	1876.74
3405.87	1894.87
3404.78	1855.24
3403.7	1836.41
3402.62	1799.11
3401.54	1856.5
3400.45	1867.69
3399.37	1890.42
3398.29	1938.53
3397.2	1873.56
3396.12	1880.12
3395.04	1849.78
3393.95	1796.4
3392.87	1733.81
3391.78	1821.07
3390.7	1896.79
3389.61	1877.99
3388.53	1868.42
3387.44	1780.54
3386.36	1879.23
3385.27	1865.06
3384.19	1857.81
3383.1	1795.31
3382.01	1905.43
3380.93	1886.66
3379.84	1900.11
3378.75	1927.35
3377.67	1903.99
3376.58	1823.16
3375.49	1880.29
3374.4	1898.32
3373.31	1870.38
3372.23	1833.27
3371.14	1894.94
3370.05	1802.73
3368.96	1788.61
3367.87	1818.11
3366.78	1849.9
3365.69	1904.63
3364.6	1858.38
3363.51	1883.26
3362.42	1869.14
3361.33	1829.81
3360.24	1870.73
3359.15	1824.53
3358.06	1817.31
3356.97	1860.5
3355.88	1908.26
3354.79	1843.77
3353.69	1822.81
3352.6	1879.7
3351.51	1899.95
3350.42	1911.03
3349.33	1887.79
3348.23	1924.03
3347.14	1905.37
3346.05	1847.84
3344.95	1808.62
3343.86	1837.99
3342.77	1814.79
3341.67	1862.43
3340.58	1891.78
3339.48	1854.88
3338.39	1843.1
3337.29	1824.49
3336.2	1906.33
3335.1	1839.77
3334.01	1850.84
3332.91	1820.82
3331.82	1795.38
3330.72	1831.54
3329.62	1851.71
3328.53	1855.92
3327.43	1844.17
3326.33	1850.66
3325.24	1879.93
3324.14	1824.9
3323.04	1810.89
3321.94	1844.7
3320.85	1773.77
3319.75	1859.94
3318.65	1843.65
3317.55	1806.89
3316.45	1836.13
3315.35	1897.2
3314.25	1871.82
3313.16	1885.11
3312.06	1882.48
3310.96	1863.94
3309.86	1770.4
3308.76	1831.42
3307.66	1821.98
3306.55	1771.67
3305.45	1791.77
3304.35	1836.84
3303.25	1886.43
3302.15	1901.96
3301.05	1906.14
3299.95	1826.37
3298.84	1787.46
3297.74	1787.12
3296.64	1807.19
3295.54	1775.11
3294.43	1901.7
3293.33	1801.63
3292.23	1839.8
3291.12	1823.59
3290.02	1888.93
3288.92	1881.78
3287.81	1888.21
3286.71	1865.22
3285.6	1817.33
3284.5	1871.29
3283.39	1857.36
3282.29	1782.37
3281.18	1854.4
3280.08	1858.57
3278.97	1781.35
3277.86	1787.79
3276.76	1825.87
3275.65	1859.41
3274.54	1872.61
3273.44	1865.48
3272.33	1761.25
3271.22	1833.16
3270.12	1850.87
3269.01	1902.42
3267.9	1807.3
3266.79	1834.02
3265.68	1860.74
3264.57	1887.44
3263.47	1785.63
3262.36	1798.81
3261.25	1809.74
3260.14	1811.65
3259.03	1800.04
3257.92	1745.64
3256.81	1806.11
3255.7	1803.51
3254.59	1854.95
3253.48	1778.07
3252.37	1815.98
3251.25	1790.89
3250.14	1797.3
3249.03	1812.7
3247.92	1821.34
3246.81	1800.76
3245.69	1827.39
3244.58	1833.79
3243.47	1804.23
3242.36	1817.36
3241.24	1837.23
3240.13	1780.74
3239.02	1739.99
3237.9	1802.51
3236.79	1804.41
3235.68	1842.21
3234.56	1877.75
3233.45	1843.75
3232.33	1800.79
3231.22	1840.8
3230.1	1829.24
3228.99	1873.72
3227.87	1841.99
3226.75	1783.39
3225.64	1836.81
3224.52	1746.87
3223.41	1786.84
3222.29	1826.8
3221.17	1752.59
3220.05	1844
3218.94	1827.99
3217.82	1778.43
3216.7	1791.51
3215.58	1784.45
3214.47	1878.01
3213.35	1779.3
3212.23	1810.25
3211.11	1814.37
3209.99	1836.37
3208.87	1777.94
3207.75	1860.23
3206.63	1797.36
3205.51	1799.24
3204.39	1812.29
3203.27	1809.71
3202.15	1762.52
3201.03	1751.03
3199.91	1830.98
3198.79	1799.41
3197.67	1750.02
3196.55	1843.3
3195.42	1813.98
3194.3	1749.02
3193.18	1851.15
3192.06	1739.44
3190.93	1752.47
3189.81	1774.39
3188.69	1807.44
3187.56	1800.42
3186.44	1822.33
3185.32	1830.87
3184.19	1801.61
3183.07	1812.38
3181.94	1769.79
3180.82	1702.77
3179.7	1791.34
3178.57	1784.33
3177.44	1744
3176.32	1776.98
3175.19	1772.2
3174.07	1902.86
3172.94	1773.74
3171.82	1784.5
3170.69	1739.77
3169.56	1792.69
3168.43	1703.61
3167.31	1765.39
3166.18	1776.14
3165.05	1760.28
3163.92	1799.84
3162.8	1812.79
3161.67	1774.77
3160.54	1816.52
3159.41	1889.26
3158.28	1813.61
3157.15	1726.92
3156.02	1742.08
3154.89	1757.24
3153.76	1781.24
3152.63	1811.87
3151.5	1818.16
3150.37	1764.73
3149.24	1766.61
3148.11	1790.58
3146.98	1746.04
3145.85	1712.56
3144.72	1710.02
3143.59	1802.46
3142.45	1819.78
3141.32	1775.27
3140.19	1852.2
3139.06	1787.83
3137.92	1802.94
3136.79	1795.97
3135.66	1738.27
3134.52	1755.58
3133.39	1786.12
3132.26	1726.25
3131.12	1789.84
3129.99	1699.14
3128.85	1780.34
3127.72	1773.39
3126.58	1687.15
3125.45	1827.76
3124.31	1717.32
3123.18	1774.22
3122.04	1773.88
3120.9	1705.33
3119.77	1784.2
3118.63	1746.46
3117.49	1765.92
3116.36	1813.95
3115.22	1714.68
3114.08	1811.05
3112.95	1746.98
3111.81	1755.43
3110.67	1805.62
3109.53	1767.93
3108.39	1750.03
3107.25	1723.34
3106.11	1747.16
3104.98	1720.49
3103.84	1812.31
3102.7	1807.57
3101.56	1829.15
3100.42	1736.7
3099.28	1753.91
3098.14	1790.83
3096.99	1705.02
3095.85	1755.09
3094.71	1781.04
3093.57	1765.36
3092.43	1751.88
3091.29	1699
3090.15	1709.61
3089	1733.36
3087.86	1724.27
3086.72	1706.44
3085.57	1717.04
3084.43	1760.45
3083.29	1727.31
3082.14	1731.35
3081	1744.13
3079.86	1706.65
3078.71	1767.49
3077.57	1823.94
3076.42	1744.97
3075.28	1762.1
3074.13	1726.83
3072.99	1772.34
3071.84	1804.73
3070.7	1743.29
3069.55	1738.59
3068.4	1729.53
3067.26	1711.75
3066.11	1720.14
3064.96	1776.48
3063.82	1706.4
3062.67	1734.39
3061.52	1720.99
3060.37	1731.55
3059.23	1739.92
3058.08	1774.42
3056.93	1830.67
3055.78	1760.68
3054.63	1799.5
3053.48	1694.73
3052.33	1716.15
3051.18	1754.97
3050.03	1685.05
3048.88	1719.51
3047.73	1732.21
3046.58	1707.98
3045.43	1768.48
3044.28	1726.86
3043.13	1759.11
3041.98	1734.88
3040.83	1741.06
3039.68	1690.8
3038.52	1768.6
3037.37	1774.76
3036.22	1735.37
3035.07	1741.54
3033.91	1860.47
3032.76	1717.02
3031.61	1801.22
3030.45	1738.03
3029.3	1707.36
3028.14	1724.36
3026.99	1728.35
3025.84	1732.35
3024.68	1723.36
3023.53	1794.45
3022.37	1727.02
3021.22	1750.48
3020.06	1823.7
3018.9	1682.75
3017.75	1751.63
3016.59	1723.18
3015.44	1755.27
3014.28	1759.25
3013.12	1739.47
3011.96	1795.3
3010.81	1734.47
3009.65	1794.6
3008.49	1638.8
3007.33	1765.84
3006.18	1830.25
3005.02	1788.89
3003.86	1741.08
3002.7	1695.45
3001.54	1701.59
3000.38	1774.57
2999.22	1791.47
2998.06	1769.57
2996.9	1728.28
2995.74	1755.96
2994.58	1716.84
2993.42	1798.35
2992.26	1800.15
2991.1	1696.46
2989.94	1678.92
2988.77	1738.85
2987.61	1785.84
2986.45	1716.66
2985.29	1744.29
2984.12	1743.95
2982.96	1711.36
2981.8	1745.42
2980.64	1699.95
2979.47	1654.5
2978.31	1783.07
2977.14	1703.25
2975.98	1756.61
2974.82	1745.53
2973.65	1659.33
2972.49	1798.51
2971.32	1677.99
2970.16	1804.24
2968.99	1703.08
2967.82	1679.16
2966.66	1792.47
2965.49	1740.67
2964.33	1678.18
2963.16	1712.14
2961.99	1718.23
2960.83	1700.76
2959.66	1764.68
2958.49	1738.64
2957.32	1772.56
2956.15	1697.3
2954.99	1707.67
2953.82	1842.13
2952.65	1773.32
2951.48	1717.36
2950.31	1729.86
2949.14	1787.24
2947.97	1694.99
2946.8	1750.22
2945.63	1766.97
2944.46	1723.9
2943.29	1710.75
2942.12	1731.77
2940.95	1772
2939.78	1675.6
2938.61	1724.36
2937.44	1783.77
2936.26	1781.28
2935.09	1689.22
2933.92	1733.68
2932.75	1694.96
2931.57	1673.31
2930.4	1698.56
2929.23	1728.06
2928.05	1706.42
2926.88	1712.48
2925.71	1771.77
2924.53	1743.75
2923.36	1707.22
2922.18	1691.99
2921.01	1715.06
2919.83	1710.47
2918.66	1788.84
2917.48	1745.96
2916.31	1647.81
2915.13	1747.4
2913.95	1672.67
2912.78	1663.85
2911.6	1740.01
2910.42	1695.06
2909.25	1792.42
2908.07	1724.12
2906.89	1723.79
2905.71	1770.15
2904.54	1708.26
2903.36	1714.29
2902.18	1713.96
2901	1664.84
2899.82	1723.89
2898.64	1727.79
2897.46	1716.86
2896.28	1708.04
2895.1	1726.78
2893.92	1705.26
2892.74	1779.05
2891.56	1683.42
2890.38	1710.61
2889.2	1722.97
2888.02	1716.29
2886.84	1766.73
2885.65	1736.77
2884.47	1687.79
2883.29	1712.83
2882.11	1695.58
2880.92	1767.12
2879.74	1779.45
2878.56	1730.51
2877.38	1639.33
2876.19	1677.03
2875.01	1735.83
2873.82	1731.26
2872.64	1733.04
2871.45	1717.92
2870.27	1662.72
2869.08	1732.02
2867.9	1645.2
2866.71	1697.6
2865.53	1718.35
2864.34	1663.2
2863.16	1673.42
2861.97	1687.84
2860.78	1721.22
2859.6	1691.39
2858.41	1695.27
2857.22	1671.78
2856.03	1736.71
2854.85	1647.97
2853.66	1651.86
2852.47	1750.41
2851.28	1689.07
2850.09	1739.21
2848.9	1696.82
2847.71	1728.02
2846.52	1664.63
2845.34	1685.31
2844.15	1695.49
2842.96	1701.46
2841.76	1738.92
2840.57	1677.69
2839.38	1643.77
2838.19	1714.81
2837	1691.39
2835.81	1697.36
2834.62	1699.12
2833.43	1665.23
2832.23	1727.81
2831.04	1679.25
2829.85	1718.75
2828.65	1653.44
2827.46	1686.64
2826.27	1721.92
2825.07	1656.66
2823.88	1679.37
2822.69	1645.54
2821.49	1718.48
2820.3	1705.58
2819.1	1665.49
2817.91	1736.29
2816.71	1664.84
2815.52	1697.97
2814.32	1674.64
2813.13	1711.93
2811.93	1625.91
2810.73	1661.11
2809.54	1652.43
2808.34	1735.65
2807.14	1760.37
2805.94	1720.35
2804.75	1694.97
2803.55	1613.24
2802.35	1744.38
2801.15	1677.28
2799.95	1727
2798.75	1693.3
2797.56	1647.1
2796.36	1634.27
2795.16	1669.37
2793.96	1664.88
2792.76	1620.8
2791.56	1639.23
2790.36	1730.53
2789.16	1634.42
2787.95	1669.48
2786.75	1744.08
2785.55	1627.21
2784.35	1728.83
2783.15	1607.85
2781.95	1659.52
2780.74	1584.34
2779.54	1690.05
2778.34	1646.07
2777.13	1722.63
2775.93	1657.89
2774.73	1657.56
2773.52	1717.46
2772.32	1640.3
2771.12	1639.97
2769.91	1604.36
2768.71	1633.1
2767.5	1665.97
2766.3	1707.13
2765.09	1669.46
2763.89	1646.33
2762.68	1643.93
2761.47	1624.95
2760.27	1576.97
2759.06	1597.37
2757.85	1675.77
2756.65	1629.88
2755.44	1656.48
2754.23	1697.55
2753.02	1678.59
2751.81	1672.05
2750.61	1603.44
2749.4	1592.78
2748.19	1735.17
2746.98	1567.34
2745.77	1660.06
2744.56	1637
2743.35	1663.54
2742.14	1681.81
2740.93	1656.69
2739.72	1635.7
2738.51	1612.67
2737.3	1624.74
2736.09	1669.82
2734.88	1622.03
2733.66	1570.13
2732.45	1637.89
2731.24	1596.32
2730.03	1668.17
2728.82	1682.28
2727.6	1620.11
2726.39	1636.27
2725.18	1609.16
2723.96	1559.41
2722.75	1657.96
2721.53	1721.46
2720.32	1661.42
2719.11	1714.61
2717.89	1613.43
2716.68	1598.71
2715.46	1604.56
2714.25	1620.7
2713.03	1626.54
2711.81	1618
2710.6	1685.51
2709.38	1609.14
2708.16	1654.02
2706.95	1581.79
2705.73	1647.21
2704.51	1667.41
2703.29	1638.34
2702.08	1594.91
2700.86	1555.6
2699.64	1549.14
2698.42	1682.17
2697.2	1614.16
2695.98	1640.49
2694.76	1652.47
2693.54	1664.44
2692.32	1627.22
2691.1	1631
2689.88	1608.14
2688.66	1636.5
2687.44	1627.98
2686.22	1556
2685	1596.63
2683.78	1667.94
2682.56	1626.69
2681.33	1610
2680.11	1609.68
2678.89	1635.94
2677.67	1594.73
2676.44	1596.46
2675.22	1569.57
2674	1638.73
2672.77	1579.16
2671.55	1644.21
2670.33	1611.21
2669.1	1602.72
2667.88	1577.91
2666.65	1634.74
2665.43	1597.69
2664.2	1636.13
2662.97	1613.37
2661.75	1564.11
2660.52	1596.42
2659.3	1583.87
2658.07	1540.76
2656.84	1638.26
2655.62	1601.26
2654.39	1609.09
2653.16	1610.81
2651.93	1541.26
2650.7	1551.13
2649.48	1577.28
2648.25	1638.01
2647.02	1613.27
2645.79	1602.78
2644.56	1576.03
2643.33	1569.61
2642.1	1595.73
2640.87	1577.12
2639.64	1576.8
2638.41	1649.63
2637.18	1582.27
2635.95	1594.14
2634.72	1650.67
2633.48	1615.83
2632.25	1556.66
2631.02	1623.31
2629.79	1562.12
2628.56	1622.66
2627.32	1583.81
2626.09	1638.24
2624.86	1498.04
2623.62	1578.81
2622.39	1600.78
2621.16	1598.44
2619.92	1565.71
2618.69	1551.22
2617.45	1575.21
2616.22	1576.92
2614.98	1582.68
2613.75	1604.62
2612.51	1517.31
2611.27	1626.23
2610.04	1607.71
2608.8	1609.41
2607.57	1611.11
2606.33	1505.69
2605.09	1511.45
2603.85	1577.82
2602.62	1615.88
2601.38	1609.5
2600.14	1550.63
2598.9	1546.28
2597.66	1562.12
2596.42	1517.41
2595.18	1595.79
2593.94	1611.61
2592.71	1589.1
2591.47	1580.72
2590.23	1582.42
2588.98	1523.66
2587.74	1551.56
2586.5	1597.59
2585.26	1579.14
2584.02	1520.43
2582.78	1520.12
2581.54	1501.7
2580.29	1555.74
2579.05	1569.52
2577.81	1569.2
2576.57	1601.07
2575.32	1570.59
2574.08	1578.32
2572.84	1449.35
2571.59	1557.59
2570.35	1559.29
2569.1	1560.98
2567.86	1520.5
2566.61	1556.34
2565.37	1511.86
2564.12	1571.78
2562.88	1563.44
2561.63	1543.06
2560.39	1506.64
2559.14	1514.36
2557.89	1516.06
2556.65	1521.77
2555.4	1477.37
2554.15	1535.19
2552.9	1528.87
2551.66	1578.65
2550.41	1488.2
2549.16	1527.96
2547.91	1511.63
2546.66	1501.32
2545.41	1517.03
2544.16	1444.69
2542.91	1474.41
2541.66	1578.12
2540.41	1553.81
2539.16	1561.5
2537.91	1529.2
2536.66	1572.86
2535.41	1548.57
2534.16	1554.25
2532.91	1535.97
2531.66	1559.62
2530.4	1481.44
2529.15	1471.16
2527.9	1566.67
2526.65	1582.31
2525.39	1576.01
2524.14	1559.74
2522.89	1509.57
2521.63	1509.27
2520.38	1508.97
2519.12	1472.79
2517.87	1522.31
2516.61	1563.84
2515.36	1475.89
2514.1	1465.63
2512.85	1523.08
2511.59	1512.82
2510.33	1504.56
2509.08	1534.1
2507.82	1517.88
2506.56	1471.83
2505.31	1541.13
2504.05	1457.32
2502.79	1474.91
2501.53	1544.18
2500.28	1527.97
2499.02	1454.16
2497.76	1553.18
2496.5	1521.09
2495.24	1491.01
2493.98	1482.77
2492.72	1482.47
2491.46	1482.17
2490.2	1473.94
2488.94	1453.81
2487.68	1574.48
2486.42	1477.01
2485.16	1486.63
2483.9	1462.55
2482.63	1478.1
2481.37	1475.82
2480.11	1501.28
2478.85	1475.23
2477.59	1494.73
2476.32	1508.29
2475.06	1478.3
2473.8	1517.57
2472.53	1495.51
2471.27	1463.56
2470	1500.84
2468.74	1504.49
2467.47	1427.1
2466.21	1426.81
2464.94	1477.89
2463.68	1467.72
2462.41	1475.32
2461.15	1508.6
2459.88	1460.91
2458.61	1454.69
2457.35	1497.82
2456.08	1517.24
2454.81	1493.27
2453.54	1500.86
2452.28	1457.17
2451.01	1445.05
2449.74	1507.83
2448.47	1426.73
2447.2	1465.85
2445.93	1465.55
2444.66	1423.9
2443.39	1431.49
2442.12	1470.57
2440.85	1438.78
2439.58	1523.11
2438.31	1373.28
2437.04	1414.31
2435.77	1476.96
2434.5	1401.94
2433.23	1448.84
2431.96	1424.96
2430.68	1456.11
2429.41	1485.29
2428.14	1416.24
2426.87	1441.48
2425.59	1454.94
2424.32	1450.72
2423.04	1434.72
2421.77	1371.64
2420.5	1455.72
2419.22	1437.78
2417.95	1366.89
2416.67	1409.75
2415.4	1407.5
2414.12	1487.57
2412.85	1420.65
2411.57	1394.89
2410.29	1447.5
2409.02	1419.79
2407.74	1464.53
2406.46	1397.68
2405.18	1438.5
2403.91	1375.59
2402.63	1455.52
2401.35	1441.54
2400.07	1413.87
2398.79	1433.13
2397.52	1389.84
2396.24	1434.51
2394.96	1457.66
2393.68	1431.97
2392.4	1404.34
2391.12	1447.02
2389.84	1388.15
2388.56	1464
2387.27	1422.72
2385.99	1416.58
2384.71	1437.75
2383.43	1472.56
2382.15	1409.87
2380.87	1390.08
2379.58	1354.72
2378.3	1432.39
2377.02	1432.1
2375.73	1396.75
2374.45	1384.78
2373.17	1384.5
2371.88	1392.01
2370.6	1403.4
2369.31	1405.06
2368.03	1414.51
2366.74	1373.37
2365.46	1394.49
2364.17	1341.7
2362.89	1372.53
2361.6	1420.85
2360.31	1350.6
2359.03	1352.27
2357.74	1365.59
2356.45	1425.52
2355.17	1347.56
2353.88	1421.06
2352.59	1378.07
2351.3	1397.2
2350.01	1361.99
2348.72	1384.99
2347.43	1402.17
2346.15	1320.44
2344.86	1368.64
2343.57	1347.04
2342.28	1360.33
2340.99	1414.3
2339.69	1404.33
2338.4	1373.06
2337.11	1413.44
2335.82	1337.66
2334.53	1333.52
2333.24	1408.71
2331.95	1331.04
2330.65	1382.99
2329.36	1402.05
2328.07	1388.23
2326.77	1393.75
2325.48	1430.19
2324.19	1371.93
2322.89	1398.69
2321.6	1398.41
2320.3	1351.78
2319.01	1349.57
2317.71	1368.6
2316.42	1410.78
2315.12	1335.24
2313.83	1360.05
2312.53	1332.77
2311.23	1315.14
2309.94	1332.23
2308.64	1339.67
2307.34	1262.31
2306.05	1300.59
2304.75	1346.55
2303.45	1373.24
2302.15	1322.9
2300.85	1343.81
2299.55	1366.63
2298.25	1316.32
2296.96	1310.28
2295.66	1360.02
2294.36	1315.51
2293.06	1332.55
2291.76	1378.42
2290.45	1351.23
2289.15	1277.93
2287.85	1279.59
2286.55	1384.98
2285.25	1350.13
2283.95	1292.25
2282.65	1345.74
2281.34	1337.78
2280.04	1272.27
2278.74	1329.56
2277.43	1321.62
2276.13	1267.65
2274.83	1321.08
2273.52	1309.31
2272.22	1272.63
2270.91	1333.69
2269.61	1281.69
2268.3	1319.73
2267	1273.5
2265.69	1347.91
2264.39	1301.7
2263.08	1303.35
2261.77	1360.48
2260.47	1272.2
2259.16	1352.28
2257.85	1285.07
2256.54	1309.66
2255.24	1332.33
2253.93	1274.73
2252.62	1303.13
2251.31	1346.8
2250	1287.32
2248.69	1311.88
2247.38	1303.97
2246.07	1305.61
2244.76	1295.81
2243.45	1335.61
2242.14	1283.83
2240.83	1295.01
2239.52	1268.05
2238.21	1254.45
2236.9	1258
2235.59	1272.99
2234.27	1272.73
2232.96	1253.42
2231.65	1308.39
2230.34	1313.84
2229.02	1250.75
2227.71	1280.94
2226.4	1303.52
2225.08	1265.2
2223.77	1280.16
2222.45	1325.54
2221.14	1306.25
2219.82	1309.79
2218.51	1290.51
2217.19	1269.35
2215.88	1345.08
2214.56	1238.43
2213.24	1348.33
2211.93	1272.1
2210.61	1258.55
2209.29	1292.46
2207.97	1267.53
2206.66	1225.53
2205.34	1310.63
2204.02	1276.23
2202.7	1310.09
2201.38	1279.5
2200.06	1248.91
2198.74	1265.71
2197.42	1240.82
2196.1	1240.57
2194.78	1289.55
2193.46	1213.55
2192.14	1236.02
2190.82	1262.26
2189.5	1243.08
2188.18	1267.42
2186.86	1227.44
2185.54	1229.08
2184.21	1251.51
2182.89	1217.23
2181.57	1254.78
2180.24	1243.18
2178.92	1224.04
2177.6	1235.12
2176.27	1291.51
2174.95	1296.91
2173.62	1190.95
2172.3	1228.44
2170.97	1243.28
2169.65	1171.35
2168.32	1244.66
2167	1278.34
2165.67	1206.45
2164.34	1230.7
2163.02	1241.75
2161.69	1277.29
2160.36	1207.34
2159.04	1242.87
2157.71	1188.01
2156.38	1244.24
2155.05	1225.16
2153.72	1255.02
2152.39	1264.16
2151.06	1228.17
2149.74	1210.99
2148.41	1237.06
2147.08	1219.89
2145.75	1219.64
2144.41	1260.73
2143.08	1243.56
2141.75	1222.64
2140.42	1214.88
2139.09	1218.39
2137.76	1199.37
2136.43	1225.39
2135.09	1185.74
2133.76	1260.53
2132.43	1198.38
2131.09	1211.26
2129.76	1265.37
2128.43	1147.03
2127.09	1197.39
2125.76	1204.64
2124.42	1234.36
2123.09	1170.43
2121.75	1260.06
2120.42	1166.21
2119.08	1169.71
2117.75	1133.92
2116.41	1204.77
2115.07	1215.75
2113.74	1204.27
2112.4	1132.98
2111.06	1153.31
2109.72	1158.68
2108.38	1158.44
2107.05	1204.9
2105.71	1174.77
2104.37	1168.93
2103.03	1159.35
2101.69	1159.11
2100.35	1192.46
2099.01	1166.09
2097.67	1171.45
2096.33	1135.77
2094.99	1172.83
2093.65	1144.63
2092.31	1192.85
2090.97	1194.47
2089.62	1177.45
2088.28	1154.86
2086.94	1121.1
2085.6	1167.41
2084.25	1146.69
2082.91	1133.43
2081.57	1172.27
2080.22	1110.64
2078.88	1162.49
2077.53	1154.81
2076.19	1201.05
2074.84	1182.21
2073.5	1176.39
2072.15	1096.25
2070.81	1107.17
2069.46	1134.8
2068.12	1134.57
2066.77	1152.9
2065.42	1119.25
2064.08	1113.45
2062.73	1152.18
2061.38	1112.99
2060.03	1144.29
2058.68	1125.51
2057.34	1169.77
2055.99	1106.51
2054.64	1132.22
2053.29	1126.43
2051.94	1131.75
2050.59	1103.74
2049.24	1149.8
2047.89	1105.13
2046.54	1167.83
2045.19	1080.62
2043.83	1130.35
2042.48	1150.46
2041.13	1133.58
2039.78	1137.04
2038.43	1118.32
2037.07	1134.72
2035.72	1149.27
2034.37	1156.42
2033.01	1148.79
2031.66	1141.16
2030.31	1183.39
2028.95	1081.63
2027.6	1142.3
2026.24	1147.6
2024.89	1079.11
2023.53	1112.08
2022.17	1119.23
2020.82	1065.53
2019.46	1104.02
2018.11	1083.52
2016.75	1109.09
2015.39	1114.38
2014.03	1117.83
2012.68	1113.92
2011.32	1143.14
2009.96	1089.53
2008.6	1140.82
2007.24	1089.08
2005.88	1125.64
2004.52	1092.3
2003.16	1108.62
2001.8	1055.09
2000.44	1073.24
1999.08	1102.42
1997.72	1081.98
1996.36	1109.31
1995	1048.48
1993.64	1026.23
1992.27	1090.26
1990.91	1088.2
1989.55	1075.13
1988.19	1091.42
1986.82	1093.02
1985.46	1111.13
1984.1	1087.07
1982.73	1112.5
1981.37	1088.45
1980	1090.05
1978.64	1093.49
1977.27	1047.48
1975.91	1036.28
1974.54	1078.16
1973.18	1105.39
1971.81	1128.95
1970.44	1136.03
1969.08	1038.86
1967.71	1111.78
1966.34	1100.58
1964.97	1158.84
1963.61	1122.05
1962.24	1072.49
1960.87	1059.48
1959.5	1075.7
1958.13	1037.13
1956.76	1075.25
1955.39	1082.32
1954.02	1091.22
1952.65	1070.93
1951.28	1074.35
1949.91	1068.66
1948.54	1052.02
1947.17	1039.04
1945.8	1082.57
1944.42	1080.52
1943.05	1094.87
1941.68	1076.43
1940.31	1083.49
1938.93	1130.59
1937.56	1028.43
1936.19	1117.38
1934.81	1037.09
1933.44	1082.35
1932.06	1051.21
1930.69	1038.26
1929.31	1063.5
1927.94	1034.19
1926.56	1043.06
1925.18	1077.37
1923.81	1062.61
1922.43	1056.94
1921.05	1082.14
1919.68	987.517
1918.3	1000.01
1916.92	1028.84
1915.54	997.783
1914.17	1022.97
1912.79	1026.38
1911.41	1044.3
1910.03	1024.14
1908.65	1029.36
1907.27	1012.84
1905.89	1014.44
1904.51	1030.53
1903.13	1026.69
1901.75	1044.58
1900.37	1028.07
1898.99	1045.95
1897.6	1013.17
1896.22	1069.03
1894.84	1034.44
1893.46	1003.49
1892.07	1024.97
1890.69	992.225
1889.31	961.299
1887.92	1058.65
1886.54	1074.69
1885.15	969.725
1883.77	982.16
1882.38	1025.28
1881	1010.62
1879.61	1017.63
1878.23	1015.61
1876.84	981.131
1875.46	1053.05
1874.07	1023.99
1872.68	1009.35
1871.29	955.08
1869.91	962.087
1868.52	1015.92
1867.13	1001.3
1865.74	1029.9
1864.35	1038.69
1862.96	1033.07
1861.57	989.667
1860.19	996.656
1858.8	1068.39
1857.4	1055.58
1856.01	1039.18
1854.62	956.275
1853.23	972.248
1851.84	970.247
1850.45	959.265
1849.06	975.228
1847.67	985.797
1846.27	1017.9
1844.88	999.742
1843.49	994.149
1842.09	974.204
1840.7	999.112
1839.31	1009.66
1837.91	957.454
1836.52	973.386
1835.12	976.766
1833.73	972.977
1832.33	994.27
1830.93	1003.02
1829.54	961.619
1828.14	1022.29
1826.75	954.055
1825.35	968.172
1823.95	994.806
1822.55	940.932
1821.16	1005.12
1819.76	976.298
1818.36	954.64
1816.96	959.801
1815.56	956.025
1814.16	961.184
1812.76	941.333
1811.36	973.28
1809.96	978.432
1808.56	962.16
1807.16	929.833
1805.76	911.794
1804.36	938.361
1802.96	950.649
1801.56	978.98
1800.15	968.077
1798.75	909.052
1797.35	981.925
1795.94	928.268
1794.54	983.293
1793.14	943.905
1791.73	940.145
1790.33	943.507
1788.92	948.648
1787.52	969.801
1786.11	950.027
1784.71	955.163
1783.3	940.735
1781.9	924.535
1780.49	959.892
1779.08	950.803
1777.68	941.719
1776.27	957.508
1774.86	902.248
1773.45	894.954
1772.05	942.699
1770.64	972.675
1769.23	931.654
1767.82	979.361
1766.41	897.558
1765	900.916
1763.59	877.675
1762.18	976.762
1760.77	934.02
1759.36	889.523
1757.95	926.539
1756.54	929.885
1755.12	936.772
1753.71	902.936
1752.3	893.895
1750.89	952.106
1749.47	902.364
1748.06	914.556
1746.65	903.751
1745.23	915.937
1743.82	890.994
1742.4	933.225
1740.99	908.288
1739.58	945.197
1738.16	900.839
1736.74	921.84
1735.33	923.411
1733.91	923.215
1732.5	924.785
1731.08	910.473
1729.66	919.101
1728.24	888.923
1726.83	922.239
1725.41	941.437
1723.99	923.611
1722.57	898.744
1721.15	889.745
1719.73	935.355
1718.31	914.024
1716.89	862.769
1715.47	920.678
1714.05	925.763
1712.63	899.173
1711.21	895.464
1709.79	865.373
1708.37	947.84
1706.95	873.797
1705.52	873.612
1704.1	883.971
1702.68	920.681
1701.26	873.057
1699.83	904.485
1698.41	900.781
1696.98	876.012
1695.56	935.502
1694.14	944.078
1692.71	929.842
1691.28	898.072
1689.86	936.463
1688.43	878.405
1687.01	881.724
1685.58	888.548
1684.15	895.368
1682.73	867.149
1681.3	907.248
1679.87	936.824
1678.44	845.588
1677.02	894.418
1675.59	895.978
1674.16	846.799
1672.73	869.359
1671.3	877.919
1669.87	837.518
1668.44	875.798
1667.01	891.341
1665.58	894.647
1664.15	850.782
1662.72	876.8
1661.28	867.883
1659.85	911.345
1658.42	883.223
1656.99	883.036
1655.55	882.848
1654.12	926.27
1652.69	831.896
1651.25	821.257
1649.82	911.733
1648.39	845.309
1646.95	873.009
1645.52	879.792
1644.08	883.089
1642.64	842.848
1641.21	861.82
1639.77	879.044
1638.34	847.531
1636.9	899.549
1635.46	869.785
1634.02	853.947
1632.59	810.294
1631.15	851.845
1629.71	856.878
1628.27	860.17
1626.83	849.563
1625.39	832.012
1623.95	873.514
1622.51	849.02
1621.07	841.896
1619.63	836.51
1618.19	820.716
1616.75	825.745
1615.31	846.382
1613.87	905.158
1612.43	814.815
1610.98	849.307
1609.54	847.393
1608.1	828.154
1606.66	843.567
1605.21	827.801
1603.77	839.745
1602.32	813.599
1600.88	851.501
1599.43	856.51
1597.99	861.517
1596.54	812.905
1595.1	802.356
1593.65	847.135
1592.21	796.828
1590.76	869.239
1589.31	808.582
1587.86	829.138
1586.42	832.415
1584.97	811.518
1583.52	832.06
1582.07	788.734
1580.62	776.487
1579.17	802.199
1577.72	805.477
1576.28	815.651
1574.83	818.925
1573.37	835.987
1571.92	849.595
1570.47	814.954
1569.02	813.057
1567.57	809.439
1566.12	819.597
1564.67	783.271
1563.21	817.525
1561.76	834.558
1560.31	812.015
1558.85	808.401
1557.4	799.63
1555.95	813.213
1554.49	809.601
1553.04	775.057
1551.58	774.891
1550.13	797.057
1548.67	772.842
1547.21	779.545
1545.76	801.695
1544.3	784.36
1542.84	758.453
1541.39	794.318
1539.93	789.002
1538.47	841.993
1537.01	793.807
1535.56	774.782
1534.1	755.765
1532.64	777.877
1531.18	787.988
1529.72	796.382
1528.26	753.405
1526.8	772.074
1525.34	783.889
1523.88	790.566
1522.42	756.18
1520.95	805.621
1519.49	762.696
1518.03	748.855
1516.57	784.591
1515.1	777.586
1513.64	751.79
1512.18	792.627
1510.71	797.58
1509.25	725.694
1507.79	759.681
1506.32	781.706
1504.86	793.483
1503.39	738.719
1501.92	764.146
1500.46	736.697
1498.99	767.227
1497.53	734.676
1496.06	761.785
1494.59	788.883
1493.12	776.789
1491.66	785.138
1490.19	767.942
1488.72	793.312
1487.25	784.632
1485.78	779.358
1484.31	774.087
1482.84	748.407
1481.37	755.048
1479.9	741.284
1478.43	747.924
1476.96	739.266
1475.49	713.62
1474.02	720.262
1472.54	737.09
1471.07	735.234
1469.6	748.657
1468.13	738.312
1466.65	765.303
1465.18	670.133
1463.71	737.835
1462.23	744.46
1460.76	735.822
1459.28	766.175
1457.81	723.642
1456.33	743.819
1454.86	748.74
1453.38	689.302
1451.9	726.406
1450.43	724.556
1448.95	688.857
1447.47	729.32
1445.99	707.17
1444.52	734.08
1443.04	774.508
1441.56	740.527
1440.08	704.87
1438.6	713.168
1437.12	711.325
1435.64	743.267
1434.16	727.907
1432.68	699.045
1431.2	692.141
1429.72	730.811
1428.24	730.654
1426.75	696.755
1425.27	694.918
1423.79	743.671
1422.31	699.676
1420.82	723.123
1419.34	756.672
1417.86	658.786
1416.37	729.393
1414.89	729.235
1413.4	688.667
1411.92	703.669
1410.43	711.932
1408.95	696.634
1407.46	686.39
1405.97	709.789
1404.49	679.367
1403	711.164
1401.51	741.266
1400.03	662.121
1398.54	703.982
1397.05	641.678
1395.56	695.281
1394.07	680.019
1392.58	669.799
1391.09	691.473
1389.6	657.764
1388.11	712.983
1386.62	722.892
1385.13	700.936
1383.64	690.725
1382.15	702.309
1380.66	698.805
1379.17	660.119
1377.67	693.478
1376.18	695.002
1374.69	671.411
1373.19	689.679
1371.7	679.488
1370.21	682.688
1368.71	709.306
1367.22	663.994
1365.72	677.228
1364.23	682.096
1362.73	728.749
1361.23	683.472
1359.74	681.653
1358.24	654.78
1356.74	678.018
1355.25	657.835
1353.75	679.393
1352.25	747.671
1350.75	669.087
1349.25	670.61
1347.76	665.461
1346.26	681.992
1344.76	683.511
1343.26	655.028
1341.76	689.88
1340.26	643.082
1338.75	672.924
1337.25	677.774
1335.75	644.328
1334.25	677.48
1332.75	607.436
1331.25	660.547
1329.74	692.01
1328.24	663.586
1326.74	683.396
1325.23	706.521
1323.73	646.534
1322.22	629.777
1320.72	679.479
1319.21	679.332
1317.71	645.972
1316.2	665.755
1314.7	683.869
1313.19	632.275
1311.68	608.909
1310.18	670.152
1308.67	648.447
1307.16	631.725
1305.65	626.615
1304.14	661.283
1302.63	674.395
1301.13	660.995
1299.62	647.601
1298.11	654.084
1296.6	650.631
1295.09	638.903
1293.58	652.002
1292.06	622.08
1290.55	655.027
1289.04	644.962
1287.53	638.208
1286.02	677.741
1284.5	669.331
1282.99	642.748
1281.48	606.265
1279.96	644.12
1278.45	653.887
1276.94	617.425
1275.42	633.796
1273.91	627.057
1272.39	625.27
1270.87	602.042
1269.36	623.349
1267.84	685.864
1266.33	647.802
1264.81	664.141
1263.29	693.654
1261.77	604.55
1260.26	652.178
1258.74	615.812
1257.22	628.847
1255.7	607.314
1254.18	605.536
1252.66	638.306
1251.14	639.812
1249.62	626.517
1248.1	601.72
1246.58	652.542
1245.06	608.03
1243.54	596.397
1242.01	642.26
1240.49	615.843
1238.97	640.337
1237.45	628.707
1235.92	610.516
1234.4	633.354
1232.88	584.002
1231.35	590.435
1229.83	606.704
1228.3	650.834
1226.78	583.492
1225.25	609.583
1223.72	620.918
1222.2	601.127
1220.67	600.996
1219.14	607.413
1217.62	600.733
1216.09	597.328
1214.56	579.2
1213.03	577.437
1211.5	654.177
1209.98	627.872
1208.45	613.023
1206.92	567.126
1205.39	616.022
1203.86	560.343
1202.33	589.62
1200.79	599.288
1199.26	574.669
1197.73	615.348
1196.2	639.692
1194.67	577.554
1193.13	613.313
1191.6	601.763
1190.07	596.74
1188.53	575.418
1187	616.035
1185.47	627.306
1183.93	628.797
1182.4	612.373
1180.86	547.107
1179.33	556.755
1177.79	595.695
1176.25	525.593
1174.72	562.896
1173.18	580.664
1171.64	587.041
1170.1	578.784
1168.57	568.904
1167.03	576.905
1165.49	555.657
1163.95	552.286
1162.41	586.269
1160.87	586.14
1159.33	566.532
1157.79	597.244
1156.25	576.019
1154.71	564.537
1153.17	548.194
1151.63	570.775
1150.08	622.527
1148.54	581.87
1147	570.399
1145.46	557.313
1143.91	563.67
1142.37	536.016
1140.82	556.946
1139.28	597.29
1137.73	537.281
1136.19	593.792
1134.64	537.045
1133.1	572.506
1131.55	554.595
1130.01	523.758
1128.46	557.583
1126.91	589.777
1125.36	609.033
1123.82	555.6
1122.27	560.322
1120.72	595.716
1119.17	561.69
1117.62	547.043
1116.07	564.669
1114.52	575.836
1112.97	582.16
1111.42	577.195
1109.87	541.605
1108.32	544.709
1106.77	526.866
1105.22	546.08
1103.66	542.739
1102.11	552.28
1100.56	534.451
1099	521.458
1097.45	559.961
1095.9	535.706
1094.34	537.197
1092.79	537.078
1091.23	553.036
1089.68	588.275
1088.12	567.255
1086.56	567.13
1085.01	549.336
1083.45	537.974
1081.89	581.205
1080.34	568.235
1078.78	532.804
1077.22	537.499
1075.66	542.193
1074.1	532.451
1072.54	564.402
1070.98	546.643
1069.43	520.88
1067.86	556.016
1066.3	555.894
1064.74	530.144
1063.18	557.249
1061.62	547.521
1060.06	584.213
1058.5	526.476
1056.93	558.357
1055.37	543.838
1053.81	546.916
1052.24	540.4
1050.68	524.296
1049.12	543.357
1047.55	587.975
1045.99	531.935
1044.42	535.012
1042.85	525.313
1041.29	539.564
1039.72	549.021
1038.16	560.069
1036.59	526.444
1035.02	513.568
1033.45	535.779
1031.88	524.501
1030.32	537.136
1028.75	546.578
1027.18	520.966
1025.61	532.001
1024.04	520.736
1022.47	515.844
1020.9	553.932
1019.33	539.487
1017.76	523.457
1016.18	524.931
1014.61	562.983
1013.04	518.339
1011.47	535.71
1009.89	538.77
1008.32	567.251
1006.75	565.537
1005.17	508.235
1003.6	525.589
1002.02	525.473
1000.45	520.595
998.873	498.264
997.297	525.123
995.721	520.249
994.145	534.405
992.568	537.458
990.991	489.786
989.413	538.804
987.835	524.425
986.257	535.397
984.678	547.947
983.099	554.159
981.52	530.291
979.94	522.261
978.36	528.474
976.78	509.374
975.199	542.473
973.618	518.635
972.037	542.232
970.455	510.502
968.873	511.968
967.29	508.695
965.707	525.956
964.124	532.156
962.541	527.301
960.957	528.762
959.373	541.269
957.788	481.196
956.203	528.41
954.618	528.292
953.032	537.635
951.446	505.989
949.86	523.212
948.273	519.945
946.686	526.13
945.099	513.414
943.511	530.619
941.923	491.147
940.334	536.679
938.745	494.075
937.156	530.147
935.567	492.282
933.977	536.201
932.387	540.798
930.796	528.104
929.205	535.843
927.614	523.155
926.022	524.609
924.43	521.352
922.838	532.226
921.245	491.296
919.652	538.266
918.058	500.491
916.465	509.791
914.87	489.29
913.276	518.971
911.681	515.72
910.086	485.829
908.49	546.827
906.894	512.243
905.298	510.562
903.701	493.225
902.104	518.162
900.507	497.7
898.909	510.107
897.311	520.944
895.713	491.111
894.114	501.947
892.515	544.045
890.916	498.597
889.316	498.486
887.715	507.748
886.115	532.626
884.514	507.521
882.913	505.847
881.311	524.465
879.709	513.424
878.107	525.791
876.504	494.476
874.901	547.389
873.298	553.503
871.694	536.232
870.09	540.788
868.485	511.063
866.88	520.295
865.275	493.703
863.669	499.821
862.064	477.915
860.457	529.168
858.851	527.494
857.244	477.594
855.636	505.483
854.028	525.585
852.42	525.467
850.812	525.35
849.203	529.894
847.594	534.436
845.984	534.317
844.375	526.432
842.764	487.501
841.154	532.406
839.543	521.423
837.931	511.997
836.32	514.985
834.708	538.132
833.095	525.608
831.482	533.241
829.869	551.718
828.256	497.365
826.642	556.118
825.028	565.286
823.413	560.514
821.798	548.004
820.183	533.952
818.567	527.643
816.951	553.824
815.335	549.059
813.718	542.751
812.101	531.808
810.483	511.596
808.865	540.841
807.247	539.174
805.629	540.598
804.01	521.946
802.39	511.022
800.771	543.321
799.151	541.656
797.53	496.792
795.91	522.903
794.288	530.496
792.667	535.002
791.045	502.512
789.423	514.728
787.8	562.376
786.177	548.385
784.554	529.782
782.93	529.662
781.306	524.925
779.682	529.424
778.057	536.999
776.432	523.033
774.807	535.219
773.181	542.787
771.554	527.292
769.928	560.986
768.301	534.738
766.674	513.11
765.046	522.21
763.418	557.411
761.789	543.468
760.161	512.648
758.531	541.689
756.902	547.704
755.272	546.047
753.642	553.591
752.011	553.467
750.38	565.605
748.749	493.452
747.117	501.001
745.485	513.142
743.852	522.215
742.22	572.623
740.586	543.41
738.953	527.984
737.319	503.384
735.685	558.34
734.05	530.686
732.415	545.856
730.779	547.262
729.144	530.327
727.507	539.375
725.871	542.309
724.234	533.023
722.597	552.753
720.959	517.516
719.321	541.82
717.683	555.431
716.044	561.407
714.405	539.928
712.765	530.657
711.126	522.914
709.485	574.618
707.845	579.06
706.204	572.836
704.563	546.813
702.921	569.531
701.279	564.835
699.636	576.885
697.993	590.45
696.35	591.838
694.707	588.662
693.063	568.76
691.419	595.998
689.774	604.984
688.129	568.374
686.483	569.765
684.838	586.345
683.191	583.175
681.545	628.594
679.898	651.222
678.251	597.956
676.603	590.235
674.955	624.991
673.307	608.167
671.658	638.355
670.009	635.179
668.359	612.301
666.709	606.102
665.059	602.935
663.408	620.973
661.757	642.031
660.106	567.706
658.454	620.551
656.802	575.015
655.15	609.68
653.497	605.004
651.844	591.258
650.19	572.982
648.536	642.38
646.881	575.745
645.227	578.636
643.572	611.735
641.916	557.232
640.26	579.752
638.604	584.149
636.947	582.507
635.29	556.727
633.633	571.684
631.975	570.047
630.317	565.394
628.659	544.163
627	583.222
625.34	571.036
623.681	591.995
622.021	566.259
620.36	564.625
618.7	579.55
617.038	529.754
615.377	546.185
613.715	576.147
612.053	588.047
610.39	539.798
608.727	542.682
607.064	565.103
605.4	560.467
603.736	540.81
602.071	578.235
600.406	557.081
598.741	550.95
597.075	520.807
595.409	544.697
593.743	567.076
592.076	560.948
590.409	527.831
588.741	568.189
587.073	557.568
585.405	558.939
583.736	587.277
582.067	552.694
580.397	569.04
578.728	541.962
577.057	546.329
575.387	555.184
573.716	559.546
572.044	533.99
570.373	539.85
568.7	520.291
567.028	554.552
565.355	573.853
563.682	542.347
562.008	551.186
560.334	567.487
558.66	552.428
556.985	547.824
555.31	564.115
553.634	546.082
551.958	574.299
550.282	532.411
548.605	523.343
546.928	582.851
545.25	573.776
543.573	570.665
541.894	543.721
540.216	555.512
538.537	600.054
536.857	579.076
535.178	562.573
533.497	559.469
531.817	586.118
530.136	517.57
528.455	521.912
526.773	603.556
525.091	578.152
523.408	586.935
521.725	552.633
520.042	548.051
518.359	576.139
516.675	561.162
514.99	547.676
513.305	572.776
511.62	551.876
509.935	584.38
508.249	566.452
506.562	550.015
504.876	573.604
503.189	549.764
501.501	554.082
499.813	577.654
498.125	599.735
496.436	564.066
494.747	556.536
493.058	583.045
491.368	566.638
489.678	587.216
487.987	587.082
486.297	567.727
484.605	594.203
482.913	571.901
481.221	548.131
479.529	565.731
477.836	543.45
476.143	600.906
474.449	594.864
472.755	587.349
471.061	570.985
469.366	597.405
467.67	550.077
465.975	567.643
464.279	582.254
462.582	560.015
460.886	573.147
459.189	571.542
457.491	569.939
455.793	577.17
454.095	606.478
452.396	587.207
450.697	559.116
448.997	613.416
447.298	569.155
445.597	566.084
443.897	567.424
442.196	555.536
440.494	586.265
438.792	555.281
437.09	591.87
435.387	597.608
433.684	591.598
431.981	570.915
430.277	550.242
428.573	583.856
426.868	566.122
425.163	590.919
423.458	615.705
421.752	593.579
420.046	556.81
418.34	543.498
416.633	587.312
414.925	569.605
413.218	589.969
411.51	560.562
409.801	621.89
408.092	573.47
406.383	566.025
404.673	562.971
402.963	583.308
401.253	622.637
399.542	580.117
397.831	590.21
396.119	571.087
394.407	573.876
392.694	592.723
390.982	589.667
389.268	583.694
387.555	586.478
385.841	574.674
384.126	570.167
382.411	575.868
380.696	588.853
378.981	571.231
377.265	590.038
375.548	579.707
373.832	562.099
372.114	607.101
370.397	577.85
368.679	590.814
366.96	613.956
365.242	594.905
363.523	594.768
361.803	604.808
360.083	574.144
358.363	597.263
356.642	582.597
354.921	618.776
353.199	598.302
351.477	612.683
349.755	634.314
348.032	631.265
346.309	584.692
344.586	628.073
342.862	591.673
341.137	549.491
339.413	655.179
337.688	618.798
335.962	589.678
334.236	618.512
332.51	648.781
330.783	592.165
329.056	651.376
327.328	630.965
325.601	609.117
323.872	632.12
322.144	618.959
320.414	615.924
318.685	618.672
316.955	615.639
315.225	635.724
313.494	671.69
311.763	636.874
310.031	643.946
308.299	652.458
306.567	653.75
304.834	656.485
303.101	653.448
301.368	638.875
299.634	627.193
297.9	629.93
296.165	660.049
294.43	649.81
292.694	691.434
290.958	662.471
289.222	681.035
287.485	624.737
285.748	641.862
284.011	661.857
282.273	651.634
280.534	625.597
278.795	642.705
277.056	642.556
275.317	674.025
273.577	630.764
271.836	686.641
270.096	640.525
268.355	621.71
266.613	630.179
264.871	647.255
263.129	625.582
261.386	639.782
259.643	645.37
257.899	620.846
256.155	633.603
254.411	669.285
252.666	651.935
250.921	633.162
249.175	674.547
247.429	631.436
245.683	688.549
243.936	671.215
242.189	668.198
240.441	639.433
238.693	680.759
236.944	693.469
235.196	660.429
233.446	671.709
231.697	684.413
229.947	665.683
228.196	688.379
226.445	673.941
224.694	683.777
222.942	683.618
221.19	716.276
219.437	689.006
217.685	690.272
215.931	708.647
214.177	667.142
212.423	704.042
210.669	688.204
208.914	690.893
207.158	716.368
205.403	723.321
203.646	717.458
201.89	744.332
200.133	714.278
