4501.29	1267.53
4500.4	1375.04
4499.52	1292.77
4498.64	1292.55
4497.75	1275.35
4496.87	1263.82
4495.98	1289.04
4495.1	1317.08
4494.22	1232.08
4493.33	1262.94
4492.45	1237.3
4491.56	1324.64
4490.68	1310.29
4489.79	1259.24
4488.9	1323.95
4488.02	1332.19
4487.13	1272.69
4486.25	1249.9
4485.36	1320.21
4484.47	1235.36
4483.59	1283.09
4482.7	1257.49
4481.81	1200.89
4480.93	1293.69
4480.04	1316.01
4479.15	1301.7
4478.26	1185.97
4477.38	1194.21
4476.49	1196.82
4475.6	1295.16
4474.71	1283.67
4473.83	1137.09
4472.94	1226.94
4472.05	1195.78
4471.16	1198.38
4470.27	1245.99
4469.38	1237.34
4468.49	1296.17
4467.6	1228.47
4466.71	1208.58
4465.82	1163.41
4464.93	1188.5
4464.04	1202.33
4463.15	1269.53
4462.26	1288.97
4461.37	1263.48
4460.48	1201.5
4459.59	1215.32
4458.7	1237.56
4457.81	1240.15
4456.92	1192.24
4456.03	1211.67
4455.14	1242.3
4454.24	1186.01
4453.35	1202.62
4452.46	1185.6
4451.57	1269.46
4450.68	1221.61
4449.78	1232.6
4448.89	1280
4448	1204.17
4447.11	1296.35
4446.21	1245.74
4445.32	1183.94
4444.43	1253.7
4443.53	1245.08
4442.64	1264.45
4441.75	1180.32
4440.85	1230.45
4439.96	1291.75
4439.06	1291.52
4438.17	1280.12
4437.27	1285.48
4436.38	1265.7
4435.48	1287.83
4434.59	1273.64
4433.69	1242.7
4432.8	1206.18
4431.9	1331.59
4431.01	1264.37
4430.11	1227.87
4429.22	1350.43
4428.32	1269.29
4427.42	1319.27
4426.53	1327.41
4425.63	1346.69
4424.73	1290.7
4423.84	1309.99
4422.94	1365.49
4422.04	1262.16
4421.14	1348.3
4420.25	1292.36
4419.35	1356.19
4418.45	1303.05
4417.55	1411.39
4416.65	1330.42
4415.76	1349.67
4414.86	1382.82
4413.96	1324.16
4413.06	1298.9
4412.16	1265.3
4411.26	1348.49
4410.36	1323.24
4409.46	1289.65
4408.56	1322.77
4407.66	1394.78
4406.76	1400.09
4405.86	1408.18
4404.96	1374.61
4404.06	1424.35
4403.16	1390.78
4402.26	1398.87
4401.36	1418.05
4400.46	1451.09
4399.56	1409.23
4398.66	1433.94
4397.76	1369.91
4396.85	1499.98
4395.95	1411.01
4395.05	1477.29
4394.15	1510.28
4393.25	1390.88
4392.34	1531.91
4391.44	1509.49
4390.54	1462.15
4389.64	1481.27
4388.73	1511.46
4387.83	1552.71
4386.93	1533.07
4386.02	1494.07
4385.12	1491.04
4384.21	1565.45
4383.31	1498.81
4382.41	1628.5
4381.5	1550.81
4380.6	1500.79
4379.69	1583.43
4378.79	1627.35
4377.88	1530.38
4376.98	1557.73
4376.07	1527.09
4375.17	1623.45
4374.26	1664.57
4373.36	1553.88
4372.45	1661.23
4371.54	1619.55
4370.64	1564.1
4369.73	1599.68
4368.82	1751.06
4367.92	1588.09
4367.01	1656.72
4366.1	1615.09
4365.2	1716.77
4364.29	1611.77
4363.38	1652.81
4362.47	1658.02
4361.57	1707.3
4360.66	1662.95
4359.75	1750.74
4358.84	1744.93
4357.93	1733.62
4357.02	1686.54
4356.11	1741.26
4355.21	1787.71
4354.3	1773.65
4353.39	1718.35
4352.48	1764.78
4351.57	1742.48
4350.66	1777.9
4349.75	1736.37
4348.84	1829.46
4347.93	1790.69
4347.02	1738.2
4346.11	1809.28
4345.2	1814.45
4344.29	1789.43
4343.37	1854.98
4342.46	1835.44
4341.55	1785.75
4340.64	1881.42
4339.73	1892.06
4338.82	1836.89
4337.9	1894.14
4336.99	1855.43
4336.08	1849.63
4335.17	1912.31
4334.26	1848.97
4333.34	1859.6
4332.43	1930.47
4331.52	1883.59
4330.6	1831.25
4329.69	1858.3
4328.78	1893.54
4327.86	1934.24
4326.95	1950.32
4326.03	1963.65
4325.12	1889.47
4324.21	1965.69
4323.29	1995.41
4322.38	1967.73
4321.46	2011.1
4320.55	2005.28
4319.63	1996.74
4318.72	2007.31
4317.8	2001.49
4316.88	1998.41
4315.97	1968.03
4315.05	2022.27
4314.14	2005.54
4313.22	1945.17
4312.3	1993.92
4311.39	2018.12
4310.47	2006.85
4309.55	2055.57
4308.63	2093.37
4307.72	2063.02
4306.8	2057.21
4305.88	2206.68
4304.96	2051.04
4304.05	2028.89
4303.13	2009.47
4302.21	2137.07
4301.29	2153.02
4300.37	2136.31
4299.45	2051.59
4298.54	2121.96
4297.62	2154.22
4296.7	2115.77
4295.78	2131.71
4294.86	2101.43
4293.94	2147.26
4293.02	2051.77
4292.1	2127.49
4291.18	2124.39
4290.26	2200.07
4289.34	2156.23
4288.42	2109.69
4287.5	2103.89
4286.57	2255.52
4285.65	2217.12
4284.73	2091.92
4283.81	2086.13
4282.89	2080.33
4281.97	2185.73
4281.04	2258.55
4280.12	2119.9
4279.2	2252.33
4278.28	2268.19
4277.35	2164.83
4276.43	2194.25
4275.51	2150.52
4274.59	2217.84
4273.66	2160.59
4272.74	2254.96
4271.81	2227.49
4270.89	2332.64
4269.97	2305.17
4269.04	2193.85
4268.12	2258.37
4267.19	2228.23
4266.27	2300.83
4265.34	2324.75
4264.42	2240.56
4263.49	2250.97
4262.57	2277.59
4261.64	2179.94
4260.72	2249.78
4259.79	2279.08
4258.87	2194.98
4257.94	2380.85
4257.01	2264.38
4256.09	2269.37
4255.16	2298.65
4254.23	2344.1
4253.31	2222.32
4252.38	2316.3
4251.45	2272.76
4250.52	2374.79
4249.6	2253.09
4248.67	2400.89
4247.74	2395.08
4246.81	2397.35
4245.88	2356.52
4244.96	2272.63
4244.03	2444.53
4243.1	2387.57
4242.17	2336.01
4241.24	2311.38
4240.31	2276
4239.38	2396.64
4238.45	2337.05
4237.52	2390.41
4236.59	2306.65
4235.66	2351.93
4234.73	2389.14
4233.8	2420.96
4232.87	2342.62
4231.94	2355.64
4231.01	2384.76
4230.08	2370.91
4229.15	2367.81
4228.22	2439.86
4227.28	2350.86
4226.35	2296.78
4225.42	2449.29
4224.49	2413.99
4223.56	2416.24
4222.62	2501.61
4221.69	2388.57
4220.76	2431.03
4219.83	2382.37
4218.89	2336.39
4217.96	2400.27
4217.03	2324.85
4216.09	2461.01
4215.16	2479.32
4214.23	2428.01
4213.29	2481.11
4212.36	2488.7
4211.42	2472.21
4210.49	2396.86
4209.55	2503.42
4208.62	2457.52
4207.68	2473.12
4206.75	2419.22
4205.81	2480.26
4204.88	2565.33
4203.94	2522.13
4203.01	2502.98
4202.07	2459.8
4201.13	2534.13
4200.2	2565.72
4199.26	2541.24
4198.32	2474.07
4197.39	2420.26
4196.45	2497.2
4195.51	2486.08
4194.58	2493.64
4193.64	2543.86
4192.7	2476.76
4191.76	2545.62
4190.82	2457.22
4189.89	2539.39
4188.95	2459.01
4188.01	2477.22
4187.07	2623.26
4186.13	2572.2
4185.19	2483.89
4184.25	2531.36
4183.31	2541.55
4182.37	2501.18
4181.43	2591.19
4180.49	2582.75
4179.55	2566.33
4178.61	2523.33
4177.67	2557.45
4176.73	2538.38
4175.79	2580.45
4174.85	2572.02
4173.91	2606.1
4172.97	2610.95
4172.03	2567.99
4171.09	2639.22
4170.14	2657.33
4169.2	2489.65
4168.26	2523.7
4167.32	2594.89
4166.38	2570.55
4165.43	2633.75
4164.49	2643.89
4163.55	2558.57
4162.6	2566.07
4161.66	2629.22
4160.72	2512.15
4159.77	2612.39
4158.83	2545.7
4157.89	2532
4156.94	2661.3
4156	2531.1
4155.05	2620.65
4154.11	2712.81
4153.16	2675.28
4152.22	2555.75
4151.27	2671.68
4150.33	2626.24
4149.38	2604.62
4148.44	2633.24
4147.49	2714.71
4146.55	2687.8
4145.6	2682.03
4144.65	2652.49
4143.71	2702.21
4142.76	2648.9
4141.81	2682.76
4140.87	2632.12
4139.92	2671.24
4138.97	2781.61
4138.03	2672.93
4137.08	2698.83
4136.13	2685.16
4135.18	2742.7
4134.23	2634.1
4133.29	2675.81
4132.34	2799.22
4131.39	2748.64
4130.44	2653.3
4129.49	2684.44
4128.54	2749.8
4127.59	2720.34
4126.64	2796.21
4125.69	2756.23
4124.74	2734.68
4123.79	2794.71
4122.84	2781.06
4121.89	2804.24
4120.94	2664.34
4119.99	2811.12
4119.04	2723.86
4118.09	2781.2
4117.14	2788.59
4116.19	2780.21
4115.24	2787.59
4114.28	2826.5
4113.33	2839.12
4112.38	2757.21
4111.43	2838.11
4110.48	2800.85
4109.52	2760.98
4108.57	2857.57
4107.62	2846.57
4106.66	2853.93
4105.71	2769.49
4104.76	2831.93
4103.8	2891.72
4102.85	2820.43
4101.9	2822.54
4100.94	2905.89
4099.99	2905.37
4099.03	2980.81
4098.08	2812.67
4097.12	2943.08
4096.17	2837.84
4095.21	2908
4094.26	2878.69
4093.3	2880.79
4092.35	2869.81
4091.39	2929.46
4090.44	2973.39
4089.48	2951.94
4088.52	2812.86
4087.57	2935.2
4086.61	2900.7
4085.65	2876.66
4084.7	2944.07
4083.74	2961.82
4082.78	2888.17
4081.82	2984.26
4080.87	2944.57
4079.91	2988.41
4078.95	2883.49
4077.99	2956.03
4077.03	2832.89
4076.08	2913.24
4075.12	3037.88
4074.16	3011.26
4073.2	2948.16
4072.24	2887.69
4071.28	3004.43
4070.32	3071.63
4069.36	3055.45
4068.4	3104.38
4067.44	2960.61
4066.48	3040.78
4065.52	3037.64
4064.56	3042.29
4063.6	3083.38
4062.64	3028.19
4061.68	3030.25
4060.72	2951.69
4059.75	3013.56
4058.79	3083.21
4057.83	3002.08
4056.87	3053.52
4055.91	3078.95
4054.94	3125.16
4053.98	3002.52
4053.02	3059.11
4052.06	3009.23
4051.09	3122.91
4050.13	2925.09
4049.17	3069.89
4048.2	3095.28
4047.24	3029.87
4046.27	3073.42
4045.31	3098.8
4044.35	3095.65
4043.38	2973.26
4042.42	3094.53
4041.45	3099.16
4040.49	2997.56
4039.52	3118.77
4038.56	3043.1
4037.59	3060.68
4036.63	3109.32
4035.66	3170.88
4034.69	3103.02
4033.73	3213.73
4032.76	3091.56
4031.8	3204.81
4030.83	3100.79
4029.86	3157.11
4028.89	3151.37
4027.93	3308.48
4026.96	3181.25
4025.99	3090.24
4025.02	3164.6
4024.06	3091.71
4023.09	3189.29
4022.12	3266.17
4021.15	3270.75
4020.18	3141.11
4019.21	3282.47
4018.25	3253.5
4017.28	3152.31
4016.31	3291.01
4015.34	3174.38
4014.37	3246
4013.4	3273.77
4012.43	3172.66
4011.46	3300.93
4010.49	3233.35
4009.52	3325.5
4008.55	3283.69
4007.58	3308.85
4006.6	3251.61
4005.63	3271.62
4004.66	3276.18
4003.69	3255
4002.72	3290.43
4001.75	3356.71
4000.77	3330.39
3999.8	3391.5
3998.83	3367.75
3997.86	3341.44
3996.88	3417.93
3995.91	3365.93
3994.94	3380.73
3993.96	3374.99
3992.99	3423.17
3992.02	3425.12
3991.04	3370.59
3990.07	3346.88
3989.1	3433.53
3988.12	3479.09
3987.15	3398.94
3986.17	3429.1
3985.2	3443.87
3984.22	3399.66
3983.25	3381.1
3982.27	3324.11
3981.3	3482.38
3980.32	3407.45
3979.34	3463.19
3978.37	3588.06
3977.39	3559.24
3976.41	3453.63
3975.44	3542.59
3974.46	3531.72
3973.48	3469.67
3972.51	3550.91
3971.53	3473.53
3970.55	3616.11
3969.57	3546.42
3968.6	3602.02
3967.62	3534.92
3966.64	3633.94
3965.66	3773.81
3964.68	3688.83
3963.7	3568.12
3962.73	3723.24
3961.75	3630.65
3960.77	3568.73
3959.79	3759.51
3958.81	3626.13
3957.83	3648.44
3956.85	3782.97
3955.87	3693.02
3954.89	3679.6
3953.91	3750.32
3952.93	3744.55
3951.94	3830.52
3950.96	3613.24
3949.98	3780.73
3949	3739.29
3948.02	3965.27
3947.04	3890.71
3946.06	3951.1
3945.07	3947.84
3944.09	3804.61
3943.11	3915.88
3942.13	3877.01
3941.14	3848.33
3940.16	3812.03
3939.18	3968.98
3938.19	3919.96
3937.21	4000.58
3936.23	4048.14
3935.24	4047.4
3934.26	4056.83
3933.27	4038.31
3932.29	4141.7
3931.3	4026.69
3930.32	4010.73
3929.33	4126.75
3928.35	4207.2
3927.36	4087.2
3926.38	4185.38
3925.39	4177.02
3924.41	4161.04
3923.42	4238.88
3922.43	4369.92
3921.45	4364.06
3920.46	4221.37
3919.47	4344.74
3918.49	4341.42
3917.5	4284.91
3916.51	4355.03
3915.52	4402.34
3914.54	4386.35
3913.55	4443.76
3912.56	4448.01
3911.57	4373.84
3910.58	4453.99
3909.6	4458.23
3908.61	4482.71
3907.62	4514.75
3906.63	4569.54
3905.64	4525.75
3904.65	4620.93
3903.66	4508.95
3902.67	4535.91
3901.68	4570.44
3900.69	4645.34
3899.7	4750.51
3898.71	4628.51
3897.72	4683.18
3896.73	4874.06
3895.74	4830.3
3894.74	4743.67
3893.75	4931.92
3892.76	4706.66
3891.77	4841.91
3890.78	4775.5
3889.79	4802.35
3888.79	4821.63
3887.8	4901.35
3886.81	4804.77
3885.81	4869.35
3884.82	4938.95
3883.83	4880.16
3882.83	4959.8
3881.84	5004.18
3880.85	4907.68
3879.85	4936.97
3878.86	4941.1
3877.86	5065.91
3876.87	5042.36
3875.88	5214.85
3874.88	5146.06
3873.89	5027.04
3872.89	5224.56
3871.89	5185.94
3870.9	5054.43
3869.9	5136.35
3868.91	5301.07
3867.91	5264.97
3866.91	5198.78
3865.92	5421.1
3864.92	5344.86
3863.92	5303.77
3862.93	5388.05
3861.93	5339.43
3860.93	5318.41
3859.93	5425.19
3858.94	5369.08
3857.94	5378.12
3856.94	5319.54
3855.94	5446.28
3854.94	5432.76
3853.94	5561.93
3852.95	5445.8
3851.95	5337.21
3850.95	5373.76
3849.95	5707.95
3848.95	5551.86
3847.95	5728.37
3846.95	5532.33
3845.95	5631.3
3844.95	5637.77
3843.95	5644.24
3842.95	5615.73
3841.95	5592.22
3840.94	5538.76
3839.94	5712.52
3838.94	5594.15
3837.94	5772.83
3836.94	5671.96
3835.94	5800.66
3834.93	5772.16
3833.93	6025.49
3832.93	5782.52
3831.93	5828.83
3830.92	5670.73
3829.92	5759.41
3828.92	5740.92
3827.91	5924.22
3826.91	5801.09
3825.91	6011.71
3824.9	6033.02
3823.9	5897.48
3822.89	5933.74
3821.89	5955.05
3820.88	6110.71
3819.88	5962.82
3818.87	6011.48
3817.87	6022.81
3816.86	6126.13
3815.86	6214.5
3814.85	6061.76
3813.84	6135.19
3812.84	6176.31
3811.83	6123.01
3810.83	6211.3
3809.82	6110.84
3808.81	6243.78
3807.8	6264.98
3806.8	6258.87
3805.79	6148.55
3804.78	6216.88
3803.77	6305.04
3802.77	6182.37
3801.76	6419.26
3800.75	6306.53
3799.74	6364.86
3798.73	6410.78
3797.72	6231.21
3796.71	6358.89
3795.7	6461.74
3794.69	6430.84
3793.68	6555.93
3792.67	6532.45
3791.66	6486.71
3790.65	6527.58
3789.64	6437.32
3788.63	6532.61
3787.62	6605.6
3786.61	6498.07
3785.6	6627.9
3784.59	6663.76
3783.58	6751.51
3782.56	6648.97
3781.55	6519.29
3780.54	6730.5
3779.53	6753.96
3778.52	6752.72
3777.5	6771.23
3776.49	6626.84
3775.48	6729.27
3774.46	6871.13
3773.45	6793.4
3772.44	6755.16
3771.42	6882.14
3770.41	6922.79
3769.39	6889.47
3768.38	6833.99
3767.36	6951.01
3766.35	6912.78
3765.34	6859.78
3764.32	7087.55
3763.3	7037.01
3762.29	7084.95
3761.27	6948.27
3760.26	7065.12
3759.24	6935.88
3758.23	7180.6
3757.21	6911.2
3756.19	6981.24
3755.18	7102.88
3754.16	7121.24
3753.14	7178.92
3752.12	7113.71
3751.11	7004.31
3750.09	7143.03
3749.07	7247.32
3748.05	7258.26
3747.03	7345.31
3746.02	7316.96
3745	7138.92
3743.98	7250.47
3742.96	7178
3741.94	7198.75
3740.92	7052.74
3739.9	7262.3
3738.88	7256.06
3737.86	7502.27
3736.84	7476.38
3735.82	7369.66
3734.8	7476.08
3733.78	7499.2
3732.76	7390.07
3731.74	7351.99
3730.71	7250.28
3729.69	7371.31
3728.67	7418.89
3727.65	7410.18
3726.63	7399.03
3725.61	7297.41
3724.58	7503.89
3723.56	7272.72
3722.54	7523.13
3721.51	7494.86
3720.49	7605.87
3719.47	7511.64
3718.44	7395.46
3717.42	7499.1
3716.4	7590.5
3715.37	7628.15
3714.35	7614.54
3713.32	7539.94
3712.3	7726.4
3711.27	7588.38
3710.25	7630.88
3709.22	7622.16
3708.2	7652.44
3707.17	7807.03
3706.15	7691.05
3705.12	7743.23
3704.09	7466.53
3703.07	7737.94
3702.04	7933.76
3701.01	7662.04
3699.99	7750.7
3698.96	7897.73
3697.93	7888.97
3696.9	7563.94
3695.88	7910.39
3694.85	7750.84
3693.82	7839.38
3692.79	7935.18
3691.76	7936.14
3690.74	8065.91
3689.71	8052.27
3688.68	7890.45
3687.65	7927.85
3686.62	7889.96
3685.59	7839.95
3684.56	7957.45
3683.53	7938.99
3682.5	7983.63
3681.47	8011.27
3680.44	8157.76
3679.41	8054.39
3678.38	8142.62
3677.34	8104.74
3676.31	8161.42
3675.28	8065.4
3674.25	8228.67
3673.22	8074.53
3672.19	8245.01
3671.15	8335.51
3670.12	8239.54
3669.09	8373.58
3668.06	8234.07
3667.02	8283.36
3665.99	8339.9
3664.96	8147.25
3663.92	8399.7
3662.89	8320.76
3661.85	8442.52
3660.82	8291.09
3659.79	8403.15
3658.75	8372.6
3657.72	8436.27
3656.68	8439.54
3655.65	8401.76
3654.61	8525.76
3653.57	8536.25
3652.54	8759.14
3651.5	8798.54
3650.47	8688.34
3649.43	8903.84
3648.39	8639.29
3647.36	8912.59
3646.32	8800.04
3645.28	8800.82
3644.25	8922.1
3643.21	8944.54
3642.17	8774.24
3641.13	8946.05
3640.09	9038.31
3639.06	9224.45
3638.02	9102.37
3636.98	9213.81
3635.94	9149.53
3634.9	9268.14
3633.86	9090.81
3632.82	9372.93
3631.78	9217.29
3630.74	9357.43
3629.7	9314.83
3628.66	9435.68
3627.62	9700.65
3626.58	9451.4
3625.54	9538.52
3624.5	9671.24
3623.46	9772.69
3622.42	9672.45
3621.38	9833.87
3620.33	9812.85
3619.29	9782.24
3618.25	9742.04
3617.21	10116.8
3616.17	9810.36
3615.12	9825.32
3614.08	10022.5
3613.04	9840.85
3611.99	10059.5
3610.95	9954.59
3609.91	9950.34
3608.86	9994
3607.82	9958.62
3606.77	9990.28
3605.73	9930.98
3604.69	10003.3
3603.64	9922.51
3602.6	9942.19
3601.55	9866.2
3600.5	10005.5
3599.46	9936.65
3598.41	9920.46
3597.37	10028.6
3596.32	9747.11
3595.27	9816.97
3594.23	9982.35
3593.18	9923.18
3592.13	9801.94
3591.09	9972.01
3590.04	9872.29
3588.99	9887.16
3587.94	9832.83
3586.9	9788.06
3585.85	9826.79
3584.8	9798.72
3583.75	9711.07
3582.7	9880.89
3581.65	9786.1
3580.6	9715.18
3579.56	10018.3
3578.51	9785.4
3577.46	9683.56
3576.41	9838.91
3575.36	9853.74
3574.31	9613.88
3573.26	9750.12
3572.2	9626.95
3571.15	9836.89
3570.1	9801.75
3569.05	9823.71
3568	9767.19
3566.95	9770.13
3565.9	9856.25
3564.84	9721.34
3563.79	9809.81
3562.74	9914.87
3561.69	9784.78
3560.63	9942.04
3559.58	9745.52
3558.53	9841.02
3557.47	9798.84
3556.42	9628.55
3555.37	9861.61
3554.31	9855.03
3553.26	9763.07
3552.2	9737.54
3551.15	9742.84
3550.09	9978.03
3549.04	9798.44
3547.98	9723.17
3546.93	9849.27
3545.87	9875.85
3544.82	10011.3
3543.76	9945.55
3542.71	9924.76
3541.65	9816.42
3540.59	10029.9
3539.54	9997.27
3538.48	9647.72
3537.42	9839.83
3536.36	10039
3535.31	9996.9
3534.25	9997.39
3533.19	9915.18
3532.13	9920.42
3531.07	9868.96
3530.02	9968.67
3528.96	10068.3
3527.9	9917.73
3526.84	9878.11
3525.78	9956.5
3524.72	10141
3523.66	10092
3522.6	10052.3
3521.54	9977.36
3520.48	9944.84
3519.42	10216.4
3518.36	9976.47
3517.3	10028.8
3516.24	9932.69
3515.17	9954.39
3514.11	10025.5
3513.05	10070.8
3511.99	10160.7
3510.93	9984.6
3509.87	10107.5
3508.8	10136.2
3507.74	10051.9
3506.68	10252.3
3505.61	10092.8
3504.55	10088.6
3503.49	10133.7
3502.42	10178.8
3501.36	10207.5
3500.3	10337.1
3499.23	10292.9
3498.17	10082
3497.1	10077.7
3496.04	10228.4
3494.97	10243
3493.91	10163.6
3492.84	10307.2
3491.77	10377.9
3490.71	10143.8
3489.64	10397.5
3488.58	10475.3
3487.51	10414.7
3486.44	10391.7
3485.38	10326.4
3484.31	10350.3
3483.24	10481.9
3482.17	10477.5
3481.11	10374.9
3480.04	10227.8
3478.97	10462.3
3477.9	10525.9
3476.83	10479.4
3475.77	10465.8
3474.7	10585.4
3473.63	10543.7
3472.56	10602.5
3471.49	10687
3470.42	10441.9
3469.35	10552.1
3468.28	10723
3467.21	10744.4
3466.14	10784.4
3465.07	10644.6
3464	10694
3462.92	10605.6
3461.85	10764.6
3460.78	10748.6
3459.71	10688.3
3458.64	10938.1
3457.57	11017.7
3456.49	10721.9
3455.42	10817.8
3454.35	10874
3453.28	11007.1
3452.2	10900.2
3451.13	11061.2
3450.06	11066.1
3448.98	10989.5
3447.91	10982.8
3446.83	10913.2
3445.76	11134.6
3444.68	10953.3
3443.61	10876.8
3442.53	11032.9
3441.46	11195.9
3440.38	11189.2
3439.31	11008.1
3438.23	11073.4
3437.16	11059.7
3436.08	11176.1
3435	11160.1
3433.93	11058.1
3432.85	11028.2
3431.77	11309.3
3430.7	11325.8
3429.62	11196
3428.54	11291.3
3427.46	11154.7
3426.39	11229.1
3425.31	11231.6
3424.23	11331.5
3423.15	11366.5
3422.07	11413
3420.99	11406.2
3419.91	11302.1
3418.83	11165.7
3417.75	11365
3416.68	11386
3415.6	11425.6
3414.51	11404.9
3413.43	11328.7
3412.35	11474.6
3411.27	11495.6
3410.19	11329.2
3409.11	11500.5
3408.03	11521.5
3406.95	11503.1
3405.87	11498.6
3404.78	11575
3403.7	11512.8
3402.62	11455.2
3401.54	11494.6
3400.45	11467
3399.37	11573.3
3398.29	11356.5
3397.2	11716.6
3396.12	11536.8
3395.04	11347.8
3393.95	11592.4
3392.87	11500.3
3391.78	11638.7
3390.7	11505.2
3389.61	11556
3388.53	11452.5
3387.44	11579.3
3386.36	11365.2
3385.27	11498.9
3384.19	11457.6
3383.1	11467
3382.01	11688
3380.93	11540.9
3379.84	11619.2
3378.75	11589.4
3377.67	11532
3376.58	11433.3
3375.49	11766.7
3374.4	11573.7
3373.31	11606
3372.23	11574
3371.14	11544.2
3370.05	11555.8
3368.96	11505.4
3367.87	11540
3366.78	11452.9
3365.69	11602.2
3364.6	11460
3363.51	11480.8
3362.42	11444.2
3361.33	11478.7
3360.24	11403.2
3359.15	11407.9
3358.06	11497.4
3356.97	11504.4
3355.88	11538.9
3354.79	11371.8
3353.69	11523.1
3352.6	11360.6
3351.51	11424.9
3350.42	11376.9
3349.33	11383.9
3348.23	11500.7
3347.14	11217.2
3346.05	11359.2
3344.95	11251.8
3343.86	11396
3342.77	11201.9
3341.67	11270.6
3340.58	11156.5
3339.48	11181.8
3338.39	11325.8
3337.29	11262
3336.2	11275.9
3335.1	11280.6
3334.01	11125.6
3332.91	11134.9
3331.82	11180.7
3330.72	11194.5
3329.62	11149.1
3328.53	11174.3
3327.43	11097
3326.33	11008.2
3325.24	10817
3324.14	10826.4
3323.04	11045.3
3321.94	11004.5
3320.85	10952.3
3319.75	10913.8
3318.65	10959.5
3317.55	10884.6
3316.45	10812
3315.35	10807.7
3314.25	10821.5
3313.16	10828.6
3312.06	10683.3
3310.96	10781.3
3309.86	10747.4
3308.76	10636.3
3307.66	10597.9
3306.55	10680
3305.45	10641.6
3304.35	10560.1
3303.25	10748.8
3302.15	10626.5
3301.05	10744.7
3299.95	10656.5
3298.84	10423.1
3297.74	10672.8
3296.64	10444
3295.54	10439.8
3294.43	10387.9
3293.33	10463
3292.23	10395.3
3291.12	10323.1
3290.02	10176.2
3288.92	10400.7
3287.81	10195
3286.71	10335.6
3285.6	10107.4
3284.5	10105.4
3283.39	10336.5
3282.29	10241.8
3281.18	10068
3280.08	10052.5
3278.97	10147.8
3277.86	10213.7
3276.76	10148.5
3275.65	10056.2
3274.54	9925.51
3273.44	9955.24
3272.33	10122.7
3271.22	10026
3270.12	9926.99
3269.01	9904.79
3267.9	9828.44
3266.79	9946.13
3265.68	9932.96
3264.57	9678.51
3263.47	9881.83
3262.36	9805.56
3261.25	9927.65
3260.14	9731.97
3259.03	9725.61
3257.92	9807.1
3256.81	9802.98
3255.7	9830.38
3254.59	9968.08
3253.48	9801.88
3252.37	9577.23
3251.25	9611.4
3250.14	9528.59
3249.03	9317.62
3247.92	9497.98
3246.81	9718.73
3245.69	9615.73
3244.58	9665.58
3243.47	9580.61
3242.36	9522.62
3241.24	9399.52
3240.13	9406.71
3239.02	9530.64
3237.9	9398.63
3236.79	9410.3
3235.68	9408.5
3234.56	9467.28
3233.45	9310.71
3232.33	9434.51
3231.22	9450.65
3230.1	9267.27
3228.99	9166.88
3227.87	9333.19
3226.75	9385.18
3225.64	9226.59
3224.52	9242.74
3223.41	9404.44
3222.29	9221.3
3221.17	9150.15
3220.05	9392.33
3218.94	9271.95
3217.82	9254.52
3216.7	9252.76
3215.58	9385.16
3214.47	9092.72
3213.35	9240.74
3212.23	9281.44
3211.11	9036.11
3209.99	9023.21
3208.87	8979.05
3207.75	9015.3
3206.63	9082.79
3205.51	9016.31
3204.39	8969.95
3203.27	8995.01
3202.15	9044.61
3201.03	8764.05
3199.91	8751.22
3198.79	8932.39
3197.67	8819.21
3196.55	8790.78
3195.42	8855.95
3194.3	8872.08
3193.18	8821.37
3192.06	8755.09
3190.93	8731.15
3189.81	8747.29
3188.69	8821.3
3187.56	8706.11
3186.44	8929.17
3185.32	8680.53
3184.19	8663.29
3183.07	8641.62
3181.94	8688.88
3180.82	8687.21
3179.7	8569.98
3178.57	8543.89
3177.44	8502.27
3176.32	8567.27
3175.19	8538.98
3174.07	8555.11
3172.94	8544.59
3171.82	8336.53
3170.69	8621.2
3169.56	8473.11
3168.43	8586.84
3167.31	8281.35
3166.18	8346.28
3165.05	8495.44
3163.92	8449.48
3162.8	8255.05
3161.67	8187
3160.54	8506.64
3159.41	8356.61
3158.28	8343.94
3157.15	8428.68
3156.02	8307.53
3154.89	8496.27
3153.76	8315.41
3152.63	8331.51
3151.5	8206.05
3150.37	8290.72
3149.24	8087.92
3148.11	8269.85
3146.98	8224.06
3145.85	8103.15
3144.72	8364.5
3143.59	8312.09
3142.45	8217.74
3141.32	8096.92
3140.19	8232.24
3139.06	8124.71
3137.92	8182.74
3136.79	8002.45
3135.66	8000.91
3134.52	7891.3
3133.39	8059.58
3132.26	7974.25
3131.12	7957.29
3129.99	7843.36
3128.85	8176.77
3127.72	8170.79
3126.58	8140.59
3125.45	8145.63
3124.31	8093.42
3123.18	7966.39
3122.04	8008.88
3120.9	7956.73
3119.77	7983.79
3118.63	7951.46
3117.49	8090.68
3116.36	7834.07
3115.22	7953.47
3114.08	7918.97
3112.95	7908.65
3111.81	8052.14
3110.67	7934.17
3109.53	7950.21
3108.39	7906.96
3107.25	7791.28
3106.11	7945.61
3104.98	7788.27
3103.84	7867.95
3102.7	7877.41
3101.56	7873.7
3100.42	8010.33
3099.28	7962.74
3098.14	7809.96
3096.99	7812.84
3095.85	7962.52
3094.71	7757.25
3093.57	7893.74
3092.43	7730.17
3091.29	7912.59
3090.15	7825.7
3089	7874.52
3087.86	7873.01
3086.72	7711.78
3085.57	7883.09
3084.43	7986.54
3083.29	7862.56
3082.14	7767.04
3081	7793.96
3079.86	7781.53
3078.71	7956.99
3077.57	7752.31
3076.42	7831.62
3075.28	7729.67
3074.13	7800.22
3072.99	7715.77
3071.84	7757.93
3070.7	7747.7
3069.55	7916.35
3068.4	7788.33
3067.26	7878.41
3066.11	7770.06
3064.96	7873.18
3063.82	7795.39
3062.67	7754.66
3061.52	7703.06
3060.37	7917.2
3059.23	7771.94
3058.08	7742.14
3056.93	7727.58
3055.78	7713.03
3054.63	7770.29
3053.48	7829.7
3052.33	7767.28
3051.18	7711.41
3050.03	7607.73
3048.88	7791.04
3047.73	7759.1
3046.58	7653.3
3045.43	7814.76
3044.28	7828.45
3043.13	7803.05
3041.98	7775.48
3040.83	7624.19
3039.68	7659.61
3038.52	7697.19
3037.37	7680.51
3036.22	7759.29
3035.07	7764.29
3033.91	7652.2
3032.76	7533.65
3031.61	7774.95
3030.45	7996.66
3029.3	7763.28
3028.14	7716.28
3026.99	7697.46
3025.84	7687.31
3024.68	7597.05
3023.53	7602.07
3022.37	7639.56
3021.22	7653.22
3020.06	7658.23
3018.9	7831.94
3017.75	7705
3016.59	7675.4
3015.44	7626.35
3014.28	7611.91
3013.12	7610.43
3011.96	7650
3010.81	7875.32
3009.65	7813.32
3008.49	7721.12
3007.33	7652.71
3006.18	7731.08
3005.02	7831
3003.86	7870.47
3002.7	7709.32
3001.54	7707.83
3000.38	7792.58
2999.22	7913.95
2998.06	7884.39
2996.9	7667.37
2995.74	7728.36
2994.58	7810.87
2993.42	7705.98
2992.26	7848.75
2991.1	7780.49
2989.94	7936.1
2988.77	7824.81
2987.61	7771.65
2986.45	7978.81
2985.29	7833.16
2984.12	7992.91
2982.96	7686.07
2981.8	7929.62
2980.64	7863.6
2979.47	7960.92
2978.31	7832.62
2977.14	7764.51
2975.98	7722.2
2974.82	7894.61
2973.65	7807.21
2972.49	7880.81
2971.32	7748.39
2970.16	7922.8
2968.99	7646.7
2967.82	7763.17
2966.66	7808.83
2965.49	7920.92
2964.33	7756.49
2963.16	7857.84
2961.99	8014.85
2960.83	7679.14
2959.66	7956.05
2958.49	7847.44
2957.32	7974.36
2956.15	7775.9
2954.99	7966.98
2953.82	7948.31
2952.65	7906.12
2951.48	7923.83
2950.31	7851.72
2949.14	7837.37
2947.97	7949.12
2946.8	7971.08
2945.63	7899.02
2944.46	7831.26
2943.29	7951.47
2942.12	8056.69
2940.95	7984.67
2939.78	7951.1
2938.61	7900.46
2937.44	8125.09
2936.26	7952.85
2935.09	7972.62
2933.92	7994.53
2932.75	7916.22
2931.57	7914.67
2930.4	8036.74
2929.23	8033.04
2928.05	8082.6
2926.88	7938.32
2925.71	7983.62
2924.53	8080
2923.36	7976.25
2922.18	7810.81
2921.01	7949.73
2919.83	8005.62
2918.66	8046.6
2917.48	8121.58
2916.31	7913.76
2915.13	8078.02
2913.95	7891.54
2912.78	7928.25
2911.6	7845.96
2910.42	8109.95
2909.25	8095.62
2908.07	8021.85
2906.89	8035.14
2905.71	8158.8
2904.54	7978.95
2903.36	7992.24
2902.18	7924.92
2901	8056.99
2899.82	7909.11
2898.64	8015.68
2897.46	8037.43
2896.28	8143.93
2895.1	7998.27
2893.92	8051.78
2892.74	7885.01
2891.56	7959.7
2890.38	7977.19
2889.2	8229.63
2888.02	7963.49
2886.84	7873.07
2885.65	8123.26
2884.47	8111.1
2883.29	7934
2882.11	8019.13
2880.92	8068.29
2879.74	8149.13
2878.56	8073.58
2877.38	7767.8
2876.19	7905.68
2875.01	7921.02
2873.82	7868.8
2872.64	7863.04
2871.45	7986.02
2870.27	8132.16
2869.08	7879.52
2867.9	7979.22
2866.71	7910.17
2865.53	7836.94
2864.34	7814.32
2863.16	8034.09
2861.97	7977.73
2860.78	7868.72
2859.6	7983.02
2858.41	7945.66
2857.22	7901.99
2856.03	7957.28
2854.85	7759.98
2853.66	7724.79
2852.47	7973.64
2851.28	7936.32
2850.09	7856.95
2848.9	7865.92
2847.71	7860.17
2846.52	7822.9
2845.34	7731.01
2844.15	7842.94
2842.96	7767.88
2841.76	7726.46
2840.57	7806.83
2839.38	7652.05
2838.19	7763.88
2837	7682.62
2835.81	7750.35
2834.62	7597.79
2833.43	7759.89
2832.23	7502.55
2831.04	7549.29
2829.85	7673.57
2828.65	7569.38
2827.46	7645.41
2826.27	7522.41
2825.07	7493.71
2823.88	7488.05
2822.69	7564.04
2821.49	7328.12
2820.3	7596.64
2819.1	7419.39
2817.91	7428.4
2816.71	7567.07
2815.52	7264.46
2814.32	7388.47
2813.13	7405.83
2811.93	7510.96
2810.73	7398.74
2809.54	7363.86
2808.34	7462.67
2807.14	7227.32
2805.94	7213.37
2804.75	7191.08
2803.55	7193.84
2802.35	7280.06
2801.15	7113.82
2799.95	7160.39
2798.75	7150.64
2797.56	7126.3
2796.36	7189.52
2795.16	7088.06
2793.96	7178.35
2792.76	6983.19
2791.56	7044.3
2790.36	7015.84
2789.16	6972.82
2787.95	6825.73
2786.75	6936.77
2785.55	7022.8
2784.35	7050.54
2783.15	6990.91
2781.95	6852.28
2780.74	6890.44
2779.54	6706.15
2778.34	6881.49
2777.13	6848.96
2775.93	6812.29
2774.73	6771.48
2773.52	6645.54
2772.32	6804.11
2771.12	6661.61
2769.91	6716.33
2768.71	6752.36
2767.5	6638.99
2766.3	6743.47
2765.09	6864.5
2763.89	6514.8
2762.68	6720.82
2761.47	6642.81
2760.27	6651.86
2759.06	6561.46
2757.85	6556.02
2756.65	6583.72
2755.44	6572.07
2754.23	6487.96
2753.02	6540.5
2751.81	6555.76
2750.61	6624.81
2749.4	6509.73
2748.19	6462.95
2746.98	6376.89
2745.77	6481.07
2744.56	6605.87
2743.35	6443.37
2742.14	6464.83
2740.93	6364.4
2739.72	6511.84
2738.51	6448.61
2737.3	6335.85
2736.09	6477.02
2734.88	6391.13
2733.66	6367.17
2732.45	6211.2
2731.24	6451.27
2730.03	6305.66
2728.82	6413.67
2727.6	6303.16
2726.39	6382.29
2725.18	6471.68
2723.96	6385.94
2722.75	6100.46
2721.53	6315.46
2720.32	6254.51
2719.11	6257.39
2717.89	6159.42
2716.68	6355.73
2715.46	6344.18
2714.25	6135.2
2713.03	6454.77
2711.81	6256.12
2710.6	6291.89
2709.38	6130.34
2708.16	6297.61
2706.95	6240.9
2705.73	6194.48
2704.51	6252.8
2703.29	6259.77
2702.08	6272.9
2700.86	6407.11
2699.64	6233.48
2698.42	6170.7
2697.2	6378.69
2695.98	6153.9
2694.76	6156.78
2693.54	6128.92
2692.32	6219.92
2691.1	6271.96
2689.88	6276.87
2688.66	6222.37
2687.44	6149.46
2686.22	6232.18
2685	6226.85
2683.78	6295.2
2682.56	6345.11
2681.33	6300.89
2680.11	6129.87
2678.89	6312.7
2677.67	6313.49
2676.44	6163.02
2675.22	6223.11
2674	6087.01
2672.77	6247.19
2671.55	6203.06
2670.33	6261.05
2669.1	6233.26
2667.88	6225.9
2666.65	6230.79
2665.43	6203.02
2664.2	6183.43
2662.97	6227.07
2661.75	6205.44
2660.52	6165.47
2659.3	6219.29
2658.07	6207.86
2656.84	6284.06
2655.62	6284.84
2654.39	6196.01
2653.16	6143.87
2651.93	6171.15
2650.7	6287.99
2649.48	6152.42
2648.25	6092.18
2647.02	6280.17
2645.79	6144.68
2644.56	6228.87
2643.33	6121.9
2642.1	6199.96
2640.87	6111.33
2639.64	6262.52
2638.41	6336.44
2637.18	6201.12
2635.95	6205.98
2634.72	6338.75
2633.48	6112.16
2632.25	6271.28
2631.02	6268
2629.79	6161.26
2628.56	6170.17
2627.32	6327.12
2626.09	6342.08
2624.86	6316.49
2623.62	6236.19
2622.39	6289.66
2621.16	6225.6
2619.92	6222.34
2618.69	6261.6
2617.45	6238.08
2616.22	6348.17
2614.98	6288.21
2613.75	6307.19
2612.51	6273.57
2611.27	6239.95
2610.04	6329.71
2608.8	6354.73
2607.57	6266.54
2606.33	6232.96
2605.09	6173.11
2603.85	6367.85
2602.62	6285.78
2601.38	6397.62
2600.14	6267.12
2598.9	6318.35
2597.66	6240.4
2596.42	6346.1
2595.18	6312.55
2593.94	6343.57
2592.71	6334.23
2591.47	6314.82
2590.23	6273.25
2588.98	6276.02
2587.74	6176.03
2586.5	6285.6
2585.26	6213.85
2584.02	6403.92
2582.78	6400.63
2581.54	6296.69
2580.29	6313.54
2579.05	6286.12
2577.81	6274.81
2576.57	6273.55
2575.32	6380.89
2574.08	6200.67
2572.84	6322.06
2571.59	6326.82
2570.35	6470.23
2569.1	6336.35
2567.86	6329.05
2566.61	6275.57
2565.37	6340.58
2564.12	6417.59
2562.88	6598.95
2561.63	6487.26
2560.39	6343.53
2559.14	6432.52
2557.89	6294.86
2556.65	6371.8
2555.4	6308.38
2554.15	6325.16
2552.9	6382
2551.66	6326.63
2550.41	6359.41
2549.16	6422.22
2547.91	6246.75
2546.66	6319.56
2545.41	6456.39
2544.16	6327.04
2542.91	6417.79
2541.66	6244.49
2540.41	6489.21
2539.16	6321.97
2537.91	6340.69
2536.66	6417.36
2535.41	6444.05
2534.16	6452.75
2532.91	6449.46
2531.66	6260.45
2530.4	6394.96
2529.15	6461.55
2527.9	6386.41
2526.65	6437.01
2525.39	6423.74
2524.14	6360.63
2522.89	6471.02
2521.63	6385.99
2520.38	6300.98
2519.12	6337.59
2517.87	6404.06
2516.61	6366.92
2515.36	6353.69
2514.1	6386.27
2512.85	6333.22
2511.59	6254.32
2510.33	6286.89
2509.08	6397.06
2507.82	6326.14
2506.56	6330.84
2505.31	6498.6
2504.05	6211
2502.79	6398.59
2501.53	6208.5
2500.28	6364.22
2499.02	6339.11
2497.76	6310.03
2496.5	6406.06
2495.24	6337.27
2493.98	6274.46
2492.72	6273.2
2491.46	6379.08
2490.2	6225.05
2488.94	6239.67
2487.68	6323.68
2486.42	6447.31
2485.16	6378.62
2483.9	6403.1
2482.63	6324.54
2481.37	6291.57
2480.11	6351.7
2478.85	6376.17
2477.59	6303.61
2476.32	6332.03
2475.06	6405.96
2473.8	6262.21
2472.53	6417.23
2471.27	6297.27
2470	6278.2
2468.74	6235.42
2467.47	6287.54
2466.21	6325.79
2464.94	6379.84
2463.68	6283.74
2462.41	6359.5
2461.15	6356.24
2459.88	6321.4
2458.61	6308.28
2457.35	6271.49
2456.08	6366.9
2454.81	6259.1
2453.54	6307.14
2452.28	6331.5
2451.01	6176.46
2449.74	6204.78
2448.47	6438.03
2447.2	6302.76
2445.93	6336.94
2444.66	6119.03
2443.39	6192.62
2442.12	6270.11
2440.85	6227.51
2439.58	6238.07
2438.31	6317.47
2437.04	6288.66
2435.77	6222.49
2434.5	6317.58
2433.23	6135.45
2431.96	6263.93
2430.68	6258.73
2429.41	6308.55
2428.14	6193.35
2426.87	6129.25
2425.59	6265.46
2424.32	6197.45
2423.04	6237.41
2421.77	6226.34
2420.5	6072.06
2419.22	6225.79
2417.95	6193.15
2416.67	6103.67
2415.4	6173.01
2414.12	6173.72
2412.85	6186.19
2411.57	6145.76
2410.29	6273.79
2409.02	6108.02
2407.74	6108.74
2406.46	6215.17
2405.18	6131.72
2403.91	6097.21
2402.63	6119.45
2401.35	6084.97
2400.07	6175.65
2398.79	6074.68
2397.52	6108.64
2396.24	6083.95
2394.96	6031.92
2393.68	6116.65
2392.4	6084.16
2391.12	6098.56
2389.84	6044.61
2388.56	6057.05
2387.27	5966.05
2385.99	5962.89
2384.71	5983.14
2383.43	6093.1
2382.15	6056.77
2380.87	6127.67
2379.58	5941.26
2378.3	5977.08
2377.02	6096.67
2375.73	5968.81
2374.45	5967.6
2373.17	6081.28
2371.88	6058.64
2370.6	5917.26
2369.31	5919.95
2368.03	5887.62
2366.74	6036.22
2365.46	5996.09
2364.17	5769.32
2362.89	5929.51
2361.6	5881.66
2360.31	5934.87
2359.03	5846.24
2357.74	5914.98
2356.45	5832.21
2355.17	5772.78
2353.88	5841.5
2352.59	5933.48
2351.3	5891.52
2350.01	5859.28
2348.72	5794.08
2347.43	5779.33
2346.15	5878.98
2344.86	5726.58
2343.57	5861.09
2342.28	5728.13
2340.99	5841.27
2339.69	5719.99
2338.4	5763.37
2337.11	5835.77
2335.82	5718.44
2334.53	5771.47
2333.24	5627.1
2331.95	5771.06
2330.65	5798.9
2329.36	5583.06
2328.07	5813.94
2326.77	5660.05
2325.48	5749.73
2324.19	5738.9
2322.89	5701.03
2321.6	5665.1
2320.3	5669.74
2319.01	5616.46
2317.71	5665.51
2316.42	5691.37
2315.12	5750.03
2313.83	5627.32
2312.53	5603.03
2311.23	5632.75
2309.94	5548.7
2308.64	5647.8
2307.34	5536.8
2306.05	5624.31
2304.75	5549.96
2303.45	5612.39
2302.15	5657.46
2300.85	5617.8
2299.55	5628.21
2298.25	5563.56
2296.96	5622.07
2295.66	5530.51
2294.36	5521.69
2293.06	5535.95
2291.76	5584.8
2290.45	5545.22
2289.15	5559.47
2287.85	5535.28
2286.55	5543.75
2285.25	5494.61
2283.95	5516.53
2282.65	5546.12
2281.34	5566.1
2280.04	5524.67
2278.74	5498.6
2277.43	5443.77
2276.13	5394.72
2274.83	5477.98
2273.52	5451.94
2272.22	5341.58
2270.91	5417.14
2269.61	5525.24
2268.3	5481.97
2267	5289.35
2265.69	5431.87
2264.39	5463.3
2263.08	5358.84
2261.77	5332.87
2260.47	5360.47
2259.16	5317.3
2257.85	5318.13
2256.54	5324.69
2255.24	5325.51
2253.93	5353.09
2252.62	5359.64
2251.31	5375.74
2250	5313.52
2248.69	5152.03
2247.38	5313.26
2246.07	5380.89
2244.76	5301.54
2243.45	5241.31
2242.14	5209.72
2240.83	5210.56
2239.52	5243.82
2238.21	5420.04
2236.9	5270.26
2235.59	5259.65
2234.27	5134.74
2232.96	5333.7
2231.65	5302.13
2230.34	5236.31
2229.02	5334.23
2227.71	5329.33
2226.4	5069.44
2225.08	5169.24
2223.77	5135.84
2222.45	5207.06
2221.14	5156.56
2219.82	5275.26
2218.51	5074.62
2217.19	5178.09
2215.88	5243.53
2214.56	5099.99
2213.24	5161.62
2211.93	5135.88
2210.61	5279.09
2209.29	5177.42
2207.97	5172.57
2206.66	5127.87
2205.34	5267.18
2204.02	5065.09
2202.7	5075.43
2201.38	5148.31
2200.06	5135.89
2198.74	5208.73
2197.42	5078.84
2196.1	5077.8
2194.78	5103.27
2193.46	5013.24
2192.14	5146.6
2190.82	5170.15
2189.5	5087.73
2188.18	5028.04
2186.86	4955.14
2185.54	4952.24
2184.21	5200.77
2182.89	5033.37
2181.57	5098.47
2180.24	5080.42
2178.92	4973.6
2177.6	4963.14
2176.27	4986.66
2174.95	5027.17
2173.62	4931.77
2172.3	4985.48
2170.97	4916.53
2169.65	5073.97
2168.32	4961.66
2167	4970.07
2165.67	5018.06
2164.34	4979.33
2163.02	4912.36
2161.69	4996.12
2160.36	4867.02
2159.04	5020.43
2157.71	4964.8
2156.38	4856.49
2155.05	4925.12
2153.72	4959.86
2152.39	4866.66
2151.06	4811.11
2149.74	4928.59
2148.41	4886.22
2147.08	5022.42
2145.75	4968.77
2144.41	4815.56
2143.08	4927.28
2141.75	4976.97
2140.42	5082.98
2139.09	4834.12
2137.76	4966.39
2136.43	4895.93
2135.09	4861.16
2133.76	4783.25
2132.43	4842.27
2131.09	4905.03
2129.76	4834.66
2128.43	4871.14
2127.09	4905.74
2125.76	4994.66
2124.42	4853.15
2123.09	4870.87
2121.75	4909.19
2120.42	4743.45
2119.08	4920.27
2117.75	4767.69
2116.41	4762.96
2115.07	4902.26
2113.74	4912.47
2112.4	4920.8
2111.06	4897.36
2109.72	4793.56
2108.38	4936.44
2107.05	4772.9
2105.71	4925.07
2104.37	4750.39
2103.03	4728.88
2101.69	4836.16
2100.35	4844.49
2099.01	4729.68
2097.67	4835.03
2096.33	4763.16
2094.99	4782.69
2093.65	4709
2092.31	4778.85
2090.97	4846.81
2089.62	4888.66
2088.28	4733.05
2086.94	4856.84
2085.6	4701.3
2084.25	4629.59
2082.91	4850.11
2081.57	4791.42
2080.22	4695.55
2078.88	4731.78
2077.53	4881.43
2076.19	4701.94
2074.84	4782.75
2073.5	4776.19
2072.15	4790.07
2070.81	4670.18
2069.46	4719.36
2068.12	4729.53
2066.77	4791.67
2065.42	4820.38
2064.08	4774.84
2062.73	4692.22
2061.38	4778.43
2060.03	4699.55
2058.68	4756.06
2057.34	4768.05
2055.99	4805.99
2054.64	4855.02
2053.29	4804
2051.94	4690.01
2050.59	4713.11
2049.24	4815.82
2047.89	4685.25
2046.54	4730.54
2045.19	4751.77
2043.83	4728.58
2042.48	4733.15
2041.13	4734.02
2039.78	4733.04
2038.43	4804.15
2037.07	4821.63
2035.72	4646.95
2034.37	4721.73
2033.01	4698.58
2031.66	4710.54
2030.31	4718.79
2028.95	4682.74
2027.6	4801.72
2026.24	4754.6
2024.89	4679.83
2023.53	4848.53
2022.17	4676.04
2020.82	4772.77
2019.46	4790.21
2018.11	4658.39
2016.75	4635.31
2015.39	4606.72
2014.03	4631.55
2012.68	4601.13
2011.32	4786.09
2009.96	4637.86
2008.6	4734.42
2007.24	4700.33
2005.88	4550.37
2004.52	4709.41
2003.16	4837.12
2001.8	4678.04
2000.44	4609.07
1999.08	4718.35
1997.72	4605.32
1996.36	4725.58
1995	4566.68
1993.64	4674.04
1992.27	4728.13
1990.91	4651.91
1989.55	4590.4
1988.19	4739.86
1986.82	4693.03
1985.46	4699.38
1984.1	4658.08
1982.73	4554.47
1981.37	4767.91
1980	4667.99
1978.64	4612.07
1977.27	4720.99
1975.91	4672.4
1974.54	4620.18
1973.18	4794.91
1971.81	4704.25
1970.44	4573.39
1969.08	4618.16
1967.71	4591.6
1966.34	4736.9
1964.97	4675.59
1963.61	4670.96
1962.24	4554.88
1960.87	4648.92
1959.5	4560.29
1958.13	4637.86
1956.76	4633.24
1955.39	4584.82
1954.02	4653.2
1952.65	4555.54
1951.28	4591.07
1949.91	4560.93
1948.54	4609.21
1947.17	4438.72
1945.8	4530.74
1944.42	4533.44
1943.05	4596.26
1941.68	4582.55
1940.31	4590.7
1938.93	4511.46
1937.56	4474.11
1936.19	4531.41
1934.81	4592.33
1933.44	4487.68
1932.06	4557.67
1930.69	4478.53
1929.31	4563.04
1927.94	4553
1926.56	4473.91
1925.18	4447.54
1923.81	4415.73
1922.43	4500.16
1921.05	4571.85
1919.68	4425.67
1918.3	4410.23
1916.92	4536.32
1915.54	4453.74
1914.17	4431.04
1912.79	4397.48
1911.41	4528.91
1910.03	4446.39
1908.65	4503.45
1907.27	4410.11
1905.89	4548.67
1904.51	4348.49
1903.13	4410.96
1901.75	4440.81
1900.37	4474.28
1898.99	4408.19
1897.6	4430.79
1896.22	4464.23
1894.84	4503.08
1893.46	4402.7
1892.07	4421.66
1890.69	4409.89
1889.31	4441.49
1887.92	4337.59
1886.54	4436.02
1885.15	4445.93
1883.77	4264.45
1882.38	4380.89
1881	4414.26
1879.61	4460.24
1878.23	4392.56
1876.84	4370
1875.46	4282.53
1874.07	4296.06
1872.68	4291.55
1871.29	4337.51
1869.91	4338.4
1868.52	4468.98
1867.13	4316.77
1865.74	4411.29
1864.35	4305.96
1862.96	4351.85
1861.57	4343.74
1860.19	4260.07
1858.8	4277.17
1857.4	4170.17
1856.01	4304.14
1854.62	4287.06
1853.23	4239.43
1851.84	4315.8
1850.45	4390.35
1849.06	4301.42
1847.67	4268.2
1846.27	4227.8
1844.88	4261.02
1843.49	4294.22
1842.09	4332.79
1840.7	4224.25
1839.31	4244.89
1837.91	4254.75
1836.52	4259.24
1835.12	4258.34
1833.73	4300.45
1832.33	4260.14
1830.93	4359.54
1829.54	4297.74
1828.14	4200.16
1826.75	4047.13
1825.35	4218.08
1823.95	4195.72
1822.55	4153.69
1821.16	4117.05
1819.76	4202.01
1818.36	4272.64
1816.96	4225.27
1815.56	4104.65
1814.16	4193.12
1812.76	4081.49
1811.36	4273.5
1809.96	4124.41
1808.56	4155.67
1807.16	4145.88
1805.76	4127.16
1804.36	4090.61
1802.96	4118.29
1801.56	4033.61
1800.15	4186.08
1798.75	4117.47
1797.35	4107.69
1795.94	4147.81
1794.54	4084.59
1793.14	4078.38
1791.73	4182.58
1790.33	4017.92
1788.92	4091.82
1787.52	4114.09
1786.11	4072.31
1784.71	4048.33
1783.3	4045.69
1781.9	4059.06
1780.49	4020.88
1779.08	4050.24
1777.68	4108.02
1776.27	4057.42
1774.86	4005.06
1773.45	4069.91
1772.05	4005.14
1770.64	4018.5
1769.23	4038.94
1767.82	4132.12
1766.41	4063.85
1765	4116.19
1763.59	4019.58
1762.18	4087.86
1760.77	4124.22
1759.36	4052.47
1757.95	4016.18
1756.54	4027.73
1755.12	3975.53
1753.71	4098.62
1752.3	4034.03
1750.89	3980.09
1749.47	3926.17
1748.06	3958.95
1746.65	4021.78
1745.23	3967.88
1743.82	4028.92
1742.4	4001.56
1740.99	3975.97
1739.58	4022.83
1738.16	3977.82
1736.74	3916.94
1735.33	3972.61
1733.91	3938.23
1732.5	3949.75
1731.08	4010.67
1729.66	3988.65
1728.24	3927.84
1726.83	4043.39
1725.41	3994.94
1723.99	3958.84
1722.57	4109.55
1721.15	4013.54
1719.73	4111.34
1718.31	3913.22
1716.89	3972.26
1715.47	3922.13
1714.05	3981.13
1712.63	3915.18
1711.21	3953.06
1709.79	3904.73
1708.37	3905.66
1706.95	3969.89
1705.52	3932.13
1704.1	3933.06
1702.68	3909.38
1701.26	3991.12
1699.83	3912.99
1698.41	3884.07
1696.98	4000.87
1695.56	3906.99
1694.14	3892.13
1692.71	3891.3
1691.28	3995.72
1689.86	3852.82
1688.43	3980
1687.01	3940.59
1685.58	3792.54
1684.15	3916.14
1682.73	3827.72
1681.3	3902.22
1679.87	3953.92
1678.44	3993.35
1677.02	3924.24
1675.59	3788.66
1674.16	3864.83
1672.73	3841.27
1671.3	3798.49
1669.87	3792.43
1668.44	3929.73
1667.01	3883.45
1665.58	3823.22
1664.15	3914.99
1662.72	3949.1
1661.28	3819.03
1659.85	3819.97
1658.42	3850.58
1656.99	3872.44
1655.55	3751.23
1654.12	3841.14
1652.69	3754.87
1651.25	3785.46
1649.82	3809.06
1648.39	3773.39
1646.95	3831.83
1645.52	3879.8
1644.08	3786.66
1642.64	3784.11
1641.21	3755.45
1639.77	3792.94
1638.34	3819.98
1636.9	3794.81
1635.46	3856.63
1634.02	3754.93
1632.59	3827.16
1631.15	3753.33
1629.71	3674.32
1628.27	3824.72
1626.83	3832.59
1625.39	3757.08
1623.95	3695.5
1622.51	3738.12
1621.07	3777.25
1619.63	3734.79
1618.19	3824.22
1616.75	3835.55
1615.31	3786.17
1613.87	3774.96
1612.43	3718.68
1610.98	3811.48
1609.54	3866.12
1608.1	3815.05
1606.66	3845.42
1605.21	3818.62
1603.77	3831.66
1602.32	3759.87
1600.88	3800.6
1599.43	3704.62
1597.99	3700.37
1596.54	3772.23
1595.1	3738.57
1593.65	3670.34
1592.21	3728.33
1590.76	3737.9
1589.31	3706
1587.86	3708.67
1586.42	3694.06
1584.97	3745.07
1583.52	3695.93
1582.07	3670.98
1580.62	3620.16
1579.17	3665.96
1577.72	3587.56
1576.28	3673.02
1574.83	3760.16
1573.37	3630.08
1571.92	3629.3
1570.47	3750.86
1569.02	3691.49
1567.57	3659.7
1566.12	3688.19
1564.67	3702.89
1563.21	3750.29
1561.76	3615.27
1560.31	3676.43
1558.85	3574.16
1557.4	3607.79
1555.95	3742.84
1554.49	3687.04
1553.04	3734.37
1551.58	3587.52
1550.13	3679.52
1548.67	3603.16
1547.21	3669.36
1545.76	3615.35
1544.3	3595.7
1542.84	3627.53
1541.39	3544.41
1539.93	3662
1538.47	3602.91
1537.01	3665.57
1535.56	3585.94
1534.1	3607.45
1532.64	3574.12
1531.18	3569.93
1529.72	3627.39
1528.26	3621.48
1526.8	3687.47
1525.34	3667.85
1523.88	3634.55
1522.42	3546.52
1520.95	3643.25
1519.49	3491.99
1518.03	3657.08
1516.57	3476.81
1515.1	3623.04
1513.64	3552.21
1512.18	3589.03
1510.71	3593.38
1509.25	3515.77
1507.79	3526.97
1506.32	3584.24
1504.86	3530.57
1503.39	3543.46
1501.92	3576.82
1500.46	3519.77
1498.99	3455.93
1497.53	3576.22
1496.06	3497.05
1494.59	3603.65
1493.12	3521.1
1491.66	3486.28
1490.19	3546.83
1488.72	3544.37
1487.25	3521.48
1485.78	3558.16
1484.31	3528.47
1482.84	3503.9
1481.37	3492.95
1479.9	3471.79
1478.43	3496.54
1476.96	3427.81
1475.49	3534.12
1474.02	3472.2
1472.54	3539.39
1471.07	3516.56
1469.6	3490.34
1468.13	3494.68
1466.65	3488.83
1465.18	3432.1
1463.71	3465.28
1462.23	3396.7
1460.76	3428.19
1459.28	3498.64
1457.81	3514.83
1456.33	3481.88
1454.86	3492.99
1453.38	3504.1
1451.9	3493.18
1450.43	3470.42
1448.95	3467.98
1447.47	3477.39
1445.99	3466.49
1444.52	3530.01
1443.04	3475.14
1441.56	3455.79
1440.08	3422.93
1438.6	3479.65
1437.12	3443.42
1435.64	3554.17
1434.16	3501.04
1432.68	3464.83
1431.2	3443.83
1429.72	3449.83
1428.24	3444.03
1426.75	3426.41
1425.27	3481.34
1423.79	3352.42
1422.31	3405.65
1420.82	3494.25
1419.34	3537.31
1417.86	3445.57
1416.37	3463.35
1414.89	3376.71
1413.4	3392.82
1411.92	3494.78
1410.43	3462.04
1408.95	3356.97
1407.46	3389.89
1405.97	3498.49
1404.49	3411.97
1403	3475.12
1401.51	3407.13
1400.03	3418.16
1398.54	3383.82
1397.05	3294.06
1395.56	3357.16
1394.07	3406.81
1392.58	3461.47
1391.09	3489.25
1389.6	3459.97
1388.11	3445.8
1386.62	3393.06
1385.13	3407.42
1383.64	3388.24
1382.15	3421.03
1380.66	3403.53
1379.17	3451.38
1377.67	3428.86
1376.18	3468.31
1374.69	3422.35
1373.19	3419.94
1371.7	3422.55
1370.21	3359.89
1368.71	3324.04
1367.22	3432.03
1365.72	3389.48
1364.23	3377.05
1362.73	3391.36
1361.23	3502.59
1359.74	3398.24
1358.24	3390.82
1356.74	3390.09
1355.25	3334.26
1353.75	3390.29
1352.25	3467.99
1350.75	3455.56
1349.25	3401.43
1347.76	3435.72
1346.26	3409.96
1344.76	3514.25
1343.26	3510.15
1341.76	3382.74
1340.26	3368.68
1338.75	3417.92
1337.25	3408.85
1335.75	3453.07
1334.25	3412.37
1332.75	3429.93
1331.25	3367.63
1329.74	3395.17
1328.24	3381.13
1326.74	3342.15
1325.23	3391.3
1323.73	3398.87
1322.22	3433.03
1320.72	3423.98
1319.21	3411.61
1317.71	3410.87
1316.2	3449.97
1314.7	3301.49
1313.19	3322.35
1311.68	3313.33
1310.18	3375.64
1308.67	3328.47
1307.16	3476.98
1305.65	3390.02
1304.14	3425.74
1302.63	3405.11
1301.13	3440.82
1299.62	3367.2
1298.11	3321.75
1296.6	3329.31
1295.09	3379.9
1293.58	3268.29
1292.06	3260.96
1290.55	3366.11
1289.04	3340.57
1287.53	3298.51
1286.02	3372.18
1284.5	3374.75
1282.99	3302.96
1281.48	3384.84
1279.96	3245.37
1278.45	3380.07
1276.94	3323.2
1275.42	3319.17
1273.91	3254.1
1272.39	3332.58
1270.87	3288.96
1269.36	3303.09
1267.84	3254.56
1266.33	3412.09
1264.81	3230.07
1263.29	3283.73
1261.77	3365.38
1260.26	3274.07
1258.74	3316.16
1257.22	3346.72
1255.7	3245.59
1254.18	3233.37
1252.66	3207.98
1251.14	3266.49
1249.62	3282.23
1248.1	3251.92
1246.58	3236.41
1245.06	3278.43
1243.54	3197.21
1242.01	3237.58
1240.49	3273
1238.97	3203.33
1237.45	3204.27
1235.92	3162.54
1234.4	3137.24
1232.88	3218.57
1231.35	3106.34
1229.83	3233.57
1228.3	3190.24
1226.78	3122.34
1225.25	3133.13
1223.72	3153.74
1222.2	3136.67
1220.67	3198.21
1219.14	3168.04
1217.62	3118.24
1216.09	3243.57
1214.56	3077.61
1213.03	3108.02
1211.5	3126.97
1209.98	3116.47
1208.45	3092.9
1206.92	3103.67
1205.39	3124.23
1203.86	3071.27
1202.33	3131.03
1200.79	3006.24
1199.26	3090.48
1197.73	3060.42
1196.2	3027.11
1194.67	3119.44
1193.13	3068.2
1191.6	3043.06
1190.07	3045.66
1188.53	3040.1
1187	3049.21
1185.47	3059.95
1183.93	2943.62
1182.4	2967.4
1180.86	2976.52
1179.33	2987.27
1177.79	2967.08
1176.25	2906.22
1174.72	2962.52
1173.18	2955.37
1171.64	3011.64
1170.1	2929.69
1168.57	2924.17
1167.03	2970.65
1165.49	2804.28
1163.95	2957.98
1162.41	2919.98
1160.87	2898.23
1159.33	2962.52
1157.79	2929.42
1156.25	2878.47
1154.71	2864.86
1153.17	2938.84
1151.63	3014.41
1150.08	2880.81
1148.54	2844.52
1147	2890.89
1145.46	2830.31
1143.91	2915.53
1142.37	2830.68
1140.82	2901.3
1139.28	2884.47
1137.73	2969.61
1136.19	2936.6
1134.64	2897.13
1133.1	2878.7
1131.55	2839.27
1130.01	2877.44
1128.46	2800.85
1126.91	2908.49
1125.36	2964.39
1123.82	2839.38
1122.27	2913.03
1120.72	2807.45
1119.17	2897.22
1117.62	2898.2
1116.07	2857.23
1114.52	2911.44
1112.97	2872.09
1111.42	2848.89
1109.87	2824.08
1108.32	2773.5
1106.77	2911.46
1105.22	2827.05
1103.66	2781.34
1102.11	2819.37
1100.56	2776.89
1099	2805.25
1097.45	2785.32
1095.9	2844.23
1094.34	2811.44
1092.79	2804.38
1091.23	2789.3
1089.68	2830.47
1088.12	2831.46
1086.56	2763.35
1085.01	2894.46
1083.45	2914.69
1081.89	2745.47
1080.34	2879.7
1078.78	2787.59
1077.22	2847.94
1075.66	2818.44
1074.1	2813.01
1072.54	2757.87
1070.98	2875.89
1069.43	2761.46
1067.86	2789.7
1066.3	2792.28
1064.74	2801.28
1063.18	2808.66
1061.62	2780.83
1060.06	2797.82
1058.5	2742.79
1056.93	2770.99
1055.37	2879.14
1053.81	2820.94
1052.24	2807.52
1050.68	2811.7
1049.12	2814.27
1047.55	2828.03
1045.99	2742.74
1044.42	2770.88
1042.85	2794.22
1041.29	2758.48
1039.72	2732.34
1038.16	2808.32
1036.59	2806.11
1035.02	2762.42
1033.45	2811.24
1031.88	2740.48
1030.32	2770.15
1028.75	2758.39
1027.18	2796.01
1025.61	2722.12
1024.04	2729.48
1022.47	2802.11
1020.9	2761.7
1019.33	2799.28
1017.76	2755.7
1016.18	2724.87
1014.61	2805.38
1013.04	2747.51
1011.47	2699.22
1009.89	2751.06
1008.32	2731.39
1006.75	2738.73
1005.17	2709.53
1003.6	2855.01
1002.02	2682.93
1000.45	2782.33
998.873	2830.9
997.297	2739.84
995.721	2788.41
994.145	2721.19
992.568	2669.85
990.991	2751.68
989.413	2747.9
987.835	2691.84
986.257	2732.42
984.678	2811
983.099	2753.38
981.52	2850.91
979.94	2848.69
978.36	2751.54
976.78	2733.53
975.199	2777.21
973.618	2631.12
972.037	2689.03
970.455	2667.89
968.873	2668.87
967.29	2728.31
965.707	2683.48
964.124	2687.62
962.541	2653.87
960.957	2676.96
959.373	2670.05
957.788	2588.99
956.203	2657.82
954.618	2750.27
953.032	2705.52
951.446	2668.66
949.86	2672.79
948.273	2639.11
946.686	2607.02
945.099	2697.78
943.511	2692.46
941.923	2628.89
940.334	2680.25
938.745	2676.5
937.156	2688.49
935.567	2631.27
933.977	2636.98
932.387	2746.44
930.796	2590.22
929.205	2654.07
927.614	2601.64
926.022	2679.59
924.43	2635.03
922.838	2617.17
921.245	2604.03
919.652	2608.16
918.058	2678.18
916.465	2630.52
914.87	2540.55
913.276	2604.26
911.681	2625.63
910.086	2632.88
908.49	2679.3
906.894	2561.21
905.298	2537.15
903.701	2639.93
902.104	2597.07
900.507	2601.19
898.909	2588.09
897.311	2485.82
895.713	2547.83
894.114	2531.63
892.515	2585.78
890.916	2480.48
889.316	2523.68
887.715	2535.62
886.115	2525.68
884.514	2537.61
882.913	2498.01
881.311	2552.08
879.709	2564
878.107	2455.77
876.504	2503.58
874.901	2510.81
873.298	2524.29
871.694	2519.05
870.09	2538.74
868.485	2519.48
866.88	2497.11
865.275	2474.74
863.669	2411.91
862.064	2470.52
860.457	2485.53
858.851	2526.99
857.244	2470.42
855.636	2514.97
854.028	2402.45
852.42	2516.96
850.812	2528.83
849.203	2550.02
847.594	2474.87
845.984	2449.47
844.375	2447.37
842.764	2491.84
841.154	2485.08
839.543	2388.31
837.931	2435.87
836.32	2415.16
834.708	2396.01
833.095	2494.7
831.482	2456.94
829.869	2389.75
828.256	2434.14
826.642	2453.74
825.028	2464.03
823.413	2378.31
821.798	2405.65
820.183	2480.94
818.567	2430.87
816.951	2478.28
815.335	2463.81
813.718	2440.06
812.101	2396.23
810.483	2415.78
808.865	2464.69
807.247	2420.88
805.629	2418.79
804.01	2361.11
802.39	2502.62
800.771	2424.88
799.151	2364.15
797.53	2379.05
795.91	2366.17
794.288	2405.74
792.667	2395.95
791.045	2457.07
789.423	2350.18
787.8	2304.97
786.177	2355.28
784.554	2356.3
782.93	2372.7
781.306	2376.79
779.682	2396.26
778.057	2323.4
776.432	2313.65
774.807	2331.59
773.181	2289.55
771.554	2381.27
769.928	2328.48
768.301	2311.05
766.674	2284.42
765.046	2314.62
763.418	2334.06
761.789	2327.4
760.161	2349.89
758.531	2287.98
756.902	2324.29
755.272	2280.82
753.642	2286.44
752.011	2261.39
750.38	2291.54
748.749	2294.09
747.117	2281.32
745.485	2279.27
743.852	2278.76
742.22	2347.14
740.586	2329.78
738.953	2274.16
737.319	2307.31
735.685	2340.44
734.05	2347.56
732.415	2322.56
730.779	2354.14
729.144	2274.14
727.507	2288.91
725.871	2338.8
724.234	2249.69
722.597	2342.33
720.959	2325.01
719.321	2365.69
717.683	2311.75
716.044	2273.09
714.405	2359.51
712.765	2255.29
711.126	2344.73
709.485	2388.4
707.845	2305.57
706.204	2306.58
704.563	2316.72
702.921	2358.83
701.279	2271.52
699.636	2296.88
697.993	2407.45
696.35	2333.88
694.707	2286.2
693.063	2299.37
691.419	2361.19
689.774	2363.69
688.129	2360.12
686.483	2400.61
684.838	2327.15
683.191	2291.7
681.545	2412.65
679.898	2360.49
678.251	2373.61
676.603	2392.8
674.955	2421.08
673.307	2296.17
671.658	2341.14
670.009	2322.42
668.359	2384.03
666.709	2310.76
665.059	2345.08
663.408	2402.1
661.757	2307.68
660.106	2341.98
658.454	2383.82
656.802	2336.38
655.15	2364.59
653.497	2338.34
651.844	2263.72
650.19	2222.38
648.536	2292.92
646.881	2274.27
645.227	2237.49
643.572	2301.93
641.916	2176.07
640.26	2124.25
638.604	2244.52
636.947	2174.59
635.29	2180.14
633.633	2128.36
631.975	2164.07
630.317	2083.67
628.659	2205.29
627	2136.97
625.34	2177.17
623.681	2105.88
622.021	2135.52
620.36	2136.54
618.7	2110.46
617.038	2144.6
615.377	2083.93
613.715	2104.51
612.053	2078.47
610.39	2105.06
608.727	2142.17
607.064	2065.03
605.4	2145.7
603.736	2053.58
602.071	2078.64
600.406	2037.63
598.741	2061.18
597.075	2087.73
595.409	2070.75
593.743	2044.78
592.076	2057.81
590.409	2037.85
588.741	2085.36
587.073	2068.4
585.405	2033.46
583.736	2044.98
582.067	2035.53
580.397	2074
578.728	2043.59
577.057	2052.1
575.387	2080.07
573.716	2066.13
572.044	2049.21
570.373	2017.34
568.7	2010.9
567.028	2110.59
565.355	1996.53
563.682	2021.47
562.008	2103.17
560.334	2092.24
558.66	2070.86
556.985	1983.81
555.31	2007.23
553.634	2053.03
551.958	2016.76
550.282	2050.6
548.605	2017.33
546.928	2021.34
545.25	1970.21
543.573	2084.49
541.894	2030.39
540.216	2043.33
538.537	1999.68
536.857	2040.91
535.178	2041.93
533.497	2029.56
531.817	2008.27
530.136	1966.17
528.455	2054.94
526.773	2000.95
525.091	2031.71
523.408	2050.56
521.725	1990.67
520.042	2000.61
518.359	2049.15
516.675	2004.15
514.99	2055.64
513.305	1905.3
511.62	1998.32
509.935	2005.28
508.249	2009.27
506.562	2042.91
504.876	2052.82
503.189	2044.94
501.501	2045.96
499.813	2041.05
498.125	1996.15
496.436	1998.66
494.747	1998.2
493.058	2011.06
491.368	2019.48
489.678	2019.02
487.987	1981.59
486.297	1964.87
484.605	1998.42
482.913	1974.31
481.221	2013.75
479.529	1979.32
477.836	1978.87
476.143	2015.32
474.449	1970.58
472.755	1976.03
471.061	1932.79
469.366	2003.15
467.67	1986.47
465.975	1882.81
464.279	1961.97
462.582	1936.47
460.886	2020.01
459.189	1954.73
457.491	1969.01
455.793	1980.34
454.095	1931.31
452.396	1924.98
450.697	1968.68
448.997	1985.88
447.298	1976.6
445.597	1995.26
443.897	1912.48
442.196	1941.44
440.494	1917.48
438.792	1949.36
437.09	1929.82
435.387	1935.25
433.684	1896.64
431.981	1953.44
430.277	1982.34
428.573	1952.54
426.868	1946.23
425.163	1923.79
423.458	1949.73
421.752	1897.99
420.046	1956.16
418.34	1917.62
416.633	1946.48
414.925	1941.64
413.218	1913.37
411.51	1870.49
409.801	1919.81
408.092	1855
406.383	1937.94
404.673	1892.17
402.963	1979.45
401.253	1946.84
399.542	1936.16
397.831	1922.57
396.119	1901.68
394.407	1966.95
392.694	1934.38
390.982	1919.34
389.268	1901.38
387.555	1892.19
385.841	1901.97
384.126	1940.9
382.411	1937.54
380.696	1935.64
378.981	1936.65
377.265	1956.6
375.548	1899.34
373.832	1926.57
372.114	1949.42
370.397	1909.67
368.679	1964.53
366.96	1892.79
365.242	1890.9
363.523	1915.18
361.803	1933.64
360.083	1925.93
358.363	1889.15
356.642	1884.36
354.921	1911.52
353.199	1902.37
351.477	1957.1
349.755	1929.07
348.032	1887.99
346.309	1922.38
344.586	1913.23
342.862	1966.44
341.137	1976.14
339.413	1888.71
337.688	1902.77
335.962	1967.53
334.236	1991.7
332.51	1933.31
330.783	1982.09
329.056	1993.21
327.328	1921.84
325.601	1940.2
323.872	1919.5
322.144	1997.15
320.414	1980.79
318.685	1978.88
316.955	1874.38
315.225	1980.86
313.494	2062.74
311.763	2026.16
310.031	1947.72
308.299	1996.35
306.567	1903.52
304.834	1975.23
303.101	1963.23
301.368	1972.87
299.634	1920.51
297.9	1946.01
296.165	1957.09
294.43	1966.72
292.694	1953.3
290.958	1928.37
289.222	1922.16
287.485	1888.61
285.748	1895.36
284.011	2012.91
282.273	1921.82
280.534	1873.91
278.795	1893.61
277.056	1903.23
275.317	1845.3
273.577	1905.22
271.836	1888.98
270.096	1865.56
268.355	1853.64
266.613	1894.84
264.871	1940.33
263.129	1908.31
261.386	1937.99
259.643	1875.88
257.899	1889.78
256.155	1797.6
254.411	1821.54
252.666	1846.91
250.921	1890.89
249.175	1910.5
247.429	1885.72
245.683	1876.69
243.936	1833.32
242.189	1867.23
240.441	1924.02
238.693	1919.28
236.944	1825.9
235.196	1871.22
233.446	1873.64
231.697	1937.5
229.947	1828.49
228.196	1895.18
226.445	1849.05
224.694	1901.44
222.942	1882.45
221.19	1859.18
219.437	1915.81
217.685	1886.84
215.931	1914.92
214.177	1964.36
212.423	1965.33
210.669	1913.58
208.914	1874.67
207.158	1868.54
205.403	1980.59
203.646	1894.72
201.89	1969.7
200.133	1862.53
